Frequency_Hz,Y11_Real,Y11_Imag,Y12_Real,Y12_Imag,Y21_Real,Y21_Imag,Y22_Real,Y22_Imag
0.1,0.322740257051219,-0.00335097223968625,-0.68771825716173,0.000528283745024043,-0.13368861608901,0.000528114018461904,-0.418107599318002,-7.98266663304403e-05
0.100693514841637,0.322740163652441,-0.00337423336177121,-0.687718572686389,0.0005319606196602,-0.133688750475504,0.00053178734460324,-0.418108496596465,-8.03355280386865e-05
0.10139183931163,0.322740068907139,-0.0033976562532925,-0.687718892583242,0.000535663268284513,-0.13368888671547,0.000535486370646512,-0.418109406305422,-8.08469839972854e-05
0.102095006765465,0.322739972795275,-0.00342124204546656,-0.687719216912602,0.00053939187535032,-0.133689024834231,0.000539211279501847,-0.418110328616259,-8.13610327085185e-05
0.102803050789954,0.322739875296495,-0.00344499187754648,-0.687719545735606,0.00054314662670835,-0.133689164857451,0.000542962255444729,-0.418111263702703,-8.18776722592632e-05
0.103516005204838,0.322739776390127,-0.00346890689688166,-0.687719879114226,0.000546927709618781,-0.133689306811137,0.000546739484127453,-0.418112211740852,-8.23969003097731e-05
0.104233904064403,0.322739676055171,-0.00349298825897781,-0.687720217111284,0.000550735312763569,-0.133689450721643,0.000550543152590688,-0.418113172909208,-8.2918714082187e-05
0.104956781659108,0.322739574270297,-0.0035172371275577,-0.687720559790455,0.000554569626258782,-0.133689596615676,0.000554373449275206,-0.418114147388707,-8.34431103487604e-05
0.105684672517218,0.322739471013837,-0.00354165467462213,-0.687720907216288,0.00055843084166713,-0.133689744520302,0.000558230564033673,-0.418115135362755,-8.39700854198544e-05
0.106417611406461,0.322739366263781,-0.00356624208051159,-0.687721259454209,0.000562319152010651,-0.133689894462946,0.000562114688142614,-0.418116137017254,-8.44996351316435e-05
0.10715563333568,0.32273925999777,-0.00359100053396837,-0.687721616570542,0.000566234751783488,-0.1336900464714,0.000566026014314479,-0.418117152540646,-8.50317548336116e-05
0.107898773556513,0.322739152193089,-0.00361593123219924,-0.687721978632511,0.000570177836964848,-0.133690200573826,0.000569964736709847,-0.418118182123937,-8.556643937567e-05
0.108647067565072,0.322739042826666,-0.00364103538093851,-0.68772234570826,0.000574148605032082,-0.133690356798765,0.000573931050949754,-0.418119225960736,-8.61036830951088e-05
0.109400551103639,0.322738931875056,-0.00366631419451174,-0.687722717866861,0.000578147254973934,-0.133690515175134,0.000577925154128149,-0.418120284247289,-8.6643479803146e-05
0.110159260162376,0.322738819314446,-0.00369176889590001,-0.687723095178328,0.00058217398730394,-0.133690675732238,0.000581947244824515,-0.418121357182512,-8.71858227712678e-05
0.11092323098104,0.322738705120639,-0.00371740071680452,-0.687723477713628,0.000586229004073915,-0.133690838499771,0.000585997523116559,-0.418122444968032,-8.7730704717251e-05
0.111692500050717,0.322738589269055,-0.00374321089771208,-0.687723865544698,0.000590312508887723,-0.133691003507821,0.000590076190593126,-0.418123547808215,-8.82781177908472e-05
0.112467104115564,0.322738471734716,-0.00376920068796074,-0.687724258744451,0.000594424706915059,-0.133691170786879,0.000594183450367174,-0.41812466591021,-8.88280535591562e-05
0.113247080174565,0.322738352492248,-0.0037953713458063,-0.687724657386795,0.000598565804905485,-0.133691340367838,0.000598319507088931,-0.41812579948398,-8.93805029917906e-05
0.114032465483296,0.322738231515867,-0.0038217241384892,-0.687725061546644,0.000602736011202594,-0.133691512282003,0.000602484566959196,-0.418126948742345,-8.99354564455022e-05
0.114823297555707,0.322738108779376,-0.00384826034230203,-0.68772547129993,0.00060693553575834,-0.133691686561094,0.000606678837742765,-0.418128113901014,-9.04929036487125e-05
0.115619614165913,0.322737984256155,-0.00387498124265764,-0.68772588672362,0.00061116459014752,-0.133691863237249,0.000610902528782022,-0.418129295178626,-9.10528336854899e-05
0.116421453349997,0.322737857919157,-0.00390188813415772,-0.687726307895727,0.000615423387582461,-0.133692042343037,0.000615155851010665,-0.418130492796792,-9.16152349793656e-05
0.117228853407829,0.322737729740895,-0.00392898232066209,-0.687726734895323,0.000619712142927822,-0.133692223911453,0.000619439016967592,-0.418131706980128,-9.21800952766762e-05
0.118041852904894,0.322737599693439,-0.00395626511535852,-0.687727167802556,0.000624031072715634,-0.133692407975931,0.000623752240810952,-0.418132937956299,-9.2747401629574e-05
0.118860490674132,0.322737467748408,-0.00398373784083311,-0.687727606698662,0.000628380395160439,-0.133692594570346,0.000628095738332312,-0.418134185956057,-9.33171403787215e-05
0.1196848058178,0.322737333876958,-0.0040114018291413,-0.687728051665983,0.000632760330174682,-0.133692783729023,0.000632469726971035,-0.418135451213285,-9.38892971355278e-05
0.120514837709331,0.322737198049778,-0.00403925842187952,-0.687728502787976,0.000637171099384241,-0.133692975486736,0.000636874425828772,-0.418136733965035,-9.4463856764055e-05
0.12135062599522,0.32273706023708,-0.00406730897025737,-0.687728960149231,0.000641612926144135,-0.133693169878721,0.000641310055684143,-0.41813803445157,-9.50408033625443e-05
0.122192210596917,0.322736920408588,-0.00409555483517055,-0.687729423835486,0.000646086035554444,-0.133693366940675,0.000645776839007579,-0.418139352916407,-9.56201202444891e-05
0.123039631712731,0.322736778533536,-0.00412399738727419,-0.687729893933643,0.000650590654476393,-0.13369356670877,0.000650274999976315,-0.418140689606362,-9.62017899193771e-05
0.123892929819754,0.32273663458065,-0.00415263800705709,-0.68773037053178,0.000655127011548658,-0.133693769219648,0.000654804764489574,-0.41814204477159,-9.6785794072924e-05
0.124752145675793,0.322736488518147,-0.00418147808491639,-0.687730853719171,0.000659695337203827,-0.133693974510438,0.000659366360183909,-0.418143418665629,-9.73721135470139e-05
0.125617320321316,0.322736340313722,-0.00421051902123294,-0.687731343586298,0.000664295863685084,-0.133694182618753,0.000663960016448724,-0.418144811545447,-9.79607283190451e-05
0.126488495081411,0.322736189934537,-0.00423976222644738,-0.687731840224867,0.000668928825063095,-0.133694393582702,0.000668585964441974,-0.418146223671485,-9.85516174809402e-05
0.127365711567764,0.322736037347217,-0.00426920912113679,-0.687732343727829,0.000673594457253079,-0.133694607440892,0.000673244437106027,-0.418147655307703,-9.91447592177813e-05
0.128249011680643,0.322735882517835,-0.00429886113609209,-0.687732854189389,0.000678292998032102,-0.133694824232436,0.000677935669183755,-0.418149106721625,-9.97401307857269e-05
0.129138437610901,0.322735725411901,-0.00432871971239598,-0.68773337170503,0.00068302468705657,-0.133695043996961,0.000682659897234728,-0.418150578184389,-0.000100337708489801
0.130034031841991,0.322735565994359,-0.00435878630150175,-0.687733896371522,0.000687789765879942,-0.133695266774609,0.000687417359651691,-0.418152069970788,-0.000100937467660892
0.130935837151994,0.322735404229569,-0.00438906236531258,-0.687734428286946,0.000692588477970645,-0.13369549260605,0.000692208296677155,-0.418153582359324,-0.000101539382632479
0.131843896615665,0.322735240081301,-0.00441954937626171,-0.687734967550707,0.000697421068730235,-0.133695721532481,0.000697032950420218,-0.418155115632253,-0.000102143426716786
0.132758253606487,0.322735073512721,-0.00445024881739313,-0.687735514263552,0.000702287785511737,-0.13369595359564,0.00070189156487357,-0.418156670075636,-0.000102749572180399
0.133678951798747,0.322734904486382,-0.00448116218244311,-0.687736068527589,0.000707188877638258,-0.133696188837806,0.000706784385930713,-0.418158245979385,-0.000103357790219395
0.134606035169616,0.322734732964214,-0.00451229097592247,-0.687736630446302,0.000712124596421811,-0.13369642730181,0.000711711661403346,-0.418159843637316,-0.000103968050933982
0.135539548001256,0.322734558907507,-0.00454363671319939,-0.687737200124573,0.000717095195182342,-0.133696669031039,0.000716673641038995,-0.418161463347199,-0.000104580323302537
0.136479534882933,0.322734382276906,-0.0045752009205831,-0.687737777668695,0.000722100929267035,-0.133696914069444,0.000721670576538814,-0.41816310541081,-0.000105194575155128
0.137426040713143,0.322734203032395,-0.00460698513540839,-0.687738363186396,0.000727142056069843,-0.133697162461547,0.000726702721575645,-0.418164770133981,-0.000105810773146489
0.138379110701763,0.322734021133285,-0.00463899090612055,-0.687738956786855,0.000732218835051254,-0.133697414252445,0.000731770331812221,-0.418166457826653,-0.000106428882728368
0.139338790372205,0.322733836538202,-0.00467121979236143,-0.687739558580718,0.000737331527758314,-0.133697669487821,0.000736873664919649,-0.418168168802931,-0.000107048868121393
0.140305125563594,0.322733649205077,-0.00470367336505604,-0.687740168680123,0.000742480397844875,-0.133697928213948,0.000742012980596092,-0.418169903381137,-0.000107670692286198
0.141278162432955,0.322733459091126,-0.00473635320649997,-0.687740787198714,0.000747665711092169,-0.133698190477697,0.000747188540585655,-0.41817166188386,-0.000108294316894117
0.14225794745742,0.322733266152843,-0.00476926091044752,-0.687741414251665,0.00075288773542952,-0.133698456326546,0.000752400608697516,-0.41817344463802,-0.000108919702297081
0.143244527436446,0.322733070345986,-0.00480239808220088,-0.687742049955695,0.000758146740955453,-0.13369872580858,0.000757649450825295,-0.418175251974916,-0.000109546807497099
0.14423794949405,0.32273287162556,-0.00483576633869972,-0.687742694429094,0.000763442999958976,-0.133698998972509,0.00076293533496663,-0.418177084230283,-0.000110175590114787
0.145238261081064,0.322732669945803,-0.00486936730861188,-0.687743347791736,0.000768776786941152,-0.133699275867666,0.000768258531243004,-0.418178941744355,-0.000110806006357649
0.146245509977397,0.322732465260177,-0.0049032026324247,-0.687744010165106,0.00077414837863697,-0.133699556544019,0.000773619311919818,-0.418180824861916,-0.000111438010987265
0.147259744294318,0.322732257521345,-0.00493727396253733,-0.687744681672317,0.000779558054037495,-0.133699841052177,0.000779017951426704,-0.41818273393236,-0.000112071557286132
0.148281012476756,0.322732046681163,-0.00497158296335369,-0.687745362438133,0.000785006094412241,-0.133700129443397,0.000784454726378065,-0.418184669309752,-0.000112706597023615
0.149309363305612,0.32273183269066,-0.00500613131137639,-0.68774605258899,0.00079049278333194,-0.133700421769593,0.000789929915593893,-0.418186631352887,-0.000113343080421276
0.150344845900091,0.322731615500025,-0.00504092069530148,-0.687746752253014,0.000796018406691471,-0.133700718083343,0.000795443800120835,-0.418188620425349,-0.000113980956117435
0.151387509720044,0.32273139505859,-0.00507595281611401,-0.687747461560048,0.000801583252733233,-0.133701018437895,0.000800996663253504,-0.418190636895573,-0.000114620171131015
0.152437404568337,0.322731171314814,-0.00511122938718445,-0.687748180641671,0.000807187612070661,-0.133701322887177,0.000806588790556061,-0.418192681136905,-0.000115260670824645
0.153494580593225,0.322730944216265,-0.00514675213436613,-0.687748909631221,0.000812831777712176,-0.133701631485804,0.000812220469884065,-0.41819475352767,-0.00011590239886701
0.154559088290748,0.322730713709605,-0.00518252279609329,-0.687749648663816,0.000818516045085402,-0.133701944289083,0.000817891991406593,-0.418196854451226,-0.000116545297194313
0.155630978507143,0.322730479740571,-0.00521854312348033,-0.68775039787638,0.000824240712061653,-0.133702261353028,0.000823603647628624,-0.418198984296037,-0.000117189305971127
0.156710302441275,0.322730242253957,-0.00525481488042171,-0.687751157407662,0.000830006078980827,-0.13370258273436,0.000829355733413721,-0.418201143455732,-0.000117834363550215
0.15779711164708,0.322730001193598,-0.00529133984369295,-0.687751927398264,0.000835812448676542,-0.133702908490518,0.000835148546006961,-0.418203332329171,-0.000118480406431747
0.158891458036027,0.322729756502348,-0.0053281198030524,-0.68775270799066,0.000841660126501683,-0.133703238679669,0.000840982385058209,-0.418205551320514,-0.000119127369221442
0.159993393879601,0.322729508122066,-0.00536515656134406,-0.687753499329222,0.000847549420354185,-0.133703573360716,0.000846857552645602,-0.418207800839283,-0.000119775184588063
0.161102971811794,0.32272925599359,-0.00540245193460125,-0.687754301560243,0.000853480640703229,-0.1337039125933,0.000852774353299402,-0.418210081300434,-0.000120423783219928
0.162220244831628,0.322729000056724,-0.00544000775215134,-0.687755114831965,0.000859454100615812,-0.133704256437818,0.00085873309402612,-0.418212393124422,-0.000121073093780427
0.163345266305675,0.322728740250212,-0.00547782585672131,-0.687755939294599,0.000865470115783572,-0.133704604955422,0.000864734084332923,-0.418214736737274,-0.00012172304286287
0.164478089970617,0.322728476511721,-0.00551590810454438,-0.687756775100351,0.000871529004550023,-0.133704958208035,0.000870777636252394,-0.418217112570652,-0.000122373554944211
0.165618769935804,0.32272820877782,-0.00555425636546761,-0.68775762240345,0.000877631087938176,-0.133705316258355,0.000876864064367555,-0.41821952106193,-0.000123024552337828
0.166767360685846,0.322727936983956,-0.00559287252306044,-0.687758481360169,0.000883776689678472,-0.133705679169862,0.000882993685837257,-0.418221962654263,-0.000123675955145487
0.167923917083208,0.322727661064434,-0.00563175847472427,-0.687759352128855,0.000889966136237139,-0.133706047006832,0.00088916682042185,-0.418224437796658,-0.000124327681208146
0.169088494370839,0.322727380952393,-0.00567091613180313,-0.687760234869954,0.000896199756844905,-0.133706419834342,0.000895383790509212,-0.418226946944048,-0.000124979646055852
0.170261148174801,0.322727096579786,-0.00571034741969521,-0.687761129746034,0.000902477883526067,-0.133706797718277,0.000901644921141093,-0.418229490557365,-0.000125631762856585
0.171441934506935,0.322726807877351,-0.00575005427796549,-0.687762036921817,0.000908800851128017,-0.133707180725344,0.000907950540039787,-0.418232069103614,-0.000126283942364115
0.172630909767531,0.322726514774594,-0.00579003866045959,-0.687762956564202,0.000915168997351112,-0.133707568923075,0.000914300977635189,-0.41823468305595,-0.000126936092864648
0.173828130748022,0.322726217199758,-0.00583030253541842,-0.687763888842292,0.000921582662778957,-0.13370796237984,0.00092069656709215,-0.418237332893751,-0.000127588120122549
0.1750336546337,0.322725915079805,-0.005870847885594,-0.687764833927426,0.000928042190909127,-0.133708361164853,0.0009271376443382,-0.418240019102699,-0.0001282399273249
0.176247539006444,0.322725608340381,-0.00591167670836644,-0.687765791993202,0.000934547928184251,-0.133708765348181,0.000933624548091648,-0.418242742174852,-0.000128891415024882
0.177469841847474,0.322725296905799,-0.00595279101586187,-0.687766763215505,0.000941100224023573,-0.133709175000758,0.00094015761989002,-0.418245502608726,-0.000129542481084106
0.178700621540116,0.322724980699009,-0.00599419283507164,-0.687767747772541,0.000947699430854898,-0.133709590194385,0.000946737204118883,-0.418248300909376,-0.000130193020613692
0.179939936872594,0.322724659641567,-0.00603588420797245,-0.687768745844859,0.000954345904147023,-0.133710011001746,0.000953363648041036,-0.418251137588469,-0.000130842925914122
0.181187847040838,0.322724333653613,-0.00607786719164775,-0.687769757615386,0.000961040002442522,-0.133710437496417,0.000960037301826069,-0.418254013164372,-0.000131492086414102
0.182444411651309,0.322724002653841,-0.00612014385841025,-0.687770783269449,0.000967782087391091,-0.13371086975287,0.00096675851858034,-0.418256928162231,-0.000132140388607871
0.183709690723849,0.322723666559464,-0.00616271629592544,-0.687771822994814,0.000974572523783281,-0.133711307846485,0.000973527654377295,-0.41825988311405,-0.000132787715991449
0.184983744694544,0.322723325286195,-0.00620558660733662,-0.687772876981707,0.000981411679584685,-0.133711751853563,0.000980345068288251,-0.418262878558782,-0.000133433948997612
0.186266634418617,0.322722978748206,-0.0062487569113906,-0.68777394542285,0.000988299925970625,-0.133712201851327,0.000987211122413492,-0.418265915042404,-0.000134078964929445
0.187558421173328,0.322722626858105,-0.00629222934256507,-0.687775028513489,0.000995237637361333,-0.133712657917938,0.000994126181913872,-0.418268993118009,-0.000134722637892583
0.188859166660905,0.322722269526899,-0.00633600605119691,-0.687776126451428,0.00100222519145754,-0.133713120132503,0.00100109061504276,-0.418272113345887,-0.000135364838726178
0.190168933011491,0.322721906663963,-0.00638008920361169,-0.687777239437055,0.00100926296927665,-0.133713588575081,0.00100810479317843,-0.418275276293616,-0.000136005434932446
0.191487782786108,0.322721538177009,-0.0064244809822546,-0.687778367673378,0.00101635135518933,-0.133714063326696,0.00101516909085689,-0.418278482536144,-0.000136644290604761
0.192815778979652,0.322721163972049,-0.00646918358582234,-0.687779511366055,0.0010234907369567,-0.133714544469345,0.00102228388580514,-0.418281732655883,-0.000137281266354282
0.194152985023894,0.322720783953362,-0.0065141992293965,-0.687780670723426,0.00103068150576792,-0.133715032086007,0.00102944955897484,-0.418285027242793,-0.000137916219235215
0.195499464790516,0.322720398023459,-0.00655953014457813,-0.687781845956548,0.00103792405627839,-0.133715526260652,0.00103666649457647,-0.418288366894476,-0.000138549002668645
0.196855282594159,0.322720006083044,-0.00660517857962342,-0.687783037279224,0.00104521878664848,-0.133716027078252,0.0010439350801139,-0.418291752216264,-0.000139179466364492
0.198220503195496,0.322719608030982,-0.00665114679958097,-0.687784244908038,0.00105256609858271,-0.133716534624791,0.00105125570641947,-0.418295183821311,-0.00013980745624248
0.199595191804325,0.322719203764257,-0.00669743708643011,-0.687785469062391,0.00105996639736958,-0.133717048987269,0.00105862876768948,-0.418298662330685,-0.000140432814350902
0.200979414082682,0.322718793177933,-0.00674405173922058,-0.687786709964529,0.0010674200919219,-0.133717570253719,0.00106605466152021,-0.418302188373466,-0.000141055378784366
0.202373236147981,0.322718376165118,-0.00679099307421371,-0.687787967839583,0.00107492759481768,-0.133718098513211,0.00107353378894433,-0.418305762586832,-0.00014167498359953
0.203776724576168,0.322717952616921,-0.00683826342502468,-0.6877892429156,0.00108248932234163,-0.133718633855865,0.00108106655446795,-0.418309385616162,-0.000142291458729231
0.205189946404906,0.322717522422413,-0.0068858651427663,-0.687790535423579,0.00109010569452718,-0.133719176372856,0.00108865336610797,-0.418313058115125,-0.000142904629895108
0.206612969136771,0.32271708546858,-0.00693380059619416,-0.687791845597507,0.00109777713519915,-0.133719726156429,0.00109629463543014,-0.418316780745781,-0.000143514318518133
0.208045860742482,0.322716641640286,-0.00698207217185304,-0.687793173674391,0.00110550407201699,-0.133720283299905,0.00110399077758741,-0.418320554178678,-0.000144120341627925
0.209488689664142,0.322716190820224,-0.00703068227422477,-0.6877945198943,0.00111328693651861,-0.133720847897689,0.00111174221135899,-0.41832437909295,-0.000144722511769689
0.210941524818514,0.322715732888874,-0.00707963332587769,-0.687795884500394,0.00112112616416485,-0.133721420045284,0.00111954935918982,-0.418328256176413,-0.000145320636909786
0.212404435600306,0.322715267724455,-0.00712892776761707,-0.687797267738967,0.00112902219438456,-0.133721999839297,0.0011274126472306,-0.418332186125672,-0.000145914520339116
0.21387749188549,0.322714795202879,-0.0071785680586375,-0.687798669859478,0.00113697547062035,-0.133722587377448,0.00113533250537839,-0.418336169646214,-0.000146503960574862
0.215360764034637,0.322714315197702,-0.00722855667667625,-0.687800091114594,0.00114498644037488,-0.133723182758583,0.00114330936731765,-0.418340207452516,-0.000147088751260238
0.21685432289628,0.322713827580076,-0.00727889611816851,-0.687801531760223,0.001153055555258,-0.133723786082678,0.00115134367056203,-0.418344300268144,-0.000147668681062134
0.218358239810298,0.322713332218697,-0.00732958889840376,-0.687802992055553,0.00116118327103426,-0.133724397450855,0.00115943585649648,-0.418348448825857,-0.00014824353356703
0.21987258661132,0.322712828979754,-0.00738063755168381,-0.687804472263092,0.00116937004767144,-0.133725016965383,0.00116758637042015,-0.418352653867712,-0.000148813087174647
0.22139743563216,0.322712317726878,-0.00743204463148231,-0.687805972648704,0.00117761634938945,-0.133725644729695,0.00117579566158972,-0.418356916145168,-0.0001493771149896
0.222932859707273,0.322711798321086,-0.00748381271060574,-0.687807493481649,0.00118592264471011,-0.133726280848392,0.00118406418326336,-0.418361236419192,-0.0001499353847111
0.224478932176229,0.322711270620725,-0.00753594438135596,-0.687809035034625,0.00119428940650756,-0.133726925427256,0.00119239239274536,-0.418365615460368,-0.000150487658520299
0.22603572688722,0.322710734481422,-0.00758844225569425,-0.687810597583801,0.00120271711205942,-0.133727578573253,0.00120078075143119,-0.418370054048999,-0.000151033692965513
0.227603318200585,0.322710189756017,-0.00764130896540705,-0.687812181408863,0.0012112062430986,-0.133728240394549,0.00120922972485337,-0.418374552975222,-0.000151573238845411
0.229181780992365,0.322709636294514,-0.007694547162273,-0.687813786793053,0.00121975728586594,-0.133728911000516,0.00121773978272782,-0.418379113039109,-0.000152106041089693
0.230771190657875,0.322709073944011,-0.00774815951823189,-0.687815414023206,0.00122837073116356,-0.133729590501739,0.00122631139900091,-0.418383735050787,-0.000152631838637611
0.23237162311531,0.322708502548649,-0.00780214872555491,-0.687817063389795,0.00123704707440889,-0.133730279010026,0.00123494505189708,-0.418388419830536,-0.000153150364314167
0.233983154809368,0.32270792194954,-0.00785651749701668,-0.687818735186971,0.00124578681568959,-0.133730976638419,0.0012436412239672,-0.418393168208914,-0.000153661344703855
0.235605862714901,0.322707331984708,-0.00791126856606885,-0.687820429712605,0.00125459045981909,-0.133731683501199,0.00125240040213748,-0.418397981026857,-0.000154164500022175
0.237239824340596,0.32270673248902,-0.00796640468701536,-0.687822147268327,0.00126345851639311,-0.133732399713896,0.00126122307775914,-0.4184028591358,-0.000154659543984324
0.238885117732672,0.322706123294125,-0.0080219286351893,-0.687823888159573,0.00127239149984685,-0.133733125393298,0.00127010974665871,-0.418407803397784,-0.000155146183671816
0.240541821478611,0.322705504228376,-0.00807784320713148,-0.687825652695624,0.00128138992951294,-0.133733860657458,0.00127906090918896,-0.418412814685579,-0.000155624119396236
0.242210014710909,0.322704875116767,-0.00813415122077065,-0.687827441189651,0.00129045432968037,-0.133734605625704,0.00128807707028064,-0.418417893882787,-0.000156093044560657
0.24388977711086,0.322704235780859,-0.00819085551560535,-0.687829253958757,0.00129958522965413,-0.133735360418643,0.00129715873949479,-0.418423041883971,-0.000156552645518115
0.24558118891236,0.322703586038708,-0.00824795895288764,-0.687831091324021,0.00130878316381575,-0.133736125158175,0.00130630643107586,-0.418428259594759,-0.000157002601427828
0.247284330905736,0.322702925704785,-0.00830546441580837,-0.687832953610542,0.00131804867168464,-0.133736899967493,0.00131552066400552,-0.418433547931971,-0.000157442584108228
0.24899928444161,0.322702254589904,-0.00836337480968408,-0.687834841147483,0.00132738229798035,-0.133737684971098,0.00132480196205715,-0.41843890782373,-0.000157872257887638
0.250726131434783,0.322701572501145,-0.00842169306214605,-0.687836754268116,0.00133678459268569,-0.133738480294803,0.00133415085385114,-0.418444340209583,-0.000158291279451855
0.252464954368146,0.322700879241768,-0.00848042212333067,-0.687838693309867,0.00134625611111078,-0.133739286065738,0.00134356787291091,-0.41844984604062,-0.00015869929768899
0.254215836296621,0.322700174611134,-0.00853956496607171,-0.68784065861436,0.00135579741395785,-0.133740102412362,0.00135305355771963,-0.418455426279594,-0.000159095953531481
0.25597886085113,0.322699458404624,-0.00859912458609445,-0.687842650527465,0.00136540906738718,-0.133740929464465,0.00136260845177785,-0.418461081901037,-0.000159480879794824
0.257754112242586,0.322698730413546,-0.00865910400221158,-0.687844669399341,0.00137509164308385,-0.133741767353177,0.00137223310366174,-0.418466813891389,-0.00015985370101388
0.259541675265918,0.322697990425056,-0.00871950625652074,-0.687846715584484,0.00138484571832535,-0.133742616210977,0.00138192806708223,-0.418472623249109,-0.000160214033275333
0.261341635304121,0.322697238222062,-0.00878033441460401,-0.687848789441772,0.00139467187605026,-0.133743476171694,0.00139169390094492,-0.418478510984807,-0.00016056148404793
0.263154078332332,0.322696473583134,-0.00884159156572929,-0.687850891334514,0.00140457070492793,-0.133744347370514,0.00140153116941076,-0.418484478121357,-0.000160895652008802
0.26497909092194,0.322695696282413,-0.00890328082305321,-0.687853021630494,0.00141454279942901,-0.133745229943991,0.0014114404419576,-0.418490525694026,-0.000161216126867009
0.266816760244719,0.322694906089511,-0.00896540532382632,-0.687855180702022,0.00142458875989697,-0.133746124030047,0.00142142229344255,-0.418496654750597,-0.000161522489183788
0.268667174076992,0.322694102769416,-0.0090279682295996,-0.687857368925979,0.00143470919262083,-0.133747029767978,0.00143147730416514,-0.418502866351489,-0.000161814310189218
0.270530420803823,0.322693286082391,-0.00909097272643339,-0.687859586683864,0.00144490470990861,-0.13374794729846,0.00144160605993138,-0.418509161569883,-0.000162091151595933
0.27240658942324,0.322692455783871,-0.00915442202510772,-0.687861834361848,0.00145517593016201,-0.133748876763556,0.00145180915211867,-0.418515541491847,-0.000162352565409071
0.274295769550488,0.32269161162436,-0.00921831936133477,-0.687864112350813,0.00146552347795209,-0.133749818306715,0.00146208717774154,-0.418522007216461,-0.000162598093732813
0.276198051422303,0.322690753349323,-0.00928266799597331,-0.687866421046411,0.00147594798409604,-0.13375077207278,0.00147244073951832,-0.418528559855941,-0.000162827268573751
0.278113525901229,0.322689880699075,-0.0093474712152445,-0.687868760849106,0.0014864500857348,-0.133751738207992,0.00148287044593863,-0.418535200535766,-0.000163039611640006
0.280042284479955,0.322688993408673,-0.00941273233095048,-0.687871132164225,0.00149703042641214,-0.133752716859991,0.00149337691133187,-0.418541930394801,-0.000163234634137352
0.281984419285683,0.322688091207798,-0.00947845468069397,-0.687873535402009,0.00150768965615446,-0.133753708177821,0.00150396075593651,-0.418548750585429,-0.000163411836561295
0.283940023084533,0.322687173820642,-0.00954464162810031,-0.687875970977661,0.00151842843155197,-0.13375471231193,0.00151462260597041,-0.418555662273667,-0.000163570708485397
0.285909189285972,0.322686240965784,-0.00961129656304143,-0.6878784393114,0.0015292474158408,-0.133755729414178,0.00152536309370194,-0.418562666639302,-0.000163710728346061
0.287892011947275,0.322685292356072,-0.00967842290186145,-0.687880940828503,0.00154014727898642,-0.133756759637832,0.00153618285752219,-0.418569764876015,-0.000163831363223024
0.289888585778017,0.322684327698496,-0.00974602408760443,-0.687883475959367,0.00155112869776803,-0.133757803137572,0.00154708254201799,-0.418576958191504,-0.000163932068616424
0.291899006144599,0.32268334669406,-0.00981410359024415,-0.687886045139548,0.00156219235586428,-0.133758860069492,0.00155806279804601,-0.418584247807614,-0.000164012288219356
0.293923369074803,0.322682349037655,-0.00988266490691552,-0.687888648809821,0.00157333894394,-0.133759930591097,0.00156912428280776,-0.418591634960461,-0.000164071453686798
0.295961771262377,0.32268133441792,-0.00995171156214816,-0.687891287416226,0.00158456915973428,-0.133761014861308,0.00158026765992558,-0.418599120900563,-0.00016410898440028
0.298014310071653,0.322680302517112,-0.0100212471081021,-0.687893961410123,0.00159588370814966,-0.133762113040459,0.00159149359951966,-0.418606706892963,-0.000164124287228298
0.300081083542203,0.322679253010964,-0.0100912751248048,-0.687896671248241,0.0016072833013425,-0.133763225290297,0.00160280277828603,-0.418614394217356,-0.000164116756282584
0.302162190393513,0.32267818556854,-0.0101617992203913,-0.687899417392729,0.00161876865881471,-0.133764351773979,0.00161419587957557,-0.418622184168215,-0.000164085772670172
0.304257730029708,0.322677099852095,-0.0102328230313446,-0.687902200311211,0.00163034050750663,-0.133765492656075,0.00162567359347407,-0.418630078054918,-0.000164030704240981
0.306367802544292,0.322675995516922,-0.0103043502227399,-0.687905020476837,0.00164199958189114,-0.13376664810256,0.00163723661688327,-0.418638077201875,-0.000163950905330973
0.308492508724934,0.322674872211203,-0.0103763844884893,-0.687907878368335,0.00165374662406913,-0.133767818280814,0.00164888565360302,-0.418646182948648,-0.000163845716500952
0.31063195005828,0.322673729575851,-0.0104489295515894,-0.687910774470062,0.00166558238386623,-0.13376900335962,0.00166062141441442,-0.418654396650084,-0.000163714464270714
0.312786228734801,0.322672567244355,-0.0105219891643702,-0.687913709272059,0.00167750761893077,-0.133770203509155,0.00167244461716406,-0.418662719676435,-0.000163556460848716
0.314955447653674,0.322671384842613,-0.0105955671087464,-0.687916683270103,0.00168952309483314,-0.133771418900992,0.00168435598684936,-0.41867115341348,-0.000163371003856855
0.317139710427697,0.322670181988772,-0.0106696671964705,-0.687919696965759,0.00170162958516643,-0.133772649708089,0.00169635625570492,-0.418679699262656,-0.000163157376050854
0.319339121388238,0.322668958293055,-0.0107442932693881,-0.687922750866434,0.00171382787164843,-0.133773896104786,0.00170844616329009,-0.418688358641172,-0.000162914845035431
0.321553785590219,0.322667713357588,-0.0108194491996941,-0.687925845485429,0.00172611874422496,-0.133775158266798,0.00172062645657748,-0.418697132982142,-0.000162642662974999
0.323783808817133,0.322666446776224,-0.0108951388901926,-0.687928981341994,0.00173850300117462,-0.133776436371206,0.00173289789004273,-0.418706023734695,-0.000162340066299158
0.326029297586097,0.322665158134367,-0.010971366274557,-0.687932158961378,0.00175098144921477,-0.133777730596453,0.00174526122575531,-0.418715032364105,-0.000162006275403415
0.328290359152942,0.322663847008777,-0.0110481353175931,-0.687935378874887,0.00176355490360915,-0.13377904112233,0.00175771723347052,-0.418724160351907,-0.000161640494344611
0.330567101517332,0.322662512967393,-0.0111254500155035,-0.687938641619932,0.0017762241882767,-0.133780368129969,0.00177026669072256,-0.418733409196018,-0.000161241910531365
0.332859633427924,0.322661155569132,-0.0112033143961547,-0.687941947740087,0.00178899013590188,-0.133781711801834,0.00178291038291881,-0.418742780410854,-0.000160809694409458
0.335168064387565,0.322659774363699,-0.0112817325193448,-0.68794529778514,0.00180185358804636,-0.133783072321706,0.00179564910343526,-0.418752275527445,-0.000160342999141541
0.337492504658521,0.322658368891379,-0.0113607084770741,-0.687948692311146,0.00181481539526233,-0.133784449874676,0.00180848365371304,-0.418761896093557,-0.000159840960282084
0.339833065267741,0.322656938682839,-0.0114402463938176,-0.687952131880482,0.00182787641720705,-0.133785844647128,0.00182141484335627,-0.418771643673798,-0.000159302695446409
0.342189858012163,0.322655483258913,-0.0115203504267984,-0.687955617061901,0.00184103752275891,-0.133787256826726,0.0018344434902309,-0.418781519849742,-0.000158727303974593
0.344562995464054,0.32265400213039,-0.0116010247662638,-0.687959148430582,0.00185429959013522,-0.133788686602399,0.00184757042056497,-0.41879152622003,-0.000158113866589732
0.346952590976386,0.322652494797796,-0.011682273635763,-0.687962726568187,0.00186766350701114,-0.133790134164328,0.00186079646904983,-0.418801664400489,-0.00015746144505073
0.349358758688252,0.32265096075117,-0.0117641012924261,-0.687966352062913,0.00188113017064031,-0.133791599703926,0.00187412247894278,-0.418811936024236,-0.000156769081799096
0.351781613530314,0.322649399469835,-0.0118465120272459,-0.687970025509544,0.00189470048797703,-0.133793083413823,0.00188754930217076,-0.418822342741788,-0.000156035799600635
0.354221271230298,0.322647810422166,-0.0119295101653598,-0.687973747509506,0.0019083753757999,-0.133794585487844,0.00190107779943539,-0.418832886221166,-0.000155260601180596
0.356677848318515,0.322646193065352,-0.0120131000663355,-0.687977518670919,0.00192215576083695,-0.133796106120991,0.00191470884031914,-0.418843568147998,-0.000154442468853655
0.359151462133436,0.322644546845154,-0.0120972861244563,-0.687981339608651,0.00193604257989247,-0.133797645509425,0.00192844330339281,-0.418854390225624,-0.000153580364147518
0.361642230827288,0.322642871195655,-0.0121820727690095,-0.687985210944369,0.00195003677997531,-0.133799203850438,0.00194228207632418,-0.41886535417519,-0.000152673227420769
0.364150273371703,0.32264116553901,-0.0122674644645759,-0.687989133306593,0.00196413931842872,-0.133800781342434,0.00195622605598799,-0.418876461735754,-0.00015171997747461
0.366675709563398,0.322639429285183,-0.0123534657113208,-0.687993107330748,0.00197835116306193,-0.133802378184904,0.00197027614857709,-0.418887714664371,-0.000150719511158345
0.369218660029898,0.322637661831688,-0.0124400810452865,-0.687997133659217,0.00199267329228311,-0.1338039945784,0.00198443326971487,-0.418899114736195,-0.000149670702969118
0.371779246235299,0.322635862563315,-0.0125273150386871,-0.688001212941391,0.00200710669523416,-0.133805630724506,0.00199869834456902,-0.418910663744563,-0.000148572404644873
0.374357590486067,0.32263403085186,-0.0126151723002035,-0.688005345833723,0.00202165237192695,-0.133807286825814,0.00201307230796643,-0.418922363501085,-0.000147423444751354
0.376953815936883,0.322632166055838,-0.0127036574752809,-0.688009532999781,0.00203631133338129,-0.133808963085891,0.00202755610450948,-0.418934215835731,-0.000146222628262679
0.379568046596523,0.322630267520204,-0.0127927752464272,-0.688013775110292,0.00205108460176445,-0.13381065970925,0.00204215068869352,-0.41894622259691,-0.000144968736135384
0.382200407333782,0.322628334576055,-0.0128825303335127,-0.688018072843204,0.00206597321053242,-0.133812376901317,0.00205685702502565,-0.418958385651552,-0.000143660524876216
0.384851023883439,0.322626366540332,-0.0129729274940717,-0.688022426883727,0.00208097820457274,-0.133814114868397,0.00207167608814482,-0.418970706885181,-0.000142296726103011
0.387520022852263,0.32262436271552,-0.0130639715236046,-0.688026837924389,0.00209610064034897,-0.133815873817639,0.00208660886294311,-0.418983188201991,-0.0001408760460994
0.390207531725059,0.322622322389331,-0.0131556672558813,-0.688031306665084,0.00211134158604704,-0.133817653957,0.00210165634468839,-0.418995831524913,-0.000139397165362543
0.392913678870758,0.322620244834392,-0.0132480195632466,-0.688035833813122,0.00212670212172298,-0.133819455495207,0.00211681953914822,-0.419008638795684,-0.0001378587381443
0.395638593548549,0.322618129307919,-0.0133410333569257,-0.688040420083278,0.00214218333945249,-0.133821278641713,0.00213209946271501,-0.419021611974906,-0.000136259391985347
0.398382405914052,0.322615975051389,-0.0134347135873311,-0.688045066197843,0.0021577863434822,-0.133823123606662,0.00214749714253247,-0.419034753042108,-0.000134597727243141
0.401145247025537,0.322613781290201,-0.0135290652443706,-0.68804977288667,0.00217351225038263,-0.133824990600841,0.0021630136166234,-0.419048063995797,-0.000132872316612229
0.403927248850181,0.322611547233333,-0.0136240933577562,-0.688054540887221,0.00218936218920274,-0.133826879835636,0.00217864993401866,-0.419061546853511,-0.000131081704637936
0.406728544270374,0.322609272072994,-0.0137198029973134,-0.688059370944617,0.00220533730162639,-0.133828791522989,0.00219440715488744,-0.419075203651868,-0.000129224407223377
0.409549267090063,0.322606954984264,-0.0138161992732922,-0.688064263811689,0.00222143874213027,-0.133830725875344,0.0022102863506689,-0.4190890364466,-0.000127298911128865
0.412389552041149,0.322604595124731,-0.0139132873366775,-0.688069220249012,0.00223766767814373,-0.133832683105598,0.00222628860420493,-0.419103047312598,-0.000125303673464749
0.415249534789915,0.322602191634123,-0.0140110723795018,-0.688074241024965,0.00225402529021024,-0.133834663427052,0.00224241500987427,-0.419117238343943,-0.000123237121176761
0.418129351943512,0.322599743633919,-0.0141095596351564,-0.688079326915768,0.00227051277215051,-0.133836667053356,0.0022586666737278,-0.419131611653931,-0.000121097650524607
0.421029141056481,0.322597250226975,-0.0142087543787053,-0.68808447870553,0.00228713133122758,-0.133838694198449,0.00227504471362525,-0.419146169375099,-0.000118883626552824
0.423949040637325,0.322594710497124,-0.0143086619271975,-0.68808969718629,0.00230388218831331,-0.133840745076505,0.00229155025937295,-0.419160913659239,-0.000116593382554875
0.426889190155123,0.322592123508772,-0.014409287639981,-0.688094983158065,0.00232076657805676,-0.133842819901872,0.00230818445286293,-0.419175846677414,-0.000114225219529737
0.429849730046193,0.322589488306495,-0.0145106369190163,-0.68810033742889,0.0023377857490544,-0.133844918889006,0.00232494844821323,-0.419190970619963,-0.000111777405631244
0.432830801720801,0.322586803914618,-0.01461271520919,-0.688105760814862,0.00235494096402169,-0.133847042252414,0.00234184341190941,-0.419206287696499,-0.000109248175610005
0.435832547569911,0.322584069336792,-0.0147155279986291,-0.688111254140178,0.00237223349996685,-0.133849190206579,0.00235887052294732,-0.419221800135909,-0.000106635730247995
0.438855110971994,0.322581283555559,-0.0148190808190142,-0.688116818237179,0.00238966464836602,-0.133851362965897,0.00237603097297694,-0.419237510186337,-0.000103938235785833
0.441898636299867,0.32257844553191,-0.0149233792458934,-0.688122453946391,0.00240723571534018,-0.133853560744603,0.00239332596644759,-0.419253420115171,-0.000101153823342442
0.444963268927599,0.322575554204839,-0.0150284288989953,-0.688128162116559,0.00242494802183388,-0.133855783756697,0.00241075672075405,-0.419269532209014,-9.82805883277121e-05
0.448049155237445,0.322572608490881,-0.015134235442542,-0.688133943604691,0.00244280290379566,-0.13385803221587,0.00242832446638416,-0.419285848773658,-9.53165898467945e-05
0.451156442626847,0.322569607283647,-0.0152408045855614,-0.688139799276092,0.00246080171236016,-0.133860306335422,0.00244603044706726,-0.41930237213404,-9.22598500980448e-05
0.454285279515466,0.322566549453349,-0.0153481420821989,-0.688145730004401,0.00247894581403187,-0.133862606328187,0.00246387591992391,-0.419319104634202,-8.91083537626763e-05
0.457435815352278,0.322563433846313,-0.015456253732028,-0.688151736671631,0.00249723659087069,-0.13386493240644,0.00248186215561668,-0.419336048637235,-8.58600473871429e-05
0.46060820062271,0.322560259284489,-0.0155651453803611,-0.688157820168196,0.00251567544067904,-0.133867284781821,0.00249999043850199,-0.419353206525219,-8.25128387583612e-05
0.463802586855826,0.322557024564948,-0.0156748229185574,-0.68816398139295,0.00253426377719083,-0.133869663665238,0.00251826206678308,-0.419370580699155,-7.90645962706754e-05
0.467019126631568,0.322553728459368,-0.0157852922843318,-0.688170221253222,0.00255300303026194,-0.13387206926678,0.00253667835266393,-0.419388173578888,-7.55131482861604e-05
0.470257973588042,0.322550369713518,-0.015896559462061,-0.688176540664842,0.00257189464606238,-0.133874501795619,0.0025552406225043,-0.419405987603026,-7.18562824869318e-05
0.473519282428857,0.322546947046724,-0.0160086304830884,-0.688182940552175,0.00259094008727023,-0.133876961459916,0.00257395021697564,-0.419424025228838,-6.80917452201141e-05
0.476803208930514,0.322543459151332,-0.0161215114260283,-0.688189421848154,0.00261014083326706,-0.133879448466719,0.00259280849121811,-0.419442288932164,-6.4217240835357e-05
0.480109909949849,0.322539904692155,-0.0162352084170671,-0.688195985494301,0.00262949838033506,-0.13388196302186,0.00261181681499837,-0.41946078120729,-6.02304310149127e-05
0.483439543431522,0.322536282305921,-0.0163497276302639,-0.688202632440761,0.00264901424185581,-0.133884505329847,0.00263097657286849,-0.419479504566841,-5.61289340963306e-05
0.486792268415562,0.322532590600697,-0.0164650752878477,-0.688209363646329,0.0026686899485105,-0.133887075593759,0.00265028916432551,-0.41949846154164,-5.19103243877828e-05
0.490168245044966,0.322528828155317,-0.0165812576605136,-0.68821618007847,0.00268852704848199,-0.133889674015128,0.00266975600397205,-0.419517654680574,-4.75721314758121e-05
0.493567634573345,0.322524993518789,-0.0166982810677164,-0.688223082713348,0.00270852710765819,-0.133892300793828,0.00268937852167759,-0.419537086550443,-4.31118395263358e-05
0.496990599372628,0.322521085209696,-0.0168161518779604,-0.688230072535846,0.00272869170983703,-0.133894956127954,0.00270915816274061,-0.4195567597358,-3.85268865776695e-05
0.500437302940819,0.322517101715592,-0.0169348765090889,-0.688237150539591,0.00274902245693323,-0.133897640213699,0.00272909638805149,-0.419576676838777,-3.38146638269449e-05
0.503907909909802,0.322513041492377,-0.017054461428568,-0.688244317726972,0.0027695209691861,-0.13390035324523,0.00274919467425597,-0.419596840478907,-2.8972514909173e-05
0.50740258605321,0.322508902963671,-0.0171749131537698,-0.68825157510916,0.0027901888853694,-0.133903095414558,0.00276945451391954,-0.419617253292928,-2.3997735169104e-05
0.510921498294339,0.322504684520174,-0.0172962382522508,-0.688258923706125,0.00281102786300214,-0.133905866911407,0.00278987741569219,-0.419637917934583,-1.88875709260655e-05
0.514464814714125,0.322500384519011,-0.0174184433420271,-0.688266364546656,0.0028320395785611,-0.133908667923074,0.00281046490447386,-0.419658837074397,-1.36392187325141e-05
0.518032704559168,0.322496001283075,-0.0175415350918468,-0.688273898668374,0.00285322572769491,-0.133911498634296,0.00283121852158048,-0.419680013399455,-8.24982462453716e-06
0.52162533824982,0.322491533100353,-0.0176655202214572,-0.688281527117743,0.0028745880254392,-0.133914359227097,0.0028521398249104,-0.419701449613158,-2.71648336688801e-06
0.525242887388322,0.322486978223244,-0.0177904055018688,-0.688289250950091,0.00289612820643333,-0.133917249880653,0.00287323038911132,-0.419723148434971,2.96376230971007e-06
0.528885524767003,0.322482334867861,-0.0179161977556151,-0.688297071229611,0.00291784802513851,-0.133920170771128,0.00289449180574755,-0.419745112600158,8.79392247697675e-06
0.532553424376533,0.322477601213331,-0.0180429038570075,-0.68830498902938,0.00293974925605701,-0.133923122071532,0.00291592568346776,-0.4197673448595,1.47770607844683e-05
0.536246761414231,0.322472775401074,-0.0181705307323854,-0.688313005431361,0.00296183369395296,-0.133926103951552,0.00293753364817279,-0.419789847979006,2.09162952412162e-05
0.539965712292437,0.322467855534079,-0.0182990853603621,-0.688321121526415,0.00298410315407424,-0.133929116577395,0.0029593173431839,-0.419812624739604,2.72147990032084e-05
0.543710454646936,0.322462839676163,-0.0184285747720644,-0.6883293384143,0.00300655947237556,-0.133932160111619,0.00298127842941101,-0.419835677936819,3.36758011672822e-05
0.547481167345445,0.322457725851222,-0.0185590060513679,-0.688337657203682,0.00302920450574293,-0.133935234712965,0.00300341858552126,-0.419859010380443,4.03025875710117e-05
0.551278030496154,0.322452512042468,-0.0186903863351261,-0.688346079012135,0.00305204013221907,-0.133938340536179,0.0030257395081074,-0.419882624894182,4.70985015977865e-05
0.55510122545633,0.322447196191658,-0.0188227228133935,-0.688354604966139,0.00307506825123018,-0.133941477731835,0.00304824291185628,-0.419906524315288,5.40669449882458e-05
0.558950934840979,0.322441776198309,-0.0189560227296432,-0.688363236201084,0.00309829078381363,-0.133944646446148,0.00307093052971731,-0.419930711494187,6.12113786565283e-05
0.56282734253157,0.322436249918898,-0.0190902933809772,-0.688371973861265,0.00312170967284687,-0.133947846820794,0.00309380411307058,-0.419955189294076,6.85353235120034e-05
0.566730633684818,0.322430615166061,-0.0192255421183311,-0.688380819099882,0.00314532688327715,-0.133951078992707,0.00311686543189498,-0.419979960590512,7.6042361286055e-05
0.570660994741526,0.322424869707768,-0.0193617763466711,-0.68838977307903,0.0031691444023525,-0.133954343093894,0.00314011627493588,-0.420005028270991,8.37361353638877e-05
0.574618613435493,0.322419011266494,-0.019499003525184,-0.688398836969695,0.0031931642398535,-0.133957639251223,0.00316355844987246,-0.420030395234491,9.1620351620636e-05
0.578603678802477,0.322413037518379,-0.0196372311674605,-0.688408011951748,0.00321738842832591,-0.133960967586228,0.00318719378348466,-0.420056064391021,9.96987792620807e-05
0.582616381189231,0.322406946092366,-0.0197764668416697,-0.688417299213931,0.00324181902331436,-0.13396432821489,0.0032110241218195,-0.420082038661136,0.000107975251669473
0.586656912262587,0.322400734569343,-0.0199167181707263,-0.688426699953848,0.00326645810359673,-0.133967721247426,0.00323505133035688,-0.420108320975442,0.000116453667248773
0.590725465018618,0.322394400481259,-0.0200579928324498,-0.688436215377954,0.00329130777141932,-0.13397114678807,0.00325927729417466,-0.420134914274083,0.000125137990282687
0.594822233791852,0.322387941310238,-0.020200298559714,-0.688445846701534,0.00331637015273283,-0.133974604934847,0.00328370391811292,-0.420161821506202,0.000134032251787236
0.598947414264556,0.322381354487674,-0.0203436431405898,-0.688455595148697,0.00334164739742901,-0.133978095779344,0.00330833312693738,-0.420189045629398,0.000143140550370291
0.603101203476082,0.322374637393321,-0.0204880344184762,-0.688465461952348,0.00336714167957791,-0.133981619406477,0.00333316686550187,-0.420216589609147,0.000152467053094268
0.607283799832281,0.322367787354362,-0.0206334802922244,-0.688475448354176,0.0033928551976659,-0.133985175894252,0.00335820709890974,-0.420244456418218,0.000162015996340581
0.611495403114975,0.32236080164448,-0.0207799887162505,-0.688485555604633,0.00341879017483404,-0.133988765313517,0.00338345581267408,-0.420272649036061,0.000171791686676248
0.615736214491506,0.322353677482902,-0.0209275677006392,-0.688495784962906,0.00344494885911716,-0.13399238772772,0.00340891501287677,-0.420301170448176,0.000181798501723313
0.620006436524339,0.322346412033442,-0.0210762253112368,-0.6885061376969,0.00347133352368326,-0.133996043192648,0.00343458672632605,-0.420330023645467,0.00019204089102895
0.624306273180741,0.322339002403529,-0.0212259696697336,-0.68851661508321,0.00349794646707347,-0.133999731756174,0.00346047300071279,-0.42035921162357,0.000202523376937547
0.628635929842521,0.322331445643221,-0.0213768089537358,-0.688527218407092,0.00352479001344225,-0.134003453457985,0.00348657590476511,-0.420388737382158,0.00021325055546334
0.632995613315842,0.32232373874421,-0.0215287513968255,-0.68853794896244,0.00355186651279805,-0.134007208329322,0.00351289752840131,-0.420418603924237,0.000224227097163548
0.637385531841099,0.322315878638819,-0.0216818052886098,-0.688548808051752,0.0035791783412441,-0.134010996392696,0.00353943998288108,-0.420448814255402,0.000235457748012091
0.641805895102865,0.322307862198978,-0.021835978974758,-0.688559796986102,0.00360672790121958,-0.134014817661613,0.00356620540095483,-0.42047937138309,0.000246947330272529
0.646256914239905,0.322299686235197,-0.0219912808570264,-0.688570917085102,0.00363451762174084,-0.134018672140288,0.00359319593701092,-0.420510278315793,0.000258700743370976
0.650738801855265,0.322291347495523,-0.0221477193932706,-0.688582169676877,0.00366254995864272,-0.134022559823353,0.00362041376722082,-0.420541538062267,0.000270722964767184
0.655251772026422,0.322282842664491,-0.0223053030974458,-0.688593556098022,0.00369082739482028,-0.134026480695562,0.0036478610896821,-0.420573153630701,0.000283019050824784
0.659796040315516,0.322274168362059,-0.0224640405395928,-0.688605077693569,0.00371935244046998,-0.134030434731487,0.00367554012455894,-0.420605128027874,0.000295594137679378
0.664371823779638,0.322265321142531,-0.0226239403458119,-0.688616735816948,0.00374812763333138,-0.134034421895214,0.00370345311422018,-0.420637464258283,0.000308453442104173
0.668979340981204,0.322256297493475,-0.0227850111982215,-0.688628531829949,0.00377715553892841,-0.134038442140031,0.00373160232337472,-0.420670165323253,0.000321602262372295
0.673618811998395,0.322247093834627,-0.0229472618349049,-0.688640467102681,0.00380643875081075,-0.134042495408103,0.00375999003920433,-0.420703234220016,0.000335045979116683
0.678290458435663,0.322237706516779,-0.02311070104984,-0.688652543013531,0.00383597989079486,-0.13404658163016,0.00378861857149334,-0.420736673940769,0.000348790056185044
0.682994503434323,0.322228131820671,-0.023275337692817,-0.68866476094912,0.00386578160920486,-0.134050700725156,0.00381749025275551,-0.420770487471712,0.000362840041491036
0.687731171683206,0.322218365955853,-0.023441180669339,-0.688677122304263,0.00389584658511321,-0.134054852599942,0.00384660743835766,-0.420804677792053,0.00037720156786028
0.692500689429393,0.322208405059555,-0.0236082389405085,-0.688689628481919,0.00392617752658089,-0.134059037148925,0.00387597250663995,-0.420839247872993,0.000391880353870472
0.697303284489026,0.322198245195537,-0.0237765215228983,-0.688702280893151,0.00395677717089746,-0.134063254253719,0.00390558785903297,-0.420874200676684,0.000406882204686237
0.70213918625818,0.32218788235293,-0.0239460374884053,-0.688715080957075,0.00398764828482041,-0.134067503782796,0.00393545592017095,-0.420909539155164,0.000422213012886502
0.70700862572383,0.322177312445069,-0.0241167959640895,-0.688728030100815,0.00401879366481438,-0.134071785591128,0.00396557913800145,-0.420945266249264,0.00043787875928486
0.71191183547488,0.322166531308319,-0.0242888061319956,-0.688741129759454,0.00405021613728952,-0.134076099519826,0.00399595998389118,-0.420981384887487,0.000453885513742369
0.716849049713269,0.322155534700886,-0.024462077228958,-0.688754381375988,0.00408191855883965,-0.13408044539577,0.00402660095272773,-0.421017897984869,0.000470239435971048
0.721820504265165,0.322144318301624,-0.0246366185463884,-0.688767786401271,0.00411390381647964,-0.134084823031237,0.00405750456301717,-0.4210548084418,0.000486946776329322
0.726826436592224,0.32213287770883,-0.0248124394300464,-0.688781346293969,0.00414617482788205,-0.13408923222352,0.00408867335697738,-0.421092119142833,0.000504013876606341
0.731867085802933,0.322121208439035,-0.0249895492797917,-0.688795062520511,0.00417873454161339,-0.134093672754544,0.00412010990062686,-0.421129832955459,0.000521447170797051
0.736942692664033,0.322109305925777,-0.025167957549319,-0.688808936555032,0.00421158593736947,-0.134098144390477,0.00415181678386896,-0.421167952728854,0.000539253185865091
0.742053499612018,0.322097165518379,-0.0253476737458738,-0.688822969879328,0.00424473202621007,-0.134102646881331,0.00418379662057131,-0.4212064812926,0.000557438542494543
0.747199750764715,0.322084782480711,-0.0255287074299503,-0.688837163982801,0.00427817585079279,-0.134107179960564,0.00421605204864032,-0.421245421455385,0.00057600995582846
0.752381691932944,0.322072151989944,-0.0257110682149695,-0.68885152036241,0.00431192048560606,-0.13411174334467,0.00424858573009053,-0.421284776003664,0.000594974236194507
0.757599570632259,0.322059269135302,-0.0258947657669392,-0.688866040522615,0.00434596903720147,-0.134116336732769,0.00428140035110882,-0.421324547700305,0.000614338289816219
0.762853636094773,0.322046128916799,-0.0260798098040941,-0.688880725975331,0.00438032464442513,-0.134120959806189,0.00431449862211317,-0.421364739283199,0.000634109119509757
0.768144139281058,0.322032726243983,-0.0262662100965156,-0.68889557823987,0.00441499047864803,-0.134125612228039,0.00434788327780574,-0.421405353463846,0.000654293825364832
0.773471332892138,0.322019055934655,-0.0264539764657324,-0.688910598842898,0.00444996974399565,-0.13413029364279,0.00438155707722023,-0.421446392925913,0.000674899605408952
0.778835471381553,0.322005112713603,-0.0266431187843011,-0.688925789318376,0.00448526567757659,-0.134135003675829,0.00441552280376352,-0.421487860323766,0.000695933756255041
0.784236810967519,0.321990891211308,-0.0268336469753656,-0.688941151207515,0.00452088154971024,-0.134139741933031,0.00444978326525095,-0.421529758280968,0.000717403673730604
0.78967560964516,0.321976385962666,-0.0270255710121962,-0.688956686058721,0.00455682066415336,-0.134144508000309,0.00448434129393553,-0.421572089388763,0.000739316853488242
0.795152127198837,0.321961591405691,-0.0272189009177082,-0.688972395427555,0.00459308635832602,-0.134149301443165,0.00451919974653078,-0.421614856204513,0.000761680891596533
0.800666625214554,0.321946501880215,-0.0274136467639586,-0.688988280876673,0.00462968200353608,-0.134154121806239,0.00455436150422675,-0.42165806125013,0.000784503485109944
0.806219367092452,0.321931111626594,-0.0276098186716228,-0.689004343975786,0.00466661100520314,-0.134158968612847,0.00458982947269964,-0.421701707010458,0.000807792432617971
0.811810618059391,0.321915414784393,-0.0278074268094477,-0.689020586301615,0.00470387680308125,-0.134163841364518,0.00462560658211421,-0.421745795931648,0.000831555634771719
0.817440645181619,0.321899405391086,-0.0280064813936862,-0.689037009437838,0.0047414828714807,-0.134168739540527,0.00466169578711928,-0.421790330419492,0.000855801094786973
0.823109717377527,0.321883077380737,-0.0282069926875064,-0.689053614975056,0.0047794327194888,-0.134173662597417,0.00469810006683592,-0.421835312837734,0.000880536918923924
0.828818105430497,0.321866424582688,-0.0284089710003819,-0.68907040451074,0.00481772989118964,-0.134178609968526,0.00473482242483822,-0.421880745506358,0.000905771316941306
0.834566082001833,0.321849440720245,-0.0286124266874579,-0.689087379649201,0.0048563779658834,-0.134183581063501,0.00477186588912651,-0.421926630699846,0.000931512602524998
0.840353921643785,0.32183211940935,-0.0288173701488962,-0.689104542001542,0.00489538055830374,-0.134188575267814,0.00480923351209283,-0.421972970645406,0.000957769193689728
0.846181900812664,0.321814454157271,-0.0290238118291969,-0.689121893185627,0.00493474131883549,-0.134193591942266,0.00484692837047844,-0.422019767521184,0.000984549613153113
0.852050297882047,0.321796438361273,-0.0292317622164985,-0.689139434826042,0.00497446393373049,-0.134198630422496,0.00488495356532335,-0.422067023454438,0.00101186248868085
0.857959393156072,0.321778065307298,-0.0294412318418548,-0.689157168554065,0.00501455212532312,-0.134203690018479,0.00492331222190743,-0.422114740519698,0.00103971655340238
0.863909468882829,0.321759328168642,-0.0296522312784893,-0.689175096007631,0.00505500965224499,-0.134208770014025,0.00496200748968338,-0.422162920736889,0.00106812064609632
0.86990080926784,0.321740220004633,-0.0298647711410271,-0.689193218831308,0.00509584030963876,-0.134213869666267,0.00500104254220088,-0.422211566069443,0.00109708371144374
0.875933700487633,0.321720733759308,-0.0300788620847032,-0.68921153867627,0.00513704792937135,-0.134218988205154,0.00504042057702216,-0.422260678422372,0.00112661480024948
0.882008430703416,0.321700862260093,-0.0302945148045491,-0.689230057200275,0.00517863638024654,-0.134224124832937,0.0050801448156287,-0.42231025964033,0.00115672306962972
0.888125290074835,0.321680598216483,-0.0305117400345555,-0.689248776067641,0.00522060956821703,-0.134229278723646,0.00512021850331881,-0.42236031150564,0.00118741778316558
0.894284570773836,0.321659934218725,-0.0307305485468127,-0.689267696949235,0.00526297143659583,-0.134234449022573,0.00516064490909605,-0.422410835736309,0.00121870831102039
0.900486566998624,0.321638862736501,-0.0309509511506278,-0.689286821522456,0.00530572596626759,-0.134239634845749,0.00520142732554843,-0.422461833984011,0.00125060413002204
0.906731574987708,0.321617376117619,-0.0311729586916193,-0.689306151471226,0.00534887717589926,-0.134244835279411,0.00524256906871793,-0.422513307832054,0.00128311482370672
0.913019893034057,0.321595466586699,-0.0313965820507887,-0.689325688485983,0.00539242912215059,-0.134250049379477,0.00528407347796054,-0.422565258793325,0.00131625008232486
0.919351821499347,0.32157312624387,-0.031621832143569,-0.689345434263678,0.00543638589988477,-0.134255276171012,0.0053259439157965,-0.42261768830821,0.00135001970280837
0.925727662828307,0.321550347063469,-0.0318487199188513,-0.689365390507776,0.00548075164237845,-0.13426051464769,0.00536818376775052,-0.422670597742499,0.00138443358869661
0.932147721563161,0.321527120892742,-0.0320772563579879,-0.689385558928264,0.00552553052153257,-0.134265763771264,0.00541079644218215,-0.422723988385271,0.00141950175002181
0.938612304358183,0.321503439450552,-0.0323074524737731,-0.689405941241655,0.00557072674808276,-0.134271022471017,0.00545378537010585,-0.422777861446758,0.00145523430315286
0.945121719994339,0.321479294326093,-0.0325393193094019,-0.689426539171006,0.00561634457181018,-0.13427628964323,0.00549715400500071,-0.422832218056193,0.00149164147059494
0.951676279394036,0.321454676977607,-0.032772867937406,-0.689447354445937,0.00566238828175333,-0.134281564150633,0.00554090582260986,-0.422887059259637,0.00152873358074607
0.958276295635973,0.321429578731112,-0.0330081094585676,-0.689468388802652,0.00570886220641963,-0.134286844821862,0.00558504432072934,-0.422942386017801,0.00156652106760846
0.964922083970099,0.32140399077913,-0.0332450550008115,-0.689489643983966,0.00575577071399823,-0.134292130450916,0.00562957301898611,-0.422998199203839,0.00160501447045369
0.971613961832666,0.321377904179427,-0.033483715718075,-0.68951112173934,0.00580311821257372,-0.134297419796607,0.00567449545860554,-0.423054499601135,0.00164422443344198
0.978352248861393,0.32135130985376,-0.0337241027891566,-0.689532823824922,0.00585090915034076,-0.134302711582016,0.00571981520216787,-0.423111287901073,0.00168416170519287
0.985137266910738,0.321324198586629,-0.0339662274165424,-0.689554752003586,0.00589914801581982,-0.134308004493943,0.00576553583335373,-0.423168564700799,0.00172483713830854
0.991969340067262,0.321296561024037,-0.0342101008252128,-0.689576908044983,0.00594783933807468,-0.134313297182357,0.00581166095667862,-0.423226330500968,0.00176626168884678
0.998848794665118,0.321268387672265,-0.0344557342614262,-0.689599293725597,0.00599698768693109,-0.134318588259852,0.00585819419721618,-0.423284585703479,0.00180844641574418
1.00577595930163,0.321239668896646,-0.0347031389914836,-0.689621910828806,0.00604659767319746,-0.134323876301095,0.00590513920031017,-0.423343330609208,0.00185140248018875
1.01275116485301,0.321210394920355,-0.0349523263004724,-0.689644761144949,0.00609667394888767,-0.134329159842281,0.00595249963127532,-0.423402565415727,0.00189514114494013
1.01977474449012,0.321180555823208,-0.0352033074909892,-0.689667846471396,0.00614722120744572,-0.13433443738058,0.00600027917508651,-0.423462290215016,0.00193967377359758
1.02684703369442,0.321150141540467,-0.0354560938818435,-0.689691168612634,0.00619824418397295,-0.134339707373599,0.00604848153605672,-0.423522504991174,0.00198501182981461
1.033968370274,0.321119141861658,-0.0357106968067416,-0.689714729380347,0.0062497476554581,-0.134344968238828,0.0060971104375033,-0.423583209618123,0.00203116687645974
1.04113909437969,0.321087546429401,-0.0359671276129513,-0.689738530593512,0.00630173644100997,-0.134350218353102,0.00614616962140282,-0.423644403857308,0.00207815057472252
1.0483595485213,0.321055344738244,-0.0362253976599474,-0.689762574078497,0.00635421540209333,-0.134355456052054,0.0061956628480341,-0.4237060873554,0.00212597468316369
1.05563007758401,0.321022526133518,-0.0364855183180392,-0.689786861669168,0.00640718944276833,-0.134360679629579,0.00624559389560982,-0.423768259641991,0.00217465105671044
1.06295102884484,0.320989079810193,-0.0367475009669787,-0.689811395207003,0.00646066350993316,-0.13436588733729,0.00629596655989617,-0.423830920127298,0.00222419164559373
1.07032275198921,0.320954994811751,-0.0370113569945521,-0.689836176541211,0.00651464259357117,-0.134371077383986,0.00634678465382107,-0.423894068099867,0.00227460849422959
1.07774559912768,0.320920260029071,-0.0372770977951535,-0.689861207528862,0.00656913172700169,-0.134376247935118,0.00639805200707044,-0.423957702724279,0.00232591374004223
1.08521992481272,0.320884864199322,-0.0375447347683407,-0.689886490035021,0.00662413598713568,-0.134381397112256,0.00644977246567285,-0.424021823038865,0.00237811961222903
1.0927460860557,0.320848795904871,-0.0378142793173754,-0.68991202593289,0.00667966049473595,-0.134386522992564,0.00650194989157234,-0.424086427953425,0.00243123843046647
1.1003244423439,0.320812043572203,-0.0380857428477465,-0.689937817103961,0.00673571041468239,-0.134391623608274,0.00655458816218962,-0.424151516246959,0.00248528260355846
1.10795535565772,0.32077459547085,-0.0383591367656777,-0.689963865438173,0.0067922909562429,-0.134396696946168,0.00660769116997139,-0.424217086565409,0.00254026462802315
1.11563919048792,0.320736439712335,-0.0386344724766196,-0.689990172834077,0.00684940737334978,-0.134401740947061,0.00666126282192825,-0.424283137419405,0.00259619708662215
1.12337631385307,0.320697564249127,-0.0389117613837265,-0.690016741199012,0.00690706496488211,-0.134406753505289,0.00671530703916053,-0.424349667182039,0.00265309264682806
1.13116709531708,0.320657956873611,-0.0391910148863188,-0.690043572449286,0.00696526907495469,-0.134411732468201,0.00676982775637287,-0.424416674086642,0.00271096405923307
1.13901190700682,0.320617605217067,-0.0394722443783315,-0.690070668510366,0.0070240250932135,-0.134416675635658,0.00682482892137699,-0.424484156224581,0.00276982415589602
1.14691112362992,0.320576496748662,-0.0397554612467484,-0.690098031317077,0.0070833384551386,-0.134421580759534,0.00688031449458313,-0.424552111543084,0.0028296858486303
1.15486512249268,0.320534618774453,-0.0400406768700234,-0.690125662813807,0.00714321464235376,-0.134426445543228,0.00693628844847982,-0.424620537843071,0.00289056212722949
1.16287428351806,0.320491958436409,-0.0403279026164882,-0.690153564954725,0.00720365918294473,-0.134431267641172,0.00699275476710244,-0.424689432777021,0.0029524660576343
1.17093898926384,0.320448502711436,-0.0406171498427483,-0.690181739704,0.00726467765178487,-0.134436044658356,0.00704971744549041,-0.424758793846855,0.00301541078003709
1.1790596249409,0.32040423841042,-0.040908429892067,-0.690210189036036,0.00732627567087002,-0.134440774149851,0.00710718048913316,-0.424828618401849,0.00307940950692728
1.18723657843162,0.320359152177278,-0.0412017540927367,-0.690238914935708,0.00738845890966182,-0.134445453620343,0.00716514791340508,-0.424898903636575,0.00314447552107611
1.19547024030838,0.320313230488026,-0.0414971337564401,-0.690267919398616,0.00745123308544052,-0.134450080523672,0.00722362374298939,-0.42496964658887,0.00321062217346044
1.20376100385228,0.320266459649852,-0.0417945801766003,-0.690297204431334,0.00751460396366763,-0.134454652262379,0.0072826120112911,-0.425040844137839,0.00327786288112833
1.21210926507183,0.320218825800209,-0.04209410462672,-0.690326772051681,0.00757857735835858,-0.134459166187258,0.00734211675983936,-0.425112493001895,0.00334621112500377
1.22051542272196,0.320170314905905,-0.0423957183587114,-0.690356624288994,0.00764315913246591,-0.134463619596919,0.00740214203767908,-0.425184589736824,0.00341568044763302
1.22897987832301,0.320120912762221,-0.0426994326012159,-0.690386763184406,0.00770835519827352,-0.134468009737357,0.00746269190075211,-0.425257130733901,0.00348628445087198
1.23750303617991,0.320070604992028,-0.043005258557915,-0.690417190791139,0.00777417151780244,-0.134472333801531,0.00752377041126812,-0.425330112218038,0.00355803679351613
1.24608530340153,0.320019377044914,-0.0433132074058318,-0.690447909174801,0.00784061410322802,-0.134476588928944,0.00758538163706527,-0.425403530245975,0.00363095118887216
1.25472708992008,0.319967214196329,-0.0436232902936245,-0.690478920413694,0.00790768901730998,-0.134480772205243,0.00764752965096101,-0.425477380704512,0.0037050414022736
1.26342880851072,0.319914101546731,-0.043935518339871,-0.690510226599128,0.00797540237383476,-0.134484880661821,0.00771021853009296,-0.425551659308795,0.00378032124853978
1.27219087481126,0.319860024020747,-0.0442499026313461,-0.690541829835742,0.00804376033807093,-0.134488911275428,0.00777345235525019,-0.425626361600641,0.00385680458938004
1.28101370734203,0.319804966366336,-0.0445664542212912,-0.690573732241841,0.00811276912723885,-0.134492860967792,0.00783723521019514,-0.425701482946914,0.00393450533074335
1.28989772752585,0.319748913153969,-0.0448851841276753,-0.690605935949725,0.00818243501099368,-0.134496726605251,0.00790157118097626,-0.425777018537954,0.00401343742011459
1.29884335970818,0.319691848775809,-0.0452061033314509,-0.690638443106045,0.00825276431192339,-0.134500504998396,0.0079664643552317,-0.42585296338606,0.00409361484375867
1.30785103117738,0.319633757444898,-0.0455292227748013,-0.690671255872152,0.00832376340606181,-0.134504192901717,0.00803191882148415,-0.425929312324025,0.00417505162391313
1.31692117218509,0.319574623194361,-0.0458545533593818,-0.690704376424457,0.00839543872341643,-0.134507787013269,0.00809793866842704,-0.426006060003732,0.00425776181593021
1.32605421596686,0.3195144298766,-0.0461821059445547,-0.690737806954808,0.00846779674851365,-0.13451128397434,0.00816452798420284,-0.426083200894805,0.00434175950537191
1.33525059876274,0.319453161162507,-0.0465118913456164,-0.690771549670858,0.00854084402095856,-0.134514680369134,0.00823169085567249,-0.42616072928332,0.00442705880505487
1.34451075983821,0.319390800540676,-0.0468439203320208,-0.690805606796451,0.00861458713601332,-0.134517972724465,0.00829943136767782,-0.426238639270584,0.00451367385205112
1.3538351415051,0.319327331316618,-0.0471782036255934,-0.690839980572016,0.0086890327451918,-0.134521157509458,0.00836775360229586,-0.426316924771976,0.00460161880464371
1.36322418914273,0.319262736611981,-0.0475147518987415,-0.690874673254957,0.0087641875568728,-0.134524231135267,0.00843666163808594,-0.426395579515846,0.00469090783923864
1.37267835121923,0.319196999363776,-0.0478535757726571,-0.690909687120061,0.00884005833693111,-0.134527189954799,0.00850615954932984,-0.426474597042497,0.00478155514723561
1.38219807931287,0.319130102323602,-0.0481946858155139,-0.690945024459909,0.00891665190938797,-0.134530030262452,0.00857625140526511,-0.42655397070322,0.00487357493185953
1.39178382813373,0.319062028056868,-0.0485380925406578,-0.690980687585284,0.0089939751570802,-0.134532748293864,0.00864694126931173,-0.426633693659414,0.00496698140495266
1.40143605554534,0.318992758942029,-0.0488838064047916,-0.691016678825601,0.00907203502235003,-0.134535340225672,0.00871823319829278,-0.426713758881768,0.00506178878373156
1.4111552225866,0.318922277169806,-0.0492318378061519,-0.691053000529326,0.00915083850775435,-0.134537802175291,0.00879013124164899,-0.426794159149524,0.00515801128750937
1.42094179349378,0.318850564742417,-0.0495821970826808,-0.691089655064415,0.00923039267679544,-0.134540130200688,0.00886263944064775,-0.426874887049814,0.00525566313438525
1.43079623572268,0.318777603472802,-0.0499348945101898,-0.691126644818743,0.00931070465467293,-0.134542320300189,0.00893576182758671,-0.426955934977066,0.00535475853790401
1.440719019971,0.318703374983847,-0.0502899403005164,-0.691163972200549,0.00939178162905718,-0.134544368412279,0.00900950242499234,-0.427037295132506,0.00545531170368696
1.45071062020079,0.318627860707603,-0.0506473445996736,-0.691201639638884,0.00947363085088546,-0.134546270415431,0.00908386524481375,-0.427118959523719,0.00555733682603674
1.46077151366109,0.318551041884503,-0.0510071174859915,-0.691239649584054,0.00955625963518059,-0.13454802212793,0.00915885428761203,-0.427200919964308,0.00566084808451831
1.47090218091073,0.318472899562578,-0.0513692689682499,-0.691278004508078,0.00963967536189327,-0.134549619307726,0.0092344735417455,-0.427283168073625,0.0057658596405181
1.48110310584131,0.318393414596656,-0.0517338089838033,-0.691316706905139,0.00972388547676761,-0.134551057652287,0.00931072698255105,-0.427365695276589,0.00587238563378362
1.49137477570027,0.318312567647572,-0.0521007473966963,-0.691355759292047,0.00980889749223154,-0.134552332798473,0.00938761857152213,-0.427448492803587,0.00598044017894692
1.50171768111418,0.318230339181354,-0.0524700939957681,-0.691395164208697,0.00989471898831162,-0.134553440322414,0.00946515225548326,-0.427531551690462,0.00609003736203217
1.5121323161122,0.318146709468417,-0.0528418584927481,-0.691434924218534,0.00998135761357333,-0.134554375739408,0.0095433319657619,-0.427614862778587,0.00620119123695295
1.52261917814963,0.318061658582734,-0.0532160505203406,-0.691475041909016,0.0100688210860869,-0.134555134503827,0.00962216161735752,-0.427698416715022,0.00631391582199792
1.53317876813171,0.317975166401009,-0.0535926796302958,-0.691515519892077,0.0101571171944196,-0.134555712009037,0.00970164510810858,-0.427782203952764,0.00642822509631155
1.54381159043753,0.317887212601837,-0.0539717552914711,-0.691556360804598,0.0102462537986546,-0.134556103587332,0.00978178631785744,-0.427866214751083,0.00654413299636969
1.55451815294413,0.317797776664848,-0.0543532868878766,-0.691597567308871,0.0103362388314368,-0.134556304509874,0.00986258910761352,-0.427950439175948,0.00666165341245334
1.56529896705074,0.317706837869848,-0.0547372837167085,-0.691639142093062,0.010427080299047,-0.134556309986654,0.00994405731871531,-0.428034867100539,0.00678080018512386
1.57615454770323,0.317614375295942,-0.0551237549863663,-0.69168108787168,0.0105187862825035,-0.134556115166459,0.0100261947719912,-0.428119488205853,0.00690158710170244
1.58708541341869,0.317520367820647,-0.0555127098144545,-0.69172340738604,0.0106113649386926,-0.134555715136853,0.0101090052669195,-0.4282042919814,0.00702402789275516
1.5980920863102,0.31742479411899,-0.0559041572257675,-0.691766103404721,0.0107048245015284,-0.134555104924169,0.0101924925807881,-0.428289267725985,0.00714813622858843
1.60917509211179,0.317327632662595,-0.0562981061502557,-0.691809178724028,0.0107991732831415,-0.134554279493519,0.010276660467854,-0.428374404548583,0.00727392571575652
1.62033496020352,0.31722886171875,-0.0566945654209743,-0.691852636168448,0.0108944196750982,-0.134553233748804,0.0103615126585028,-0.428459691369308,0.00740140989358351
1.63157222363676,0.317128459349464,-0.0570935437720095,-0.691896478591104,0.0109905721496502,-0.134551962532747,0.0104470528584088,-0.428545116920464,0.00753060223070451
1.64288741915971,0.317026403410503,-0.0574950498363847,-0.6919407088742,0.0110876392610147,-0.134550460626933,0.0105332847476953,-0.428630669747696,0.00766151612162647
1.65428108724297,0.316922671550418,-0.0578990921439443,-0.691985329929464,0.0111856296466865,-0.134548722751858,0.0106202119800969,-0.42871633821122,0.00779416488331355
1.6657537721054,0.316817241209545,-0.0583056791192122,-0.692030344698592,0.011284552028781,-0.134546743566996,0.0107078381821214,-0.428802110487153,0.00792856175179857
1.67730602174008,0.316710089618996,-0.0587148190792257,-0.692075756153673,0.01138441521541,-0.134544517670869,0.0107961669522148,-0.428887974568925,0.00806471987882523
1.68893838794052,0.316601193799633,-0.0591265202313429,-0.692121567297618,0.0114852281020901,-0.134542039601135,0.0108852018599267,-0.42897391826878,0.00820265232852074
1.70065142632699,0.316490530561012,-0.059540790671021,-0.692167781164578,0.0115869996731841,-0.134539303834682,0.0109749464450787,-0.429059929219366,0.00834237207410601
1.71244569637308,0.316378076500328,-0.0599576383795658,-0.692214400820352,0.0116897390033751,-0.134536304787734,0.011065404216934,-0.429145994875413,0.00848389199464222
1.72432176143241,0.31626380800132,-0.0603770712218493,-0.692261429362788,0.011793455259176,-0.134533036815971,0.0111565786533702,-0.429232102515494,0.00862722487181969
1.73628018876552,0.316147701233177,-0.0607990969439946,-0.692308869922176,0.0118981577004714,-0.134529494214649,0.011248473200054,-0.429318239243873,0.00877238338679021
1.74832154956701,0.316029732149407,-0.0612237231710266,-0.692356725661628,0.0120038556820958,-0.134525671218746,0.0113410912696195,-0.429404391992431,0.00891938011704624
1.7604464189928,0.315909876486703,-0.0616509574044859,-0.69240499977745,0.0121105586554456,-0.134521562003098,0.0114344362408483,-0.429490547522685,0.00906822753334924
1.77265537618758,0.315788109763774,-0.0620808070200056,-0.692453695499497,0.012218276170127,-0.134517160682564,0.0115285114578544,-0.429576692427877,0.00921893799671109
1.78494900431252,0.315664407280173,-0.0625132792648482,-0.692502816091521,0.01232701787564,-0.134512461312184,0.0116233202292703,-0.42966281313515,0.00937152375542979
1.79732789057308,0.31553874411509,-0.0629483812554007,-0.692552364851504,0.0124367935230977,-0.134507457887356,0.011718865827439,-0.429748895907797,0.00952599694218365
1.80979262624709,0.315411095126135,-0.063386119974627,-0.692602345111976,0.0125476129669827,-0.134502144344019,0.0118151514876072,-0.429834926847589,0.00968236957118451
1.82234380671297,0.315281434948103,-0.063826502269475,-0.692652760240319,0.0126594861669403,-0.134496514558841,0.0119121804071241,-0.429920891897177,0.00984065353539582
1.83498203147818,0.315149737991714,-0.0642695348482367,-0.692703613639051,0.0127724231896084,-0.134490562349421,0.0120099557446431,-0.430006776842567,0.0100008606038144
1.84770790420785,0.315015978442338,-0.0647152242778596,-0.692754908746104,0.0128864342104855,-0.134484281474492,0.0121084806193274,-0.430092567315665,0.010163002418821
1.86052203275364,0.314880130258704,-0.0651635769812069,-0.69280664903507,0.013001529515836,-0.134477665634139,0.01220775811006,-0.430178248796888,0.0103270904936014
1.87342502918271,0.314742167171585,-0.0656145992342652,-0.69285883801544,0.0131177195046335,-0.134470708470017,0.0123077912546577,-0.430263806617847,0.0104931362096402
1.88641750980704,0.314602062682473,-0.0660682971632972,-0.692911479232821,0.0132350146905434,-0.134463403565583,0.0124085830490891,-0.430349225964092,0.0106611508142884
1.89950009521279,0.314459790062233,-0.066524676741938,-0.692964576269126,0.0133534257039431,-0.134455744446327,0.0125101364466967,-0.430434491877914,0.01083114541841
1.91267341029,0.314315322349742,-0.0669837437882317,-0.693018132742752,0.0134729632939818,-0.134447724580015,0.0126124543574233,-0.430519589261215,0.0110031309941072
1.92593808426241,0.314168632350513,-0.067445503961608,-0.693072152308734,0.0135936383306791,-0.134439337376937,0.0127155396470428,-0.430604502878425,0.0111771183725263
1.93929475071751,0.314019692635304,-0.0679099627597948,-0.693126638658869,0.0137154618070641,-0.134430576190157,0.0128193951363947,-0.430689217359485,0.0113531182417479
1.95274404763682,0.313868475538718,-0.068377125515667,-0.693181595521822,0.0138384448413523,-0.134421434315776,0.0129240236006233,-0.430773717202871,0.0115311411447618
1.96628661742637,0.313714953157781,-0.068846997394027,-0.693237026663207,0.0139625986791649,-0.134411904993193,0.0130294277684205,-0.43085798677867,0.0117111974775293
1.97992310694735,0.313559097350519,-0.0693195833883162,-0.69329293588564,0.0140879346957858,-0.13440198140537,0.0131356103212731,-0.43094201033171,0.0118932974871339
1.99365416754703,0.313400879734517,-0.0697948883172559,-0.693349327028765,0.0142144643984614,-0.134391656679111,0.0132425738927137,-0.431025771984716,0.0120774512700219
2.00748045508988,0.313240271685474,-0.0702729168214134,-0.69340620396925,0.0143421994287387,-0.134380923885335,0.0133503210675758,-0.431109255741527,0.0122636687703358
2.0214026299889,0.313077244335748,-0.0707536733596936,-0.693463570620758,0.0144711515648459,-0.134369776039357,0.0134588543812525,-0.431192445490333,0.0124519597783398
2.03542135723711,0.312911768572894,-0.0712371622057523,-0.693521430933884,0.0146013327241134,-0.134358206101176,0.0135681763189589,-0.431275325006953,0.0126423339289408
2.0495373064394,0.312743815038198,-0.0717233874443303,-0.693579788896059,0.0147327549654349,-0.134346206975756,0.0136782893149979,-0.431357877958151,0.0128348007003034
2.06375115184445,0.312573354125211,-0.0722123529675048,-0.693638648531431,0.0148654304917719,-0.134333771513326,0.0137891957520296,-0.431440087904964,0.0130293694125635
2.07806357237695,0.312400355978274,-0.0727040624708575,-0.693698013900694,0.0149993716526968,-0.134320892509664,0.0139008979603435,-0.431521938306069,0.0132260492266376
2.09247525167004,0.31222479049105,-0.0731985194495567,-0.693757889100904,0.0151345909469803,-0.134307562706403,0.0140133982171342,-0.431603412521165,0.0134248491431325
2.10698687809795,0.312046627305054,-0.0736957271943508,-0.693818278265238,0.0152711010252179,-0.134293774791322,0.0141266987457793,-0.431684493814375,0.0136257780013526
2.12159914480891,0.311865835808191,-0.0741956887874726,-0.693879185562734,0.0154089146924997,-0.134279521398649,0.0142408017151204,-0.431765165357657,0.0138288444784068
2.1363127497582,0.311682385133294,-0.0746984070984499,-0.693940615197976,0.0155480449111211,-0.134264795109366,0.0143557092387456,-0.431845410234241,0.0140340570884176
2.15112839574156,0.311496244156675,-0.0752038847798244,-0.69400257141075,0.0156885048033351,-0.134249588451508,0.0144714233742755,-0.431925211442057,0.0142414241818282
2.1660467904287,0.311307381496684,-0.0757121242627725,-0.694065058475658,0.0158303076541478,-0.134233893900473,0.0145879461226494,-0.432004551897177,0.0144509539448128
2.18106864639712,0.311115765512283,-0.0762231277526294,-0.694128080701681,0.0159734669141531,-0.134217703879325,0.0147052794274136,-0.432083414437261,0.0146626543987853
2.19619468116618,0.310921364301632,-0.0767368972243127,-0.694191642431712,0.0161179962024118,-0.134201010759104,0.0148234251740119,-0.432161781824992,0.0148765334000115
2.21142561723131,0.310724145700689,-0.0772534344176449,-0.694255748042029,0.016263909309371,-0.134183806859133,0.014942385189075,-0.432239636751515,0.0150925986393205
2.22676218209858,0.310524077281843,-0.0777727408325722,-0.694320401941735,0.0164112201998252,-0.134166084447325,0.0150621612397124,-0.432316961839862,0.0153108576419164
2.24220510831939,0.310321126352554,-0.0782948177242778,-0.69438560857214,0.0165599430159194,-0.134147835740497,0.0151827550328034,-0.432393739648362,0.0155313177672916
2.25775513352553,0.310115259954028,-0.0788196660981889,-0.6944513724061,0.0167100920801941,-0.134129052904673,0.0153041682142883,-0.432469952674047,0.0157539862092384
2.27341300046436,0.309906444859915,-0.0793472867048749,-0.694517697947305,0.0168616818986709,-0.1341097280554,0.0154264023684594,-0.432545583356026,0.0159788699959601
2.28917945703428,0.309694647575045,-0.0798776800348348,-0.69458458972951,0.0170147271639796,-0.134089853258057,0.0155494590172502,-0.432620614078846,0.0162059759902804
2.30505525632052,0.309479834334187,-0.080410846313174,-0.694652052315719,0.017169242758527,-0.134069420528158,0.0156733396195251,-0.432695027175823,0.0164353108899507
2.32104115663104,0.309261971100856,-0.0809467854941663,-0.694720090297313,0.0173252437577061,-0.134048421831674,0.0157980455703654,-0.432768804932347,0.0166668812280525
2.33713792153279,0.309041023566155,-0.0814854972557031,-0.694788708293117,0.0174827454331462,-0.134026849085331,0.0159235782003547,-0.432841929589152,0.0169006933734971
2.35334631988814,0.308816957147659,-0.0820269809936244,-0.694857910948413,0.0176417632560032,-0.134004694156929,0.0160499387748617,-0.432914383345555,0.0171367535316175
2.36966712589169,0.308589736988349,-0.0825712358159346,-0.694927702933896,0.0178023129002914,-0.133981948865644,0.0161771284933194,-0.432986148362658,0.0173750677448545
2.38610111910714,0.308359327955595,-0.0831182605368973,-0.694998088944561,0.0179644102462533,-0.133958604982345,0.0163051484885016,-0.433057206766498,0.0176156418935338
2.40264908450462,0.308125694640193,-0.0836680536710124,-0.695069073698541,0.0181280713837709,-0.133934654229898,0.0164339998257956,-0.433127540651168,0.0178584816967325
2.41931181249812,0.307888801355458,-0.0842206134268711,-0.695140661935863,0.0182933126158153,-0.133910088283477,0.0165636835024706,-0.433197132081882,0.0181035927132343
2.43609009898327,0.307648612136379,-0.0847759377008888,-0.695212858417158,0.0184601504619357,-0.133884898770877,0.0166942004469415,-0.433265963097987,0.0183509803425717
2.45298474537537,0.307405090738841,-0.0853340240709161,-0.695285667922286,0.0186286016617866,-0.133859077272818,0.0168255515180276,-0.433334015715933,0.0186006498261514
2.46999655864764,0.307158200638907,-0.0858948697897249,-0.695359095248908,0.0187986831786937,-0.13383261532326,0.016957737504206,-0.43340127193218,0.0188526062484631
2.48712635136979,0.306907905032183,-0.0864584717783707,-0.695433145210972,0.0189704122032573,-0.133805504409711,0.0170907591228587,-0.433467713726042,0.0191068545383698
2.50437494174681,0.306654166833254,-0.087024826619429,-0.695507822637142,0.019143806156992,-0.133777735973539,0.0172246170195132,-0.433533323062485,0.0193633994704746
2.52174315365806,0.306396948675198,-0.087593930550107,-0.695583132369142,0.0193188826960053,-0.133749301410285,0.0173593117670769,-0.433598081894845,0.019622245666566
2.53923181669665,0.306136212909186,-0.0881657794552272,-0.695659079260029,0.0194956597147093,-0.133720192069973,0.017494843865063,-0.433661972167491,0.0198833975971351
2.55684176620901,0.305871921604175,-0.0887403688600852,-0.695735668172389,0.0196741553495708,-0.13369039925743,0.0176312137388097,-0.433724975818419,0.020146859582966
2.57457384333485,0.305604036546689,-0.0893176939231811,-0.695812903976451,0.0198543879828945,-0.133659914232594,0.0177684217386905,-0.433787074781768,0.0204126357967942
2.59242889504728,0.305332519240692,-0.0898977494288215,-0.695890791548126,0.020036376246641,-0.13362872821084,0.0179064681393157,-0.433848250990273,0.0206807302650321
2.61040777419332,0.305057330907577,-0.090480529779596,-0.695969335766956,0.0202201390262784,-0.133596832363294,0.0180453531387251,-0.433908486377638,0.020951146869558
2.6285113395346,0.304778432486243,-0.0910660289887247,-0.696048541513985,0.0204056954646666,-0.133564217817158,0.0181850768575709,-0.433967762880832,0.0212238893495674
2.64674045578839,0.304495784633299,-0.0916542406722793,-0.696128413669537,0.0205930649659735,-0.133530875656034,0.0183256393382908,-0.43402606244231,0.0214989613034811
2.6650959936689,0.304209347723366,-0.0922451580412764,-0.696208957110918,0.0207822671996229,-0.133496796920253,0.0184670405442697,-0.434083367012152,0.0217763661909111
2.68357882992886,0.303919081849513,-0.0928387738936432,-0.696290176710011,0.0209733221042716,-0.133461972607209,0.0186092803589918,-0.434139658550117,0.0220561073346776
2.70218984740145,0.30362494682381,-0.0934350806060586,-0.696372077330792,0.0211662498918173,-0.133426393671692,0.0187523585851803,-0.434194919027621,0.022338187922877
2.72092993504239,0.303326902178004,-0.0940340701256658,-0.696454663826753,0.0213610710514338,-0.13339005102623,0.0188962749439263,-0.434249130429623,0.0226226110109969
2.73979998797246,0.303024907164343,-0.0946357339616611,-0.696537941038216,0.0215578063536342,-0.133352935541435,0.0190410290738043,-0.434302274756427,0.0229093795240749
2.75880090752022,0.302718920756524,-0.0952400631767576,-0.696621913789567,0.0217564768543607,-0.133315038046355,0.0191866205299766,-0.434354334025402,0.0231984962588985
2.77793360126509,0.302408901650789,-0.0958470483785251,-0.696706586886377,0.0219571038990989,-0.133276349328831,0.0193330487832841,-0.434405290272601,0.0234899638862434
2.79719898308069,0.302094808267173,-0.0964566797106072,-0.696791965112426,0.0221597091270172,-0.133236860135861,0.0194803132193238,-0.434455125554308,0.0237837849531465
2.81659797317847,0.301776598750895,-0.0970689468438168,-0.696878053226629,0.0223643144751281,-0.133196561173971,0.0196284131375128,-0.434503821948474,0.0240799618852104
2.83613149815172,0.30145423097392,-0.0976838389671111,-0.696964855959847,0.0225709421824726,-0.133155443109594,0.019777347750139,-0.434551361556084,0.0243784969889377
2.85580049101974,0.301127662536667,-0.0983013447784478,-0.697052378011597,0.0227796147943235,-0.133113496569461,0.0199271161813967,-0.434597726502411,0.02467939245409
2.87560589127251,0.300796850769902,-0.0989214524755238,-0.69714062404665,0.0229903551664089,-0.133070712140993,0.020077717466408,-0.434642898938195,0.0249826503560701
2.89554864491548,0.300461752736788,-0.0995441497463976,-0.697229598691521,0.0232031864691527,-0.13302708037271,0.0202291505502303,-0.434686861040718,0.0252882726583223
2.91562970451479,0.300122325235125,-0.100169423759998,-0.69731930653084,0.0234181321919314,-0.132982591774649,0.0203814142868474,-0.43472959501479,0.0255962612147512
2.93585002924278,0.299778524799767,-0.100797261156522,-0.697409752103613,0.0236352161473458,-0.132937236818792,0.0205345074381465,-0.434771083093642,0.0259066177721518
2.95621058492378,0.299430307705225,-0.101427648037719,-0.69750093989936,0.0238544624755052,-0.132891005939505,0.020688428672879,-0.434811307539725,0.0262193439726493
2.97671234408028,0.29907762996847,-0.102060569957071,-0.697592874354139,0.0240758956483237,-0.132843889533992,0.0208431765656064,-0.434850250645416,0.0265344413561482
2.99735628597932,0.298720447351927,-0.102696011909867,-0.697685559846445,0.0242995404738257,-0.132795877962762,0.0209987495956298,-0.434887894733626,0.0268519113627823
3.01814339667932,0.298358715366679,-0.103333958323168,-0.697779000692984,0.0245254221004592,-0.13274696155011,0.0211551461459041,-0.434924222158324,0.0271717553353675
3.03907466907719,0.297992389275874,-0.103974393045686,-0.697873201144326,0.0247535660214158,-0.132697130584613,0.0213123645019352,-0.434959215304962,0.0274939745218512
3.06015110295567,0.297621424098353,-0.104617299337546,-0.697968165380424,0.0249839980789542,-0.132646375319641,0.0214704028506626,-0.434992856590803,0.0278185700777567
3.08137370503119,0.297245774612486,-0.105262659859972,-0.698063897506008,0.0252167444687262,-0.132594685973886,0.0216292592793244,-0.435025128465172,0.0281455430686194
3.10274348900188,0.296865395360246,-0.105910456664868,-0.698160401545845,0.025451831744103,-0.132542052731911,0.0217889317743069,-0.435056013409598,0.0284748944724115
3.12426147559604,0.296480240651505,-0.106560671184321,-0.698257681439862,0.0256892868204989,-0.132488465744713,0.0219494182199781,-0.435085493937877,0.0288066251819528
3.14592869262085,0.296090264568563,-0.107213284220008,-0.698355741038139,0.025929136979692,-0.132433915130307,0.0221107163975044,-0.435113552596043,0.0291407360073033
3.16774617501149,0.295695420970921,-0.107868275932536,-0.698454584095755,0.0261714098741369,-0.132378390974332,0.0222728239836523,-0.435140171962247,0.0294772276781384
3.18971496488059,0.295295663500302,-0.10852562583069,-0.698554214267505,0.02641613353127,-0.132321883330678,0.0224357385495727,-0.435165334646552,0.0298161008460983
3.21183611156796,0.294890945585917,-0.109185312760619,-0.698654635102461,0.0266633363578031,-0.132264382222133,0.022599457559571,-0.435189023290637,0.0301573560871141
3.23411067169074,0.294481220449989,-0.109847314894946,-0.698755850038399,0.0269130471440034,-0.132205877641056,0.0227639783698601,-0.43521122056742,0.0305009939037058
3.25653970919388,0.294066441113537,-0.110511609721813,-0.698857862396077,0.0271652950679569,-0.132146359550074,0.0229292982272986,-0.435231909180591,0.0308470147272478
3.27912429540095,0.293646560402432,-0.111178174033875,-0.698960675373355,0.0274201096998133,-0.132085817882798,0.0230954142681139,-0.435251071864069,0.0311954189202035
3.30186550906528,0.293221530953713,-0.11184698391722,-0.699064292039182,0.0276775210060096,-0.132024242544577,0.0232623235166098,-0.43526869138137,0.0315462067783222
3.32476443642155,0.292791305222193,-0.112518014740255,-0.699168715327412,0.0279375593534682,-0.131961623413268,0.0234300228838597,-0.435284750524901,0.0318993785327996
3.3478221712376,0.292355835487335,-0.113191241142538,-0.699273948030476,0.0282002555137689,-0.131897950340038,0.0235985091663855,-0.435299232115167,0.0322549343523955
3.37103981486675,0.29191507386042,-0.113866637023568,-0.699379992792894,0.0284656406672896,-0.131833213150199,0.0237677790448225,-0.435312118999914,0.0326128743455108
3.39441847630035,0.291468972292007,-0.11454417553154,-0.699486852104627,0.0287337464073137,-0.131767401644065,0.0239378290825705,-0.435323394053183,0.0329731985622188
3.41795927222076,0.29101748257969,-0.115223829052075,-0.699594528294272,0.0290046047441016,-0.13170050559785,0.0241086557244323,-0.435333040174295,0.0333359069962475
3.44166332705473,0.290560556376148,-0.115905569196916,-0.699703023522087,0.0292782481089219,-0.131632514764586,0.0242802552952388,-0.43534104028677,0.0337009995869161
3.46553177302703,0.290098145197517,-0.116589366792615,-0.699812339772861,0.0295547093580386,-0.131563418875088,0.0244526239984629,-0.435347377337167,0.0340684762210162
3.48956575021462,0.289630200432057,-0.117275191869201,-0.699922478848607,0.029834021776653,-0.13149320763894,0.0246257579148216,-0.435352034293863,0.0344383367346432
3.51376640660105,0.289156673349145,-0.117963013648843,-0.700033442361098,0.030116219082795,-0.131421870745525,0.0247996530008666,-0.435354994145759,0.0348105809149702
3.53813489813128,0.288677515108585,-0.118652800534515,-0.70014523172422,0.0304013354311595,-0.131349397865088,0.0249743050875652,-0.435356239900925,0.0351852085019657
3.56267238876697,0.288192676770242,-0.119344520098668,-0.700257848146165,0.030689405416887,-0.131275778649835,0.025149709878872,-0.435355754585186,0.0355622191900536
3.58738005054197,0.287702109304009,-0.120038139071913,-0.70037129262144,0.0309804640792813,-0.131201002735073,0.0253258629502908,-0.435353521240644,0.0359416126297114
3.61225906361841,0.287205763600102,-0.120733623331729,-0.700485565922708,0.0312745469054627,-0.131125059740384,0.0255027597474294,-0.43534952292414,0.0363233884290078
3.63731061634298,0.286703590479701,-0.121430937891194,-0.700600668592451,0.0315716898339514,-0.131047939270849,0.0256803955845463,-0.435343742705663,0.0367075461550767
3.66253590530377,0.286195540705926,-0.122130046887756,-0.700716600934448,0.0318719292581775,-0.130969630918297,0.0258587656430919,-0.435336163666708,0.0370940853355267
3.68793613538733,0.285681564995164,-0.122830913572047,-0.70083336300508,0.0321753020299136,-0.130890124262616,0.0260378649702434,-0.435326768898575,0.0374830054597843
3.71351251983634,0.285161614028746,-0.123533500296746,-0.700950954604449,0.0324818454626248,-0.130809408873086,0.0262176884774356,-0.435315541500623,0.0378743059803706
3.73926628030746,0.284635638464976,-0.124237768505501,-0.701069375267317,0.0327915973347323,-0.130727474309775,0.0263982309388884,-0.435302464578479,0.0382679863141091
3.76519864692972,0.28410358895152,-0.124943678721922,-0.701188624253857,0.0331045958927864,-0.130644310124964,0.0265794869901312,-0.435287521242199,0.038664045843265
3.7913108583633,0.283565416138158,-0.125651190538648,-0.70130870054022,0.0334208798545429,-0.130559905864627,0.0267614511265259,-0.435270694604382,0.0390624839166133
3.81760416185865,0.283021070689898,-0.126360262606499,-0.701429602808913,0.0337404884119397,-0.130474251069958,0.0269441177017902,-0.435251967778252,0.0394632998504364
3.84407981331609,0.282470503300461,-0.127070852623721,-0.701551329438994,0.0340634612339678,-0.130387335278935,0.0271274809265212,-0.4352313238757,0.0398664929294495
3.87073907734582,0.281913664706138,-0.127782917325334,-0.70167387849607,0.034389838469432,-0.130299148027948,0.0273115348667209,-0.43520874600528,0.0402720624076534
3.89758322732826,0.28135050570002,-0.128496412472598,-0.701797247722109,0.0347196607495958,-0.13020967885346,0.0274962734423255,-0.435184217270189,0.0406800075091132
3.92461354547494,0.280780977146604,-0.129211292842589,-0.701921434525062,0.035052969190706,-0.13011891729373,0.0276816904257384,-0.435157720766196,0.0410903274286646
3.95183132288971,0.280205029996788,-0.129927512217918,-0.702046435968289,0.0353898053963918,-0.130026852890579,0.0278677794403704,-0.43512923957956,0.0415030213325439
3.97923785963041,0.279622615303236,-0.130645023376586,-0.702172248759792,0.0357302114599319,-0.12993347519121,0.0280545339591857,-0.435098756784906,0.0419180883589448
4.00683446477099,0.279033684236139,-0.131363778081991,-0.702298869241261,0.0360742299663844,-0.129838773750084,0.0282419473032574,-0.435066255443087,0.0423355276184984
4.03462245646401,0.278438188099355,-0.132083727073099,-0.702426293376917,0.0364219039945756,-0.129742738130838,0.028430012640333,-0.435031718599018,0.0427553381946792
4.06260316200361,0.277836078346946,-0.132804820054785,-0.702554516742166,0.0367732771189392,-0.129645357908267,0.0286187229834112,-0.434995129279491,0.0431775191441342
4.09077791788892,0.2772273066001,-0.133527005688362,-0.702683534512055,0.037128393411202,-0.129546622670354,0.0288080711893323,-0.434956470490972,0.0436020694969368
4.11914806988789,0.276611824664444,-0.134250231582298,-0.702813341449538,0.03748729744191,-0.129446522020357,0.0289980499573829,-0.434915725217383,0.0440289882567647
4.14771497310157,0.275989584547756,-0.134974444283145,-0.702943931893539,0.0378500342817876,-0.129345045578949,0.0291886518279169,-0.434872876417869,0.0444582744010015
4.17647999202884,0.27536053847807,-0.135699589266683,-0.703075299746826,0.0382166495029253,-0.129242182986414,0.0293798691809949,-0.434827907024555,0.0448899268807629
4.20544450063156,0.274724638922168,-0.136425610929286,-0.70320743846369,0.0385871891797885,-0.129137923904901,0.0295716942350429,-0.434780799940289,0.0453239446208473
4.23460988240025,0.274081838604481,-0.137152452579544,-0.703340341037423,0.0389616998900418,-0.129032258020731,0.0297641190455321,-0.434731538036386,0.0457603265196102
4.26397753042013,0.273432090526372,-0.137880056430118,-0.703473999987611,0.0393402287151817,-0.12892517504676,0.029957135503683,-0.434680104150357,0.046199071448764
4.29354884743766,0.272775347985828,-0.138608363589879,-0.703608407347222,0.0397228232409715,-0.128816664724805,0.0301507353351926,-0.434626481083643,0.0466401782531027
4.32332524592758,0.272111564597533,-0.139337314056305,-0.703743554649513,0.0401095315576724,-0.128706716828121,0.0303449100989905,-0.434570651599341,0.0470836457501517
4.35330814816033,0.271440694313343,-0.140066846708182,-0.703879432914739,0.0405004022600615,-0.128595321163938,0.0305396511860218,-0.434512598419933,0.047529472729744
4.38349898627002,0.270762691443159,-0.140796899298601,-0.704016032636667,0.0408954844472344,-0.128482467576055,0.0307349498180614,-0.43445230422502,0.0479776579535225
4.41389920232282,0.270077510676179,-0.141527408448269,-0.704153343768909,0.0412948277221795,-0.12836814594749,0.0309307970465613,-0.434389751649058,0.0484282001543685
4.44451024838583,0.269385107102553,-0.142258309639151,-0.704291355711061,0.0416984821911237,-0.128252346203192,0.0311271837515309,-0.434324923279095,0.0488810980357594
4.47533358659646,0.268685436235418,-0.142989537208448,-0.704430057294654,0.0421064984626358,-0.12813505831281,0.0313241006404552,-0.434257801652528,0.0493363502710528
4.50637068923228,0.267978454033318,-0.143721024342938,-0.704569436768925,0.042518927646485,-0.12801627229351,0.0315215382472506,-0.434188369254858,0.0497939555026995
4.53762303878129,0.26726411692302,-0.144452703073671,-0.704709481786402,0.0429358213522465,-0.127895978212867,0.0317194869312615,-0.434116608517461,0.0502539123413876
4.56909212801278,0.266542381822687,-0.145184504271063,-0.704850179388307,0.043357231687644,-0.127774166191797,0.0319179368762991,-0.434042501815373,0.0507162193651148
4.60077946004862,0.265813206165453,-0.145916357640368,-0.704991515989784,0.043783211256625,-0.12765082640756,0.0321168780897258,-0.433966031465087,0.0511808751181931
4.63268654843505,0.265076547923348,-0.14664819171757,-0.705133477364944,0.0442138131571605,-0.127525949096809,0.0323163004015852,-0.433887179722366,0.051647878110185
4.66481491721498,0.264332365631606,-0.147379933865691,-0.705276048631746,0.0446490909787604,-0.127399524558701,0.0325161934637818,-0.433805928780079,0.0521172268147724
4.69716610100076,0.263580618413329,-0.148111510271541,-0.705419214236701,0.0450890987996977,-0.127271543158065,0.0327165467493116,-0.433722260766047,0.0525889196685589
4.72974164504755,0.262821266004511,-0.148842845942916,-0.705562957939409,0.0455338911839347,-0.127141995328621,0.0329173495515462,-0.433636157740914,0.0530629550698076
4.76254310532705,0.262054268779418,-0.149573864706259,-0.705707262796937,0.0459835231777418,-0.127010871576258,0.0331185909835715,-0.433547601696043,0.0535393313771135
4.79557204860185,0.261279587776305,-0.150304489204805,-0.705852111148032,0.0464380503060028,-0.126878162482363,0.0333202599775853,-0.433456574551428,0.0540180469080126
4.82883005250031,0.260497184723484,-0.151034640897214,-0.705997484597181,0.0468975285681969,-0.126743858707207,0.0335223452843537,-0.433363058153637,0.0544990999375295
4.86231870559183,0.259707022065719,-0.151764240056717,-0.706143363998514,0.0473620144340521,-0.126607950993377,0.0337248354727303,-0.433267034273774,0.0549824886966621
4.89603960746281,0.258909062990945,-0.152493205770779,-0.706289729439569,0.0478315648388602,-0.126470430169272,0.0339277189292394,-0.433168484605472,0.0554682113708072
4.92999436879299,0.25810327145731,-0.153221455941303,-0.706436560224903,0.0483062371784452,-0.126331287152633,0.0341309838577255,-0.433067390762914,0.055956266098126
4.96418461143244,0.257289612220523,-0.153948907285383,-0.706583834859571,0.04878608930378,-0.126190512954141,0.0343346182790724,-0.432963734278877,0.0564466509678521
4.99861196847899,0.256468050861501,-0.15467547533662,-0.70673153103247,0.0492711795152393,-0.126048098681046,0.0345386100309926,-0.432857496602813,0.0569393640185414
5.03327808435624,0.255638553814308,-0.155401074447023,-0.706879625599561,0.0497615665564848,-0.125904035540858,0.0347429467678902,-0.432748659098955,0.0574344032362669
5.06818461489212,0.254801088394379,-0.156125617789496,-0.707028094566955,0.0502573096079719,-0.125758314845076,0.0349476159607992,-0.432637203044457,0.0579317665527583
5.10333322739797,0.253955622827006,-0.156849017360943,-0.707176913073903,0.0507584682800719,-0.125610928012964,0.0351526048974,-0.432523109627564,0.0584314518434872
5.13872560074817,0.253102126276091,-0.157571183985985,-0.707326055375659,0.0512651026058001,-0.125461866575369,0.035357900682115,-0.432406359945817,0.0589334569257006
5.17436342546036,0.252240568873144,-0.158292027321322,-0.707475494826246,0.0517772730331437,-0.125311122178583,0.035563490236287,-0.432286935004295,0.0594377795564022
5.21024840377617,0.251370921746515,-0.159011455860739,-0.707625203861133,0.0522950404169805,-0.125158686588245,0.0357693602984417,-0.432164815713877,0.0599444174302828
5.24638224974252,0.250493157050853,-0.159729376940779,-0.707775153979808,0.0528184660105806,-0.12500455169328,0.0359754974246365,-0.432039982889561,0.0604533681776027
5.2827666892935,0.249607247996771,-0.160445696747095,-0.707925315728284,0.0533476114566849,-0.124848709509872,0.036181887988898,-0.431912417248797,0.0609646293620242
5.31940346033281,0.248713168880713,-0.161160320321488,-0.708075658681522,0.0538825387781502,-0.124691152185479,0.0363885181837504,-0.431782099409869,0.0614781984783984
5.35629431281677,0.247810895114997,-0.161873151569659,-0.708226151425789,0.0544233103681557,-0.124531872002875,0.0365953740208362,-0.431649009890311,0.0619940729505045
5.39344100883792,0.246900403258026,-0.162584093269666,-0.708376761540964,0.0549699889799622,-0.124370861384225,0.0368024413316324,-0.431513129105353,0.0625122501287452
5.43084532270915,0.245981671044658,-0.163293047081126,-0.708527455582785,0.0555226377162167,-0.124208112895184,0.0370097057682629,-0.431374437366416,0.0630327272877974
5.4685090410485,0.2450546774167,-0.163999913555145,-0.708678199065066,0.0560813200177959,-0.12404361924903,0.0372171528044101,-0.43123291487963,0.0635555016242204
5.50643396286443,0.244119402553532,-0.164704592145021,-0.708828956441881,0.0566460996521797,-0.123877373310818,0.0374247677363273,-0.431088541744404,0.0640805702540218
5.54462189964184,0.243175827902825,-0.165406981217697,-0.708979691089715,0.05721704070135,-0.123709368101549,0.0376325356839533,-0.430941297952022,0.0646079302101825
5.58307467542852,0.242223936211352,-0.166106978066008,-0.709130365289625,0.0577942075492058,-0.123539596802367,0.037840441592132,-0.430791163384283,0.0651375784401421
5.6217941269223,0.241263711555854,-0.166804478921711,-0.70928094020938,0.0583776648684891,-0.12336805275877,0.0380484702319381,-0.430638117812178,0.0656695118032446
5.66078210355879,0.240295139373964,-0.167499378969318,-0.70943137588562,0.0589674776072138,-0.12319472948483,0.0382566062021104,-0.430482140894605,0.0662037270681461
5.70004046759971,0.239318206495153,-0.168191572360746,-0.709581631206035,0.0595637109745939,-0.123019620667428,0.0384648339305955,-0.430323212177123,0.0667402209101862
5.73957109422183,0.238332901171682,-0.168880952230784,-0.709731663891572,0.0601664304264601,-0.1228427201705,0.0386731376762017,-0.43016131109074,0.067278989908721
5.77937587160657,0.237339213109552,-0.169567410713402,-0.709881430478686,0.0607757016501641,-0.122664022039279,0.0388815015303671,-0.429996416950744,0.0678200305444226
5.81945670103016,0.236337133499404,-0.170250838958888,-0.71003088630165,0.0613915905489598,-0.122483520504547,0.0390899094190402,-0.429828508955569,0.0683633391965425
5.85981549695445,0.235326655047379,-0.170931127151853,-0.710179985474918,0.0620141632258596,-0.122301209986886,0.0392983451046778,-0.429657566185702,0.0689089121401408
5.90045418711838,0.234307772005893,-0.171608164530084,-0.710328680875589,0.0626434859669589,-0.122117085100915,0.0395067921883587,-0.429483567602624,0.0694567455432831
5.94137471263004,0.23328048020431,-0.172281839404269,-0.710476924125938,0.0632796252242224,-0.121931140659535,0.0397152341120161,-0.429306492047789,0.0700068354642034
5.9825790280594,0.232244777079499,-0.172952039178597,-0.710624665576071,0.0639226475977296,-0.121743371678146,0.0399236541607888,-0.429126318241643,0.0705591778484357
6.02406910153166,0.231200661706236,-0.173618650372238,-0.710771854286687,0.0645726198173738,-0.121553773378866,0.0401320354654932,-0.428943024782678,0.0711137685259136
6.06584691482126,0.23014813482744,-0.174281558641717,-0.710918438011978,0.0652296087240097,-0.121362341194717,0.0403403610052165,-0.428756590146522,0.0716706032080391
6.10791446344653,0.229087198884211,-0.174940648804168,-0.711064363182667,0.065893681250047,-0.121169070773803,0.0405486136100316,-0.42856699268507,0.0722296774847206
6.15027375676503,0.22801785804565,-0.175595804861504,-0.711209574889215,0.0665649043994839,-0.12097395798345,0.0407567759638352,-0.428374210625643,0.0727909868213811
6.19292681806951,0.226940118238422,-0.176246910025477,-0.711354016865194,0.0672433452273804,-0.120776998914329,0.0409648306073095,-0.428178222070191,0.0733545265559359
6.23587568468454,0.225853987176064,-0.176893846743645,-0.71149763147085,0.0679290708187655,-0.120578189884539,0.0411727599410073,-0.427979004994527,0.0739202918957421
6.27912240806387,0.224759474387971,-0.177536496726258,-0.711640359676878,0.0686221482669765,-0.120377527443655,0.0413805462285624,-0.427776537247598,0.0744882779145174
6.32266905388835,0.223656591248081,-0.178174740974038,-0.711782141048401,0.0693226446514288,-0.120175008376735,0.041588171600024,-0.42757079655079,0.0750584795492312
6.36651770216467,0.222545351003183,-0.178808459806891,-0.711922913729201,0.0700306270148125,-0.119970629708285,0.0417956180553161,-0.427361760497265,0.0756308915969659
6.41067044732463,0.221425768800858,-0.179437532893512,-0.712062614426184,0.070746162339716,-0.119764388706175,0.0420028674678224,-0.427149406551341,0.0762055087117504
6.45512939832527,0.220297861717009,-0.180061839281916,-0.712201178394123,0.0714693175246743,-0.119556282885496,0.0422099015880951,-0.426933712047889,0.076782325401364
6.49989667874954,0.21916164878295,-0.180681257430876,-0.712338539420678,0.0722001593596414,-0.119346310012374,0.042416702047689,-0.426714654191786,0.0773613360241122
6.54497442690774,0.218017151012028,-0.181295665242264,-0.712474629811717,0.0729387545008867,-0.119134468107709,0.0426232503631198,-0.426492210057378,0.0779425347855739
6.5903647959397,0.216864391425756,-0.181904940094311,-0.71260938037695,0.0736851694453149,-0.118920755450856,0.042829527939946,-0.426266356587989,0.0785259157353188
6.63606995391757,0.215703395079417,-0.182508958875751,-0.712742720415899,0.0744394705042098,-0.118705170583239,0.043035516076974,-0.426037070595462,0.0791114727635963
6.68209208394941,0.214534189087116,-0.183107598020882,-0.712874577704216,0.0752017237764051,-0.118487712311882,0.0432411959705856,-0.425804328759726,0.0796991995979957
6.72843338428345,0.213356802646249,-0.183700733545499,-0.713004878480365,0.0759719951208794,-0.118268379712877,0.043446548719187,-0.425568107628397,0.080289089800075
6.77509606841313,0.21217126706136,-0.184288241083729,-0.713133547432697,0.0767503501287818,-0.118047172134756,0.0436515553277782,-0.425328383616413,0.0808811367619615
6.82208236518274,0.210977615767355,-0.184869995925727,-0.71326050768691,0.0775368540948874,-0.117824089201781,0.0438561967126411,-0.425085133005693,0.0814753337029203
6.86939451889399,0.209775884352044,-0.185445873056256,-0.713385680793949,0.0783315719884867,-0.117599130817151,0.0440604537061465,-0.424838331944836,0.0820716736658931
6.91703478941313,0.208566110577978,-0.18601574719411,-0.713508986718326,0.0791345684237129,-0.117372297166102,0.0442643070616755,-0.424587956448842,0.0826701495140046
6.96500545227891,0.207348334403562,-0.186579492832396,-0.713630343826903,0.0799459076293093,-0.117143588718916,0.0444677374586576,-0.424333982398867,0.0832707539270369
7.0133087988113,0.206122598003397,-0.187136984279647,-0.713749668878146,0.0807656534178435,-0.116913006233824,0.0446707255077197,-0.424076385542009,0.0838734793978711
7.06194713622089,0.204888945787831,-0.187688095701758,-0.713866877011871,0.0815938691543706,-0.116680550759798,0.0448732517559462,-0.423815141491118,0.0844783182288954
7.11092278771915,0.203647424421698,-0.188232701164731,-0.713981881739498,0.0824306177245541,-0.11644622363924,0.0450752966922487,-0.423550225724646,0.0850852625283785
7.16023809262934,0.20239808284219,-0.188770674678218,-0.714094594934831,0.0832759615022477,-0.116210026510543,0.0452768407528399,-0.423281613586517,0.0856943042068077
7.20989540649828,0.201140972275862,-0.189301890239831,-0.714204926825382,0.0841299623165467,-0.11597196131054,0.0454778643268125,-0.42300928028603,0.0863054349731909
7.25989710120885,0.19987614625472,-0.189826221880228,-0.714312785984269,0.0849926814183144,-0.115732030276826,0.0456783477618189,-0.422733200897794,0.0869186463313218
7.31024556509332,0.198603660631368,-0.190343543708929,-0.714418079322675,0.0858641794461934,-0.115490235949949,0.045878271369848,-0.42245335036169,0.087533929576006
7.36094320304735,0.197323573593195,-0.190853729960859,-0.714520712082931,0.0867445163921076,-0.115246581175471,0.046077615433098,-0.422169703482867,0.0881512757892483
7.41199243664497,0.196035945675556,-0.191356655043597,-0.714620587832195,0.0876337515662668,-0.11500106910589,0.046276360209941,-0.42188223493176,0.0887706758364002
7.46339570425412,0.194740839773932,-0.191852193585298,-0.714717608456782,0.0885319435616798,-0.114753703202427,0.0464744859409752,-0.42159091924415,0.0893921203622639
7.51515546115323,0.193438321155044,-0.192340220483281,-0.714811674157139,0.0894391502181894,-0.114504487236656,0.0466719728551637,-0.421295730821247,0.0900155997871559
7.56727417964842,0.192128457466877,-0.192820610953248,-0.714902683443494,0.0903554285860385,-0.114253425292001,0.0468688011760527,-0.420996643929805,0.0906411043029246
7.61975434919166,0.190811318747608,-0.19329324057911,-0.714990533132197,0.0912808348889776,-0.11400052176507,0.0470649511280687,-0.420693632702275,0.0912686238689228
7.67259847649959,0.189486977433394,-0.193757985363403,-0.715075118342761,0.0922154244869282,-0.113745781366838,0.0472604029428885,-0.420386671136981,0.0918981482079343
7.72580908567334,0.188155508365008,-0.194214721778255,-0.715156332495634,0.0931592518382113,-0.113489209123669,0.0474551368658786,-0.420075733098341,0.0925296668020512
7.77938871831903,0.186816988793288,-0.194663326816883,-0.715234067310706,0.0941123704613567,-0.113230810378178,0.0476491331625993,-0.419760792317111,0.0931631688885019
7.83333993366922,0.185471498383385,-0.195103678045589,-0.715308212806579,0.0950748328965055,-0.112970590789925,0.0478423721253699,-0.419441822390674,0.0937986434554285
7.8876653087051,0.184119119217779,-0.195535653656229,-0.715378657300606,0.0960466906664195,-0.112708556335942,0.0480348340798894,-0.419118796783353,0.0944360792376108
7.94236743827963,0.182759935798037,-0.195959132519113,-0.715445287409731,0.0970279942371138,-0.112444713311085,0.0482264993919077,-0.418791688826777,0.0950754647121365
7.99744893524145,0.181394035045304,-0.196373994236316,-0.715507988052121,0.0980187929781267,-0.112179068328218,0.0484173484739444,-0.41846047172027,0.0957167880940163
8.0529124305597,0.180021506299494,-0.196780119195362,-0.715566642449641,0.0990191351224433,-0.111911628318212,0.048607361792047,-0.41812511853129,0.0963600373317405
8.10876057344967,0.178642441317171,-0.19717738862324,-0.715621132131148,0.100029067726089,-0.111642400529769,0.0487965198725863,-0.417785602195905,0.0970052001027781
8.16499603149936,0.177256934268085,-0.197565684640735,-0.715671336936654,0.101048636627409,-0.111371392529062,0.0489848033090815,-0.417441895519309,0.097652263809015
8.22162149079689,0.175865081730368,-0.197944890317011,-0.71571713502235,0.102077886406058,-0.111098612199191,0.0491721927690506,-0.417093971176389,0.0983012155721302
8.27863965605879,0.17446698268435,-0.198314889724443,-0.715758402866518,0.103116860341705,-0.110824067739453,0.0493586690008805,-0.416741801712333,0.0989520422289082
8.33605325075921,0.173062738504996,-0.198675567993625,-0.715795015276338,0.104165600372482,-0.110547767664423,0.0495442128407105,-0.416385359543285,0.0996047303264875
8.39386501726,0.171652452952937,-0.199026811368544,-0.715826845395605,0.1052241470532,-0.110269720802844,0.0497288052193237,-0.416024616957054,0.10025926611754
8.45207771694168,0.170236232164094,-0.199368507261863,-0.715853764713378,0.106292539513338,-0.109989936296328,0.049912427169041,-0.415659546113872,0.100915635555387
8.51069413033537,0.168814184637864,-0.199700544310284,-0.715875643073558,0.107370815414836,-0.109708423597858,0.0500950598306099,-0.415290119047208,0.101573824289037
8.56971705725559,0.167386421223881,-0.200022812429943,-0.715892348685419,0.108459010909706,-0.109425192470109,0.0502766844600844,-0.414916307664633,0.102233817658164
8.62914931693396,0.165953055107321,-0.200335202871798,-0.715903748135105,0.109557160597495,-0.109140252983557,0.0504572824356877,-0.414538083748756,0.102895600687999
8.68899374815392,0.164514201792749,-0.200637608276973,-0.715909706398094,0.1106652974826,-0.108853615514406,0.0506368352646525,-0.414155418958206,0.103559158084163
8.74925320938629,0.163069979086506,-0.200929922732002,-0.715910086852648,0.111783452931479,-0.108565290742315,0.0508153245900321,-0.413768284828692,0.104224474227408
8.80993057892579,0.161620507077628,-0.201212041823949,-0.715904751294259,0.112911656629768,-0.108275289647923,0.0509927321974765,-0.413376652774122,0.104891533168299
8.87102875502857,0.160165908117283,-0.201483862695344,-0.7158935599511,0.114049936539328,-0.107983623510188,0.0511690400219658,-0.412980494087799,0.105560318621797
8.93255065605059,0.158706306796736,-0.201745284098904,-0.715876371500483,0.115198318855251,-0.107690303903522,0.051344230154496,-0.412579779943682,0.106230813961784
8.99449922058705,0.15724182992383,-0.201996206451976,-0.715853043086347,0.116356827962846,-0.107395342694734,0.0515182848487091,-0.41217448139773,0.106903002215491
9.05687740761275,0.155772606497995,-0.202236531890687,-0.715823430337771,0.117525486394619,-0.107098752039778,0.0516911865274619,-0.411764569389327,0.107576866057854
9.11968819662343,0.154298767683766,-0.202466164323721,-0.715787387388521,0.118704314787297,-0.106800544380304,0.0518629177893267,-0.411350014742786,0.108252387805781
9.18293458777804,0.152820446782841,-0.202685009485712,-0.715744766897653,0.119893331838888,-0.106500732440025,0.0520334614150165,-0.410930788168947,0.10892954941234
9.2466196020421,0.151337779204649,-0.20289297499018,-0.715695420071151,0.121092554265832,-0.106199329220878,0.0522028003737297,-0.410506860266856,0.109608332460864
9.31074628133199,0.149850902435473,-0.203089970381983,-0.71563919668463,0.122301996760246,-0.105896347999012,0.0523709178294058,-0.410078201525553,0.110288718158961
9.3753176886602,0.148359956006093,-0.203275907189226,-0.715575945107098,0.123521671947302,-0.105591802320574,0.052537797146887,-0.409644782325946,0.110970687332452
9.44033690828169,0.146865081457999,-0.203450698974597,-0.71550551232578,0.124751590342763,-0.105285705997321,0.0527034218979782,-0.409206572942801,0.111654220419213
9.50580704584117,0.145366422308155,-0.203614261386073,-0.71542774397201,0.12599176031069,-0.104978073102042,0.0528677758673994,-0.408763543546829,0.112339297462934
9.57173122852146,0.143864124012335,-0.203766512206949,-0.715342484348195,0.127242188021369,-0.104668917963799,0.0530308430586238,-0.408315664206892,0.113025898106792
9.63811260519287,0.142358333927054,-0.20390737140516,-0.715249576455854,0.128502877409462,-0.104358255162996,0.0531926076995948,-0.407862904892328,0.113714001587034
9.70495434656358,0.140849201270094,-0.204036761181832,-0.715148862024723,0.129773830132421,-0.104046099526272,0.0533530542483169,-0.407405235475388,0.114403586726479
9.7722596453311,0.139336877079653,-0.204154606019036,-0.715040181542942,0.131055045529194,-0.103732466121218,0.0535121673983121,-0.406942625733812,0.115094631927924
9.84003171633479,0.137821514172131,-0.204260832726687,-0.714923374288315,0.132346520579239,-0.103417370250935,0.0536699320839376,-0.406475045353528,0.115787115167476
9.90827379670937,0.136303267098575,-0.204355370488551,-0.714798278360641,0.133648249861883,-0.10310082744842,0.0538263334855577,-0.406002463931489,0.116481013987788
9.97698914603959,0.1347822920998,-0.20443815090732,-0.71466473071512,0.134960225516051,-0.102782853470804,0.0539813570345639,-0.405524850978659,0.117176305491215
10.0461810465159,0.133258747060214,-0.204509108048701,-0.714522567196828,0.136282437200383,-0.102463464293423,0.0541349884182378,-0.405042175923133,0.117872966332885
10.1158528030912,0.131732791460373,-0.204568178484493,-0.714371622576259,0.137614872053786,-0.102142676103749,0.0542872135844509,-0.404554408113424,0.11857097271369
10.1860077436388,0.130204586328284,-0.204615301334602,-0.714211730585927,0.138957514656426,-0.101820505295172,0.0544380187461955,-0.404061516821894,0.119270300373185
10.2566492191112,0.128674294189495,-0.204650418307947,-0.714042723958038,0.140310346991201,-0.101496968460637,0.0545873903859415,-0.403563471248364,0.119970924582424
10.3277806037004,0.127142079015987,-0.204673473742236,-0.713864434463203,0.141673348405719,-0.101172082386161,0.0547353152598139,-0.403060240523876,0.120672820136701
10.3994052949988,0.125608106173912,-0.204684414642557,-0.713676692950202,0.143046495574807,-0.100845864044202,0.0548817804015857,-0.402551793714644,0.121375961348224
10.4715267141616,0.124072542370203,-0.204683190718754,-0.713479329386802,0.144429762463577,-0.10051833058692,0.0550267731264811,-0.402038099826179,0.122080322038713
10.5441483060703,0.122535555598091,-0.204669754421548,-0.713272172901588,0.145823120291083,-0.100189499339313,0.0551702810347856,-0.401519127807599,0.122785875531922
10.6172735394972,0.120997315081553,-0.204644060977371,-0.713055051826843,0.147226537494579,-0.0998593877922422,0.0553122920152556,-0.400994846556137,0.123492594646098
10.6909059072708,0.119457991218748,-0.204606068421879,-0.712827793742427,0.148639979694432,-0.0995280135953566,0.0554527942483274,-0.400465224921844,0.124200451686369
10.7650489264432,0.117917755524458,-0.2045557376321,-0.71259022552068,0.150063409659683,-0.0991953945499149,0.0555917762091165,-0.399930231712491,0.124909418437068
10.8397061384575,0.116376780571585,-0.204493032357206,-0.71234217337231,0.151496787274313,-0.0988615486015185,0.0557292266702087,-0.399389835698694,0.125619466154002
10.9148811093176,0.114835239931738,-0.204417919247856,-0.712083462893282,0.152940069504219,-0.0985264938327582,0.0558651347042341,-0.398844005619239,0.126330565556658
10.9905774297578,0.113293308114947,-0.20433036788409,-0.711813919112676,0.154393210364939,-0.0981902484557852,0.0559994896862251,-0.398292710186644,0.127042686820361
11.0667987154147,0.111751160508558,-0.204230350801756,-0.711533366541511,0.15585616089014,-0.09785283080481,0.056132281295752,-0.397735918092939,0.127755799568383
11.1435486070002,0.11020897331534,-0.204117843517421,-0.711241629222523,0.157328869100906,-0.0975142593285396,0.0562634995188356,-0.397173598015686,0.128469872864006
11.2208307704748,0.108666923490849,-0.203992824551761,-0.710938530780884,0.158811279975843,-0.0971745525825588,0.0563931346496324,-0.396605718624232,0.129184875202547
11.2986488972231,0.107125188680101,-0.203855275451395,-0.710623894475841,0.160303335422029,-0.0968337292216632,0.0565211772918911,-0.396032248586219,0.129900774503348
11.3770067042298,0.105583947153594,-0.203705180809144,-0.710297543253272,0.161804974246831,-0.0964918079921528,0.0566476183601787,-0.395453156574335,0.130617538101739
11.4559079342577,0.104043377742723,-0.203542528282698,-0.709959299799136,0.163316132130623,-0.0961488077240928,0.0567724490808727,-0.394868411273329,0.131335132740973
11.535356356026,0.102503659774637,-0.20336730861166,-0.709608986593804,0.164836741600406,-0.0958047473235503,0.0568956609929195,-0.394277981387286,0.13205352456415
11.6153557643908,0.100964973006594,-0.203179515632964,-0.70924642596725,0.166366732004388,-0.0954596457648139,0.0570172459483576,-0.393681835647178,0.132772679106123
11.6959099805258,0.0994274975598449,-0.202979146294645,-0.708871440155101,0.167906029487508,-0.0951135220826061,0.0571371961126039,-0.39307994281868,0.133492561285402
11.7770228521052,0.0978914138531108,-0.202766200667941,-0.708483851355504,0.169454556967964,-0.0947663953642944,0.0572555039645025,-0.392472271710274,0.134213135396058
11.8586982534876,0.0963569025356943,-0.202540681957719,-0.70808348178682,0.171012234114737,-0.0944182847421108,0.0573721622961372,-0.391858791181635,0.13493436509964
11.9409400859005,0.0948241444202774,-0.202302596511226,-0.707670153746099,0.172578977326155,-0.0940692093853875,0.0574871642124055,-0.391239470152311,0.135656213417102
12.0237522776272,0.0932933204154556,-0.202051953825128,-0.707243689668343,0.174154699709502,-0.0937191884928166,0.0576005031303559,-0.390614277610699,0.136378642720755
12.1071387841942,0.0917646114580582,-0.201788766550857,-0.706803912186518,0.17573931106171,-0.0933682412847424,0.0577121727782888,-0.389983182623317,0.137101614726257
12.1911035885602,0.0902381984453048,-0.201513050498247,-0.70635064419231,0.177332717851141,-0.0930163869954952,0.0578221671946213,-0.389346154344389,0.137825090484632
12.2756507013062,0.0887142621668496,-0.201224824637454,-0.705883708897591,0.17893482320048,-0.0926636448657727,0.0579304807265178,-0.388703162025739,0.138549030374346
12.3607841608273,0.0871929832367628,-0.200924111099164,-0.705402929896587,0.180545526870775,-0.0923100341350798,0.0580371080282876,-0.388054175027,0.139273394093435
12.4465080335254,0.0856745420255016,-0.20061093517308,-0.70490813122872,0.182164725246623,-0.0919555740342332,0.0581420440595519,-0.387399162826139,0.139998140651702
12.5328264140034,0.0841591185919185,-0.200285325304705,-0.704399137442107,0.183792311322534,-0.0916002837779387,0.0582452840831807,-0.386738095030312,0.14072322836299
12.6197434252612,0.0826468926153612,-0.199947313090401,-0.703875773657682,0.185428174690488,-0.0912441825574513,0.0583468236630044,-0.386070941387043,0.141448614837537
12.7072632188919,0.0811380433279096,-0.199596933270744,-0.703337865633945,0.187072201528704,-0.0908872895333231,0.0584466586613009,-0.385397671795736,0.142174256974427
12.7953899752808,0.079632749446805,-0.199234223722186,-0.702785239832284,0.188724274591639,-0.0905296238282493,0.0585447852360622,-0.384718256319519,0.142900110954151
12.8841279038047,0.0781311891071167,-0.198859225447011,-0.702217723482867,0.190384273201232,-0.0901712045200182,0.0586411998380436,-0.384032665197429,0.143626132231277
12.9734812430331,0.0766335397946974,-0.19847198256162,-0.701635144651079,0.19205207323942,-0.0898120506345749,0.0587358992075994,-0.383340868856934,0.144352275527254
13.0634542609305,0.0751399782794767,-0.198072542283133,-0.701037332304476,0.193727547141923,-0.0894521811392035,0.0588288803713081,-0.382642837926803,0.145078494823348
13.1540512550606,0.0736506805491387,-0.19766095491434,-0.700424116380224,0.195410563893337,-0.0890916149358378,0.0589201406383928,-0.381938543250317,0.14580474335373
13.2452765527909,0.0721658217432339,-0.197237273827001,-0.699795327853025,0.197100989023538,-0.0887303708545056,0.0590096775969402,-0.381227955898827,0.146530973598726
13.3371345115004,0.0706855760877698,-0.196801555443524,-0.699150798803472,0.198798684605413,-0.0883684676469153,0.059097489109923,-0.380511047185666,0.147257137278236
13.4296295187868,0.0692101168303298,-0.196353859217021,-0.698490362486835,0.200503509253931,-0.0880059239801904,0.0591835733110316,-0.379787788680405,0.147983185345339
13.5227659926764,0.0677396161757618,-0.195894247609785,-0.697813853402237,0.202215318126584,-0.0876427584307592,0.0592679286003189,-0.379058152223463,0.148709067980099
13.6165483818355,0.0662742452224854,-0.195422786070185,-0.697121107362202,0.20393396292519,-0.0872789894784065,0.0593505536396658,-0.378322109941069,0.149434734583575
13.7109811657822,0.0648141738994579,-0.194939543008018,-0.696411961562543,0.205659291899087,-0.0869146355004922,0.0594314473480711,-0.377579634260574,0.150160133772053
13.806068855101,0.0633595709038449,-0.194444589768325,-0.695686254652577,0.207391149849728,-0.0865497147663449,0.0595106088967731,-0.376830697926116,0.15088521337152
13.9018159916578,0.0619106036394362,-0.193938000603719,-0.69494382680562,0.209129378136684,-0.0861842454318347,0.059588037704209,-0.376075274014631,0.151609920412379
13.998227148817,0.0604674381558467,-0.193419852645228,-0.694184519789754,0.210873814685077,-0.0858182455341313,0.0596637334308181,-0.375313335952221,0.152334201124426
14.0953069316601,0.0590302390885454,-0.192890225871687,-0.693408177038827,0.212624293994452,-0.0854517329866532,0.0597376959736964,-0.374544857530862,0.153058000932106
14.1930599772055,0.0575991695997485,-0.19234920307772,-0.692614643723672,0.214380647149092,-0.0850847255742128,0.0598099254611081,-0.373769812925465,0.153781264450056
14.2914909546299,0.0561743913202146,-0.191796869840319,-0.691803766823498,0.216142701829798,-0.0847172409483617,0.0598804222468628,-0.372988176711276,0.154503935478946
14.3906045654914,0.05475606429198,-0.191233314484076,-0.690975395197443,0.217910282327145,-0.0843492966229418,0.0599491869045639,-0.372199923881619,0.155225957001642
14.4904055439544,0.0533443469120684,-0.190658628045072,-0.690129379656254,0.219683209556207,-0.083980909969846,0.0600162202217374,-0.37140502986597,0.155947271179694
14.5908986570152,0.051939395877208,-0.190072904233487,-0.689265573034062,0.221461301072792,-0.0836120982149928,0.0600815231938471,-0.370603470548378,0.156667819350171
14.6920887047298,0.0505413661295911,-0.189476239394928,-0.68838383026023,0.223244371091166,-0.0832428784345176,0.0601450970182054,-0.3697952222862,0.157387542022855
14.7939805204436,0.0491504108037056,-0.188868732470549,-0.687484008431243,0.225032230503292,-0.0828732675511857,0.0602069430877861,-0.368980261929166,0.1581063788778
14.8965789710218,0.0477666811742693,-0.188250484955965,-0.686565966882607,0.226824686899595,-0.0825032823310295,0.0602670629849487,-0.36815856683877,0.158824268763288
14.999888957082,0.0463903266052961,-0.187621600859016,-0.68562956726073,0.228621544591251,-0.0821329393802116,0.0603254584750812,-0.367330114907959,0.159541149694179
15.1039154132284,0.0450214945003206,-0.186982186656408,-0.68467467359476,0.230422604634012,-0.0817622551421186,0.0603821315001703,-0.366494884581141,0.160256958850677
15.2086633082875,0.0436603302538088,-0.186332351249275,-0.683701152368343,0.232227664853585,-0.0813912458946863,0.0604370841723069,-0.365652854874489,0.160971632577524
15.3141376455451,0.0423069772037775,-0.185672205917694,-0.682708872591267,0.234036519872552,-0.0810199277479582,0.060490318767136,-0.364804005396531,0.161685106383642
15.4203434629857,0.0409615765856469,-0.185001864274197,-0.681697705870978,0.235848961138859,-0.0806483166418802,0.0605418377172583,-0.363948316369032,0.162397314942229
15.5272858335329,0.0396242674873484,-0.184321442216314,-0.680667526483915,0.237664776955871,-0.0802764283443311,0.060591643605593,-0.363085768648148,0.163108192091327
15.6349698652918,0.0382951868057068,-0.18363105787819,-0.679618211446654,0.23948375251399,-0.0799042784493913,0.0606397391587104,-0.362216343745843,0.163817670834878
15.7434007017931,0.0369744692041183,-0.182930831581314,-0.678549640586809,0.241305669923862,-0.0795318823758498,0.0606861272401423,-0.361340023851568,0.164525683344275
15.8525835222385,0.0356622470715381,-0.182220885784403,-0.67746169661367,0.243130308251164,-0.0791592553659495,0.0607308108436788,-0.360456791854181,0.165232160960431
15.9625235417481,0.0343586504827983,-0.181501345032474,-0.676354265188548,0.244957443552975,-0.0787864124843719,0.0607737930866613,-0.359566631364105,0.165937034196378
16.07322601161,0.0330638071602665,-0.180772335905156,-0.675227234994785,0.246786848915745,-0.0784133686174592,0.0608150772032783,-0.35866952673571,0.166640232740395
16.1846962195303,0.0317778424368626,-0.18003398696427,-0.674080497807397,0.248618294494858,-0.0780401384726755,0.0608546665378747,-0.3577654630899,0.167341685459704
16.2969394898867,0.0305008792204421,-0.179286428700731,-0.672913948562325,0.250451547555793,-0.0776667365783034,0.0608925645382817,-0.356854426336912,0.168041320404723
16.4099611839816,0.0292330379595582,-0.178529793480797,-0.671727485425246,0.252286372516894,-0.0772931772833775,0.0609287747491765,-0.355936403199285,0.168739064813907
16.5237667002994,0.0279744366106136,-0.177764215491724,-0.670521009859931,0.254122530993733,-0.0769194747578511,0.0609633008054799,-0.355011381235016,0.169434845119171
16.6383614747635,0.0267251906064055,-0.176989830686848,-0.669294426696086,0.255959781845097,-0.0765456429929956,0.0609961464258004,-0.354079348860863,0.170128586951929
16.7537509809962,0.025485412826075,-0.176206776730158,-0.668047644196666,0.257797881220561,-0.0761716958020295,0.0610273154059332,-0.353140295375793,0.170820215149743
16.8699407305804,0.0242552135664628,-0.175415192940371,-0.666780574124615,0.259636582609692,-0.075797646820975,0.0610568116124224,-0.352194210984564,0.171509653763603
16.9869362733223,0.0230347005148775,-0.174615220234581,-0.665493131809002,0.261475636892846,-0.0754235095097392,0.0610846389761932,-0.35124108682141,0.172196826065849
17.1047431975172,0.0218239787232766,-0.173807001071495,-0.664185236210498,0.263314792393575,-0.0750492971534174,0.061110801486265,-0.350280914973823,0.172881654558737
17.2233671302159,0.0206231505838644,-0.172990679394314,-0.662856809986193,0.265153794932651,-0.0746750228638139,0.0611353031835495,-0.349313688506416,0.173564060983674
17.3428137374936,0.0194323158061049,-0.172166400573284,-0.661507779553675,0.266992387883677,-0.0743006995811775,0.0611581481547454,-0.348339401484844,0.174243966331123
17.4630887247206,0.0182515713951499,-0.171334311347973,-0.660138075154365,0.268830312230321,-0.073926340076148,0.0611793405263334,-0.347358048999764,0.174921290851184
17.5841978368348,0.0170810116316794,-0.17049455976929,-0.658747630916049,0.27066730662513,-0.0735519569519087,0.061198884458683,-0.346369627190825,0.175595954064874
17.7061468586161,0.0159207280531516,-0.169647295141311,-0.657336384914585,0.272503107449947,-0.0731775626465406,0.0612167841402745,-0.34537413327065,0.1762678747761
17.8289416149627,0.0147708094364577,-0.16879266796292,-0.655904279234729,0.274337448877921,-0.0728031694355741,0.0612330437820457,-0.344371565548817,0.176936971084342
17.9525879711692,0.0136313417819768,-0.167930829869327,-0.654451260030059,0.276170062937092,-0.0724287894347327,0.0612476676118704,-0.343361923455794,0.177603160398053
18.0770918332073,0.0125024082990233,-0.167061933573489,-0.65297727758194,0.278000679575563,-0.0720544346028628,0.0612606598691727,-0.342345207566817,0.178266359448777
18.2024591480069,0.0113840893926802,-0.166186132807461,-0.651482286357501,0.279829026728231,-0.071680116745046,0.0612720247996872,-0.341321419625696,0.178926484306
18.3286959037413,0.0102764626520104,-0.165303582263736,-0.649966245066583,0.281654830385092,-0.0713058475158862,0.0612817666503686,-0.340290562568514,0.179583450392737
18.4558081301122,0.00917960283963455,-0.164414437536578,-0.648429116717604,0.283477814661083,-0.0709316384229662,0.0612898896644577,-0.339252640547214,0.180237172501852
18.5838018986386,0.00809358188266833,-0.163518855063413,-0.646870868672328,0.285297701867484,-0.0705575008304689,0.0612963980767104,-0.338207658953029,0.180887564813133
18.7126833229461,0.00701846886500487,-0.162616992066282,-0.645291472699459,0.287114212584831,-0.0701834459629534,0.0613012961087939,-0.337155624439757,0.181534540911111
18.8424585590593,0.00595433002093358,-0.161709006493413,-0.643690905027051,0.288927065737365,-0.0698094849092843,0.0613045879648561,-0.33609654494684,0.182178013803626
18.9731338056957,0.00490122873008007,-0.160795056960931,-0.642069146393672,0.29073597866897,-0.069435628626703,0.0613062778272736,-0.335030429722228,0.182817895941161
19.1047153045619,0.00385922551365547,-0.159875302694736,-0.640426182098292,0.292540667220614,-0.069061887945036,0.0613063698525826,-0.333957289345008,0.18345409923692
19.2372093406515,0.00282837803200041,-0.158949903472583,-0.638762002048837,0.294340845809257,-0.0686882735710339,0.0613048681675972,-0.33287713574777,0.18408653508767
19.3706222425457,0.00180874108340913,-0.158019019566401,-0.637076600809388,0.296136227508217,-0.0683147960928317,0.0613017768657203,-0.331789982238685,0.184715114395343
19.5049603827152,0.000800366604218436,-0.157082811684862,-0.635369977645956,0.297926524128979,-0.0679414659845253,0.0612971000034495,-0.330695843523278,0.185339747589387
19.6402301778248,-0.000196696329854709,-0.156141440916247,-0.633642136570815,0.299711446304418,-0.067568293610855,0.0612908415970838,-0.32959473572585,0.185960344649886
19.7764380890397,-0.00118240150114314,-0.155195068671617,-0.631893086385328,0.301490703573429,-0.067195289231989,0.0612830056196321,-0.328486676410558,0.186576815131423
19.9135906223344,-0.00215670554624404,-0.154243856628341,-0.630122840721244,0.303264004466928,-0.0668224630083993,0.0612735959979293,-0.327371684602089,0.187189068187701
20.0516943288031,-0.00311956795103562,-0.153287966673975,-0.628331418080394,0.305031056595209,-0.0664498250058216,0.0612626166099603,-0.326249780805934,0.187797012596907
20.1907558049731,-0.00407095104451424,-0.152327560850547,-0.626518841872776,0.306791566736632,-0.0660773852002923,0.061250071282397,-0.32512098702822,0.188400556787826
20.3307816931193,-0.00501081999146893,-0.151362801299254,-0.624685140452961,0.308545240927613,-0.0657051534832526,0.0612359637883482,-0.323985326795073,0.188999608866682
20.4717786815819,-0.005939142784014,-0.150393850205592,-0.622830347154781,0.310291784553888,-0.0653331396667143,0.061220297845326,-0.322842825171494,0.189594076644717
20.6137535050858,-0.00685589023199713,-0.149420869744965,-0.620954500324269,0.312030902443025,-0.0649613534884767,0.0612030771134295,-0.321693508779725,0.190183867666491
20.756712945062,-0.0077610359523029,-0.148444022028758,-0.619057643350786,0.313762298958156,-0.0645898046173874,0.0611843051937479,-0.32053740581706,0.1907688892389
20.900663829972,-0.00865455635707137,-0.147463469050936,-0.617139824696312,0.315485678092886,-0.0642185026586397,0.0611639856269833,-0.319374546073097,0.191349048460893
21.0456130356336,-0.0095364306408519,-0.146479372635153,-0.615201097922851,0.317200743567357,-0.0638474571590958,0.0611421218922944,-0.318204960946395,0.19192425225389
21.1915674855492,-0.0104066407667115,-0.145491894382412,-0.613241521717899,0.31890719892543,-0.0634766776126311,0.0611187174063614,-0.317028683460507,0.192494407392882
21.338534151237,-0.0112651714513186,-0.144501195619292,-0.61126115991795,0.320604747632936,-0.0631061734654872,0.0610937755226722,-0.315845748279372,0.193059420538206
21.4865200525637,-0.0121120101490228,-0.143507437346752,-0.609260081529985,0.322293093176984,-0.0627359541216296,0.0610672995310301,-0.314656191722033,0.193619198267974
21.6355322580795,-0.0129471470349508,-0.142510780189538,-0.607238360750907,0.32397193916625,-0.062366028948098,0.0610392926572817,-0.313460051776663,0.194173647111149
21.7855778853565,-0.0137705749871389,-0.141511384346202,-0.605196076984887,0.325640989432245,-0.0619964072803442,0.0610097580632653,-0.31225736811386,0.194722673581257
21.9366641013278,-0.014582289567724,-0.140509409539759,-0.603133314858571,0.32729994813148,-0.0616270984275465,0.0609786988469779,-0.311048182099212,0.195266184210702
22.0887981226306,-0.0153822890032131,-0.139505014968984,-0.601050164234117,0.328948519848522,-0.0612581116778958,0.0609461180429597,-0.309832536805075,0.195804085585687
22.2419872159503,-0.0161705741638522,-0.138498359260377,-0.598946720220024,0.330586409699857,-0.0608894563038417,0.0609120186228942,-0.308610477021567,0.196336284381711
22.396238698368,-0.0169471485421157,-0.137489600420799,-0.596823083179708,0.332213323438545,-0.0605211415672941,0.0608764034964229,-0.307382049266741,0.196862687399622
22.5515599377096,-0.0177120182303378,-0.136478895790801,-0.594679358737797,0.333828967559591,-0.06015317672477,0.0608392755121705,-0.306147301795915,0.197383201602224
22.7079583528983,-0.0184651918975059,-0.13546640199865,-0.592515657784105,0.335433049405999,-0.0597855710324785,0.0608006374589804,-0.30490628461014,0.197897734151383
22.8654414143084,-0.0192066807652376,-0.134452274915075,-0.590332096475252,0.337025277275451,-0.0594183337513373,0.0607604920673552,-0.303659049463781,0.198406192445651
23.0240166441225,-0.0199364985829616,-0.133436669608728,-0.588128796233894,0.338605360527544,-0.0590514741519111,0.0607188420111013,-0.302405649871189,0.198908484158353
23.1836916166905,-0.0206546616023246,-0.132419740302396,-0.585905883745538,0.340173009691559,-0.0586850015192669,0.0606756899091725,-0.301146141112443,0.199404517276131
23.3444739588916,-0.0213611885508434,-0.131401640329945,-0.583663490952901,0.341727936574661,-0.0583189251577369,0.0606310383277104,-0.299880580238145,0.199894200137912
23.5063713504986,-0.0220561006048237,-0.130382522094027,-0.581401755047793,0.34326985437052,-0.0579532543955828,0.0605848897822764,-0.298609026073244,0.200377441474282
23.6693915245447,-0.0227394213615667,-0.129362537024554,-0.579120818460489,0.344798477768251,-0.0575879985895553,0.0605372467402723,-0.297331539219872,0.200854150447235
23.8335422676926,-0.0234111768108825,-0.128341835537945,-0.576820828846571,0.346313523061629,-0.0572231671293399,0.0604881116235438,-0.296048182059166,0.201324236690264
23.9988314206069,-0.0240713953059331,-0.127320566997151,-0.574501939071204,0.347814708258526,-0.0568587694418847,0.0604374868111636,-0.29475901875208,0.201787610348787
24.1652668783283,-0.0247201075334227,-0.126298879672478,-0.572164307190835,0.349301753190476,-0.0564948149956024,0.0603853746423886,-0.29346411523914,0.202244182120851
24.3328565906507,-0.0253573464831574,-0.125276920703205,-0.569808096432289,0.350774379622333,-0.0561313133044406,0.0603317774197856,-0.292163539239149,0.202693863298106
24.5016085625011,-0.0259831474169937,-0.124254836060005,-0.56743347516923,0.352232311361931,-0.0557682739318145,0.060276697412521,-0.290857360246822,0.203136565807014
24.6715308543219,-0.026597547837196,-0.12323277050818,-0.565040616895997,0.353675274369691,-0.0554057064943959,0.0602201368598085,-0.289545649529328,0.203572202250252
24.8426315824557,-0.0272005874542224,-0.122210867571709,-0.562629700198769,0.355102996868093,-0.0550436206657537,0.0601620979745091,-0.288228480121736,0.204000685948294
25.0149189195333,-0.0277923081539593,-0.121189269498132,-0.560200908724063,0.35651520945096,-0.0546820261798391,0.0601025829468775,-0.28690592682135,0.204421930981123
25.1884010948637,-0.028372753964424,-0.120168117224242,-0.557754431144554,0.357911645192458,-0.0543209328343121,0.060041593948449,-0.285578066180915,0.204835852230053
25.3630863948277,-0.0289419710219546,-0.119147550342631,-0.55529046112219,0.359292039755759,-0.0539603504937026,0.05997913313606,-0.2842449765007,0.205242365419622
25.538983163273,-0.0295000075369067,-0.118127707069062,-0.552809197268622,0.360656131501279,-0.0536002890924034,0.059915202655996,-0.282906737819427,0.205641387159521
25.7160998019135,-0.0300469137588766,-0.117108724210686,-0.550310843102914,0.362003661594425,-0.0532407586374889,0.0598498046482605,-0.281563431904061,0.206032834986528
25.89444477073,-0.0305827419414694,-0.116090737135107,-0.547795607006553,0.363334374112767,-0.0528817692113564,0.0597829412509583,-0.280215142238435,0.206416627406404
26.0740265883745,-0.0311075463066306,-0.1150738797403,-0.545263702175752,0.364648016152562,-0.0525233309741862,0.0597146146047852,-0.278861954010716,0.20679268393573
26.2548538325773,-0.0316213830085621,-0.11405828442537,-0.542715346571037,0.365944337934561,-0.0521654541662159,0.0596448268576182,-0.277503954099706,0.207160925143637
26.4369351405564,-0.0321243100972381,-0.113044082062185,-0.540150762864144,0.367223092908995,-0.0518081491098268,0.0595735801691988,-0.276141231059968,0.207521272693389
26.6202792094301,-0.0326163874815427,-0.112031401967856,-0.537570178382208,0.368484037859695,-0.051451426211439,0.0595008767159011,-0.274773875105789,0.207873649383803
26.8048947966327,-0.0330976768920452,-0.111020371878078,-0.534973825049276,0.369726933007244,-0.051095295963211,0.059426718695579,-0.273401978093956,0.208217979190444
26.9907907203326,-0.0335682418434336,-0.110011117921343,-0.532361939325147,0.370951542111086,-0.0507397689445442,0.0593511083324836,-0.27202563350538,0.208554187306575
27.1779758598533,-0.0340281475966221,-0.109003764594012,-0.529734762141541,0.372157632570516,-0.050384855823387,0.0592740478822442,-0.27064493642553,0.208882200183821
27.3664591560979,-0.0344774611205543,-0.107998434736253,-0.527092538835644,0.373344975524478,-0.0500305673573388,0.0591955396369043,-0.269259983523713,0.209201945572501
27.556249611976,-0.034916251053715,-0.106995249508853,-0.524435519081019,0.374513345950067,-0.0496769143945507,0.0591155859300063,-0.26787087303119,0.209513352561607
27.7473562928336,-0.0353445876653752,-0.105994328370898,-0.52176395681593,0.375662522759692,-0.0493239078744237,0.0590341891417157,-0.266477704718129,0.209816351618375
27.9397883268864,-0.0357625428165814,-0.104995789058315,-0.519078110169084,0.376792288896784,-0.0489715588281,0.0589513517039788,-0.265080579869417,0.210110874627425
28.1335549056553,-0.0361701899209127,-0.103999747563299,-0.516378241382835,0.377902431429995,-0.0486198783787503,0.0588670761057037,-0.263679601259329,0.210396854929417
28.3286652844062,-0.0365676039050192,-0.103006318114598,-0.513664616733879,0.378992741645802,-0.0482688777416541,0.0587813648979598,-0.262274873125059,0.210674227359212
28.5251287825912,-0.0369548611689625,-0.10201561315868,-0.510937506451464,0.380063015139434,-0.0479185682240739,0.0586942206991858,-0.260866501139144,0.210942928283461
28.7229547842946,-0.0373320395463733,-0.10102774334176,-0.508197184633164,0.381113051904049,-0.047568961224923,0.0586056462003989,-0.259454592380769,0.21120289563763
28.9221527386804,-0.0376992182644461,-0.100042817492709,-0.505443929158249,0.38214265641808,-0.0472200682342278,0.0585156441703986,-0.25803925530599,0.21145406896239
29.1227321604441,-0.0380564779037857,-0.0990609426068227,-0.502678021598701,0.383151637730689,-0.046871900832385,0.0584242174609558,-0.256620599716864,0.211696389439349
29.324702630267,-0.0384039003581254,-0.0980822238304674,-0.49989974712791,0.384139809545225,-0.0465244706892143,0.058331369011981,-0.255198736729536,0.211929799926098
29.5280737952738,-0.0387415687939333,-0.0971067644465877,-0.497109394427107,0.385106990300647,-0.0461777895628087,0.0582371018566629,-0.253773778741268,0.212154244990516
29.7328553694936,-0.0390695676099225,-0.096134665861084,-0.494307255589582,0.386053003250812,-0.0458318692981834,0.0581414191265709,-0.252345839396449,0.212369670944322
29.9390571343235,-0.0393879823964854,-0.0951660275900532,-0.491493626022743,0.386977676541572,-0.0454867218257254,0.0580443240567128,-0.250915033551602,0.212576025875816
30.1466889389963,-0.0396968998950661,-0.0942009472478923,-0.488668804348066,0.387880843285607,-0.0451423591594453,0.057945819990542,-0.249481477239407,0.212773259681801
30.3557607010504,-0.0399964079574905,-0.093239520536263,-0.485833092298995,0.388762341634918,-0.0447987933950349,0.0578459103849053,-0.248045287631766,0.212961324098629
30.566282406804,-0.0402865955052699,-0.0922818412339139,-0.482986794616866,0.389622014850932,-0.0444560367077319,0.0577445988149259,-0.24660658300193,0.213140172732353
30.7782641118319,-0.0405675524888944,-0.0913280011873578,-0.480130218944896,0.39045971137213,-0.0441141013499954,0.0576418889788123,-0.245165482685724,0.213309761087951
30.9917159414457,-0.0408393698471354,-0.0903780903024019,-0.477263675720329,0.391275284879158,-0.0437729996489956,0.0575377847025892,-0.243722107041879,0.21347004659759
31.2066480911777,-0.0411021394663715,-0.089432196536526,-0.474387478064781,0.392068594357345,-0.0434327440039196,0.0574322899447408,-0.242276577411516,0.213620988647895
31.4230708272674,-0.0413559541399559,-0.0884904058921074,-0.47150194167288,0.392839504156574,-0.0430933468830995,0.057325408800762,-0.240829016076803,0.213762548606209
31.6409944871527,-0.0416009075276424,-0.087552802410486,-0.468607384699255,0.393587884048452,-0.0427548208209641,0.0572171455076098,-0.23937954621881,0.213894689845796
31.8604294799627,-0.0418370941150853,-0.0866194681668681,-0.46570412764396,0.394313609280721,-0.0424171784148198,0.0571075044480493,-0.237928291874607,0.214017377769979
32.0813862870155,-0.0420646091734316,-0.0856904832660619,-0.462792493236402,0.395016560628863,-0.042080432321465,0.0569964901548885,-0.236475377893624,0.214130579835169
32.3038754623189,-0.0422835487190207,-0.0847659258390421,-0.459872806317867,0.395696624444839,-0.0417445952536418,0.0568841073150945,-0.235020929893308,0.214234265572782
32.5279076330741,-0.0424940094732082,-0.0838458720403378,-0.456945393722703,0.396353692702928,-0.0414096799763305,0.0567703607737878,-0.233565074214124,0.214328406609993
32.7534935001834,-0.0426960888223313,-0.0829303960462374,-0.454010584158265,0.396987663042618,-0.0410756993028914,0.056655255538107,-0.232107937873911,0.214412976689333
32.9806438387618,-0.0428898847778306,-0.0820195700538062,-0.451068708083696,0.397598438808496,-0.0407426660910599,0.0565387967809398,-0.230649648521649,0.214487951687082
33.2093694986511,-0.0430754959365461,-0.0811134642807106,-0.448120097587628,0.39818592908712,-0.0404105932387981,0.056420989844515,-0.229190334390673,0.214553309630461
33.4396814049384,-0.0432530214412018,-0.0802121469658416,-0.445165086264899,0.398750048740814,-0.0400794936800116,0.0563018402438508,-0.227730124251353,0.214609030713582
33.6715905584778,-0.0434225609410966,-0.0793156843707316,-0.44220400909237,0.399290718438373,-0.0397493803801344,0.0561813536700536,-0.226269147363296,0.214655097312158
33.9051080364161,-0.0435842145530162,-0.0784241407817578,-0.439237202303931,0.399807864682632,-0.0394202663315888,0.0560595359934655,-0.224807533427103,0.21469149399694
34.1402449927217,-0.0437380828223822,-0.077537578513125,-0.4362650032648,0.400301419834886,-0.0390921645491269,0.0559363932666534,-0.223345412535718,0.214718207545886
34.3770126587175,-0.0438842666846544,-0.0766560579106189,-0.433287750345189,0.400771322136122,-0.0387650880650582,0.0558119317272376,-0.221882915125412,0.21473522695502
34.6154223436172,-0.0440228674270015,-0.0757796373561243,-0.430305782793447,0.401217515725062,-0.0384390499243711,0.0556861578005558,-0.220420171926437,0.214742543448004
34.8554854350656,-0.0441539866502549,-0.0749083732728968,-0.427319440608763,0.40163995065298,-0.0381140631797541,0.0555590781021591,-0.218957313913401,0.214740150484377
35.0972133996824,-0.0442777262311623,-0.0740423201315828,-0.424329064413542,0.402038582895289,-0.0377901408865222,0.0554306994401368,-0.217494472255391,0.214728043766483
35.3406177836102,-0.044394188284955,-0.0731815304569761,-0.42133499532552,0.402413374359889,-0.0374672960974568,0.0553010288172666,-0.216031778265894,0.214706221245056
35.5857102130658,-0.0445034751282436,-0.0723260548355033,-0.418337574829752,0.402764292892265,-0.0371455418575637,0.0551700734329891,-0.214569363352564,0.21467468312347
35.8325023948954,-0.044605689242258,-0.071475941923428,-0.415337144650536,0.403091312277324,-0.0368248911987584,0.0550378406852022,-0.213107358966861,0.214633431860647
36.081006117134,-0.0447009332364451,-0.0706312384557631,-0.412334046623389,0.403394412237988,-0.0365053571344822,0.0549043381718743,-0.211645896553613,0.21458247217261
36.3312332495683,-0.0447893098124382,-0.0697919892558827,-0.409328622567172,0.403673578430521,-0.036186952654259,0.0547695736924756,-0.210185107500543,0.214521811032696
36.5831957443038,-0.0448709217284137,-0.0689582372458209,-0.406321214156449,0.403928802436626,-0.0358696907181978,0.0546335552492229,-0.208725123087811,0.214451457670415
36.8369056363357,-0.0449458717638469,-0.0681300234572472,-0.403312162794189,0.404160081752288,-0.0355535842514479,0.0544962910481401,-0.207266074437586,0.214371423568956
37.0923750441235,-0.045014262684682,-0.0673073870431087,-0.400301809484899,0.4043674197734,-0.0352386461386147,0.0543577894999304,-0.205808092463727,0.214281722461359
37.3496161701702,-0.0450761972089286,-0.0664903652899249,-0.397290494708291,0.40455082577818,-0.0349248892181414,0.0542180592206616,-0.204351307821586,0.21418237032533
37.6086413016048,-0.0451317779726983,-0.0656789936307248,-0.394278558293574,0.404710314906395,-0.0346123262766654,0.0540771090322619,-0.202895850857986,0.214073385376737
37.8694628107695,-0.0451811074966941,-0.064873305658614,-0.391266339294461,0.404845908135418,-0.0343009700433538,0.0539349479628285,-0.201441851561418,0.213954788061759
38.1320931558105,-0.0452242881531643,-0.0640733331409583,-0.388254175865,0.404957632253143,-0.0339908331842279,0.0537915852467462,-0.199989439512491,0.21382660104773
38.3965448812729,-0.0452614221333339,-0.0632791060341719,-0.385242405136299,0.405045519827783,-0.0336819282964801,0.0536470303246184,-0.198538743834679,0.213688849212665
38.6628306187004,-0.0452926114153251,-0.0624906524990964,-0.382231363094264,0.405109609174592,-0.0333742679027931,0.0535012928430102,-0.197089893145408,0.213541559633483
38.9309630872381,-0.045317957732578,-0.0617079989169572,-0.379221384458411,0.405149944319536,-0.0330678644456655,0.0533543826540033,-0.195643015507515,0.213384761572954
39.2009550942403,-0.0453375625427828,-0.0609311699058834,-0.376212802561868,0.405166574959959,-0.0327627302817525,0.0532063098145665,-0.194198238381132,0.213218486465365
39.4728195358824,-0.0453515269973347,-0.0601601883379786,-0.373205949232634,0.405159556422273,-0.0324588776762267,0.05305708458574,-0.192755688576013,0.21304276790093
39.7465693977764,-0.045359951911321,-0.0593950753569251,-0.370201154676196,0.40512894961674,-0.0321563187971664,0.0529067174316362,-0.191315492204363,0.212857641608967
40.0222177555915,-0.0453629377340517,-0.0586358503961109,-0.367198747359572,0.405074820989362,-0.0318550657099775,0.0527552190182601,-0.189877774634194,0.212663145439843
40.2997777756789,-0.0453605845201421,-0.0578825311972609,-0.364199053896884,0.40499724247095,-0.0315551303718548,0.0526026002121482,-0.188442660443246,0.212459319345723
40.5792627157,-0.0453529919011569,-0.0571351338295609,-0.361202398936523,0.404896291423428,-0.0312565246262901,0.0524488720788314,-0.187010273373514,0.212246205360133
40.8606859252603,-0.0453402590578258,-0.0563936727092558,-0.358209105049988,0.404772050583399,-0.0309592601976317,0.0522940458811217,-0.185580736286407,0.212023847576369
41.1440608465467,-0.045322484692837,-0.0556581606197085,-0.355219492622487,0.404624608003066,-0.030663348685702,0.0521381330772263,-0.184154171118584,0.211792292124759
41.4294010149697,-0.0452997670042186,-0.0549286087319044,-0.352233879745358,0.404454056988543,-0.0303688015604793,0.0519811453186928,-0.182730698838489,0.21155158714882
41.7167200598098,-0.0452722036593142,-0.0542050266253827,-0.349252582110393,0.404260496035631,-0.030075630156848,0.0518230944481863,-0.181310439403626,0.21130178278032
42.0060317048688,-0.0452398917693607,-0.0534874223095818,-0.346275912906137,0.404044028763116,-0.0297838456694251,0.0516639924971042,-0.1798935117186,0.211042931113284
42.2973497691249,-0.0452029278646745,-0.0527758022455814,-0.34330418271621,0.40380476384366,-0.0294934591474659,0.0515038516830298,-0.178480033593955,0.210775086176961
42.5906881673929,-0.0451614078704524,-0.0520701713682232,-0.340337699419741,0.40354281493236,-0.0292044814898551,0.0513426844070295,-0.177070121705842,0.210498303907781
42.8860609109892,-0.0451154270831934,-0.0513705331085971,-0.337376768093964,0.403258300593027,-0.0289169234401893,0.0511805032507973,-0.175663891556536,0.210212642120345
43.1834821084004,-0.0450650801477464,-0.0506768894168734,-0.334421690919031,0.402951344222282,-0.0286307955819534,0.0510173209736499,-0.174261457435839,0.209918160477448
43.4829659659579,-0.0450104610349893,-0.0499892407854662,-0.331472767085108,0.402622073971527,-0.0283461083337985,0.050853150509377,-0.172862932383388,0.209614920459205
43.7845267885158,-0.0449516630201425,-0.0493075862725096,-0.328530292701802,0.402270622666866,-0.0280628719449228,0.0506880049629503,-0.171468428151897,0.209302985331276
44.0881789801347,-0.0448887786617227,-0.0486319235256318,-0.325594560709973,0.40189712772707,-0.0277810964905621,0.0505218976070965,-0.170078055171347,0.208982420112239
44.3939370447695,-0.0448218997811391,-0.0479622488060086,-0.322665860795977,0.401501731079646,-0.0275007918675928,0.0503548418787378,-0.168691922514161,0.208653291540146
44.701815586962,-0.0447511174429359,-0.0472985570126804,-0.319744479308384,0.401084579075102,-0.0272219677902521,0.0501868513753052,-0.167310137861371,0.208315668038286
45.0118293125388,-0.0446765219356826,-0.0466408417071144,-0.316830699177221,0.400645822399482,-0.0269446337859776,0.0500179398509283,-0.165932807469803,0.207969619680197
45.3239930293136,-0.0445982027535152,-0.0459890951379973,-0.313924799835764,0.400185615985265,-0.0266687991913723,0.0498481212125078,-0.164560036140301,0.207615218153947
45.6383216477945,-0.0445162485783295,-0.0453433082662394,-0.311027057144935,0.399704118920696,-0.0263944731482961,0.0496774095156741,-0.163191927186996,0.207252536725749
45.954830181896,-0.0444307472626273,-0.0447034707901739,-0.308137743320321,0.399201494357641,-0.0261216646000872,0.0495058189606378,-0.161828582407649,0.206881650202903
46.2735337496566,-0.044341785813017,-0.0440695711709356,-0.305257126861849,0.398677909418058,-0.0258503822879185,0.0493333638879373,-0.160470102055073,0.206502634896138
46.5944475739604,-0.0442494503743679,-0.0434415966580002,-0.302385472486156,0.398133535099155,-0.0255806347472882,0.0491600587740879,-0.159116584809653,0.20611556858137
46.9175869832646,-0.0441538262146181,-0.0428195333148691,-0.299523041061654,0.397568546177329,-0.02531243030465,0.0489859182271375,-0.157768127752971,0.205720530460913
47.2429674123316,-0.0440549977102358,-0.0422033660448822,-0.296670089546342,0.39698312111097,-0.0250457770741837,0.0488109569821356,-0.156424826342547,0.205317601124189
47.5706044029659,-0.0439530483323322,-0.0415930786171426,-0.293826870928353,0.396377441942225,-0.0247806829547094,0.0486351898965184,-0.155086774387708,0.204906862507963
47.9005136047569,-0.0438480606334244,-0.0409886536925361,-0.290993634169273,0.395751694197786,-0.0245171556267451,0.0484586319454178,-0.153754064026598,0.204488397856142
48.2327107758263,-0.0437401162348465,-0.0403900728498307,-0.28817062415023,0.395106066788818,-0.024255202549712,0.0482812982168975,-0.152426785704314,0.204062291679178
48.5672117835806,-0.0436292958148061,-0.0397973166118374,-0.285358081620776,0.394440751910086,-0.0239948309592873,0.0481032039071231,-0.151105028152206,0.203628629713111
48.904032605469,-0.0435156790970833,-0.0392103644716191,-0.28255624315055,0.393755944938388,-0.023736047864906,0.0479243643154704,-0.149788878368311,0.203187498878278
49.243189329747,-0.0433993448403686,-0.0386291949187298,-0.279765341083744,0.393051844330363,-0.0234788600474127,0.0477447948395778,-0.148478421598953,0.202738987237746
49.5846981562442,-0.0432803708282357,-0.0380537854654697,-0.276985603496358,0.392328651519773,-0.0232232740568653,0.0475645109703483,-0.147173741321492,0.202283183955475
49.9285753971387,-0.0431588338597461,-0.0374841126731396,-0.27421725415625,0.391586570814335,-0.0229692962104895,0.0473835282869054,-0.145874919228225,0.201820179254276
50.2748374777359,-0.0430348097406789,-0.0369201521782808,-0.271460512485972,0.390825809292185,-0.0227169325907857,0.0472018624515097,-0.144582035211448,0.201350064373583
50.6235009372529,-0.0429083732753822,-0.0363618787188844,-0.268715593528385,0.390046576698065,-0.0224661890437891,0.04701952920444,-0.143295167349663,0.200872931527073
50.974582429609,-0.0427795982592406,-0.0358092661605557,-0.265982707915046,0.389249085339313,-0.022217071177481,0.046836544358845,-0.142014391894939,0.200388873860181
51.3280987242209,-0.0426485574717518,-0.0352622875226188,-0.263262061837337,0.388433549981729,-0.0219695843603534,0.0466529237955702,-0.140739783261414,0.199897985407534
51.6840667068035,-0.0425153226702078,-0.0347209150041487,-0.260553857020352,0.387600187745412,-0.0217237337201259,0.046468683457966,-0.139471414014937,0.199400361050338
52.0425033801768,-0.0423799645839723,-0.0341851200099151,-0.257858290699489,0.386749218000625,-0.0214795241426133,0.0462838393466809,-0.13820935486384,0.198896096473763
52.4034258650778,-0.042242552909349,-0.0336548731762243,-0.255175555599747,0.385880862263795,-0.021236960270745,0.0460984075144453,-0.136953674650837,0.198385288124341
52.7668514009784,-0.0421031563050331,-0.0331301443966482,-0.252505839917701,0.384995344093698,-0.0209960465037344,0.0459124040608514,-0.135704440346038,0.19786803316743
53.1327973469088,-0.0419618423881376,-0.0326109028476241,-0.249849327306124,0.384092888987916,-0.0207567869963972,0.0457258451271331,-0.134461717041066,0.197344429444757
53.5012811822866,-0.041818677730788,-0.0320971170139152,-0.247206196861235,0.383173724279641,-0.0205191856586181,0.0455387468909508,-0.133225567944274,0.196814575432085
53.8723205077517,-0.041673727857276,-0.0315887547139178,-0.244576623112536,0.38223807903489,-0.0202832461549641,0.045351125561187,-0.131996054377041,0.196278570197027
54.2459330460073,-0.0415270572417647,-0.0310857831248038,-0.241960776015213,0.381286183950214,-0.0200489719044434,0.0451629973727553,-0.13077323577114,0.195736513357042
54.6221366426659,-0.0413787293065361,-0.0305881688074862,-0.239358820945064,0.380318271250955,-0.0198163660804071,0.0449743785814289,-0.129557169667166,0.195188505037642
55.0009492671021,-0.041228806420772,-0.0300958777313977,-0.236770918695909,0.379334574590128,-0.0195854316105942,0.0447852854586919,-0.128347911714005,0.194634645830831
55.3823890133107,-0.0410773498998592,-0.0296088752990682,-0.234197225479468,0.378335328947989,-0.0193561711773159,0.0445957342866194,-0.127145515669331,0.194075036753815
55.7664741007712,-0.0409244200052098,-0.0291271263704949,-0.231637892927637,0.377320770532359,-0.0191285872177778,0.0444057413527876,-0.125950033401114,0.193509779208006
56.1532228753178,-0.0407700759445869,-0.0286505952872896,-0.229093068097141,0.376291136679755,-0.0189026819245387,0.0442153229452211,-0.124761514890128,0.192938974938343
56.5426538100157,-0.0406143758729251,-0.0281792458965983,-0.226562893476518,0.375246665757393,-0.0186784572461028,0.0440244953473794,-0.123580008233432,0.192362725992959
56.9347855060436,-0.040457376893637,-0.027713041574779,-0.224047506995384,0.374187597066124,-0.0184559148876435,0.0438332748331871,-0.122405559648816,0.19178113468322
57.3296366935823,-0.0402991350603952,-0.0272519452508314,-0.221547042035936,0.373114170744354,-0.0182350563118556,0.0436416776621117,-0.121238213480184,0.191194303544159
57.7272262327089,-0.0401397053793784,-0.0267959194295685,-0.219061627446649,0.372026627673007,-0.0180158827399346,0.0434497200742916,-0.120078012203865,0.190602335295322
58.1275731142982,-0.0399791418119729,-0.0263449262145212,-0.216591387558109,0.370925209381568,-0.0177983951526791,0.0432574182857192,-0.118924996435822,0.190005332802062
58.5306964609293,-0.0398174972779168,-0.0258989273305685,-0.214136442200947,0.369810157955283,-0.0175825942917145,0.0430647884834812,-0.117779204939746,0.189403399037289
58.9366155277994,-0.0396548236588787,-0.0254578841462853,-0.211696906725807,0.368681715943531,-0.0173684806608345,0.0428718468210601,-0.11664067463601,0.188796637043706
59.3453497036433,-0.0394911718024569,-0.0250217576960004,-0.209272892025311,0.367540126269444,-0.0171560545274582,0.0426786094136992,-0.115509440611466,0.18818514989654
59.7569185116595,-0.0393265915265916,-0.0245905087015565,-0.206864504557957,0.366385632140789,-0.0169453159241993,0.0424850923338352,-0.114385536130062,0.187569040666804
60.1713416104428,-0.0391611316243765,-0.0241640975937682,-0.204471846373904,0.365218476962185,-0.016736264650544,0.0422913116065999,-0.11326899264425,0.186948412385088
60.5886387949234,-0.0389948398692591,-0.0237424845335687,-0.202095015142583,0.364038904248662,-0.016528900274636,0.0420972832053944,-0.112159839807176,0.186323368005912
61.0088299973121,-0.0388277630206203,-0.0233256294328413,-0.19973410418209,0.362847157540624,-0.0163232221351631,0.041903023047538,-0.111058105485618,0.18569401037265
61.4319352880526,-0.0386599468297201,-0.0229134919749294,-0.197389202490292,0.36164348032024,-0.016119229343345,0.0417085469899954,-0.109963815773653,0.185060442183038
61.8579748767801,-0.038491436045999,-0.0225060316348196,-0.1950603947776,0.360428115929292,-0.0159169207850161,0.0415138708251816,-0.108876995007036,0.184422765955286
62.2869691132868,-0.0383222744237238,-0.0221032076989935,-0.192747761501348,0.359201307488521,-0.0157162951228025,0.0413190102768508,-0.107797665778254,0.18378108399481
62.7189384884933,-0.0381525047289671,-0.0217049792849435,-0.190451378901728,0.357963297818493,-0.0155173507983883,0.0411239809960665,-0.106725848952245,0.18313549836158
63.1539036354283,-0.0379821687469084,-0.0213113053603485,-0.188171319039207,0.356714329362011,-0.0153200860348685,0.0409287985572597,-0.10566156368275,0.182486110838124
63.5918853302131,-0.037811307289446,-0.0209221447619054,-0.185907649833399,0.355454644108103,-0.0151244988391853,0.0407334784543719,-0.104604827429285,0.181833022898167
64.032904493055,-0.0376399602031088,-0.0205374562138139,-0.183660435103295,0.3541844835176,-0.0149305870046436,0.0405380360970891,-0.103555655974686,0.181176335675941
64.4769821892457,-0.037468166377256,-0.0201571983459101,-0.181429734608837,0.352904088450331,-0.0147383481135031,0.0403424868071648,-0.102514063443237,0.180516149936162
64.9241396301678,-0.0372959637525552,-0.019781329711447,-0.179215604093738,0.351613699093957,-0.0145477795396433,0.0401468458148353,-0.101480062319328,0.179852566044684
65.3743981743082,-0.0371233893297256,-0.0194098088045199,-0.177018095329527,0.350313554894442,-0.014358878451298,0.0399511282553273,-0.100453663466633,0.179185683939842
65.827779328278,-0.0369504791785376,-0.0190425940771331,-0.174837256160732,0.349003894488203,-0.0141716418138559,0.0397553491654605,-0.0994348761477808,0.178515603104485
66.2843047478397,-0.0367772684470569,-0.0186796439559077,-0.172673130551164,0.347684955635928,-0.0139860663927233,0.0395595234803442,-0.0984237080445018,0.177842422538706
66.7439962389419,-0.0366037913711213,-0.0183209168584274,-0.170525758631239,0.346356975158084,-0.0138021487562473,0.0393636660301701,-0.0974201652782132,0.177166240733286
67.2068757587607,-0.036430081284042,-0.0179663712092229,-0.168395176746282,0.345020188872118,-0.0136198852786936,0.0391677915371013,-0.0964242524310333,0.176487155643831
67.6729654167483,-0.0362561706265159,-0.0176159654553923,-0.166281417505754,0.343674831531374,-0.0134392721432777,0.0389719146122592,-0.0954359725671937,0.175805264665631
68.1422874756894,-0.0360820909567411,-0.0172696580818577,-0.164184509833353,0.342321136765701,-0.0132603053452445,0.0387760497528066,-0.0944553272548297,0.175120664609232
68.6148643527643,-0.0359078729607231,-0.0169274076262578,-0.162104479017934,0.340959337023789,-0.0130829806949948,0.0385802113391305,-0.0934823165881242,0.174433451676727
69.0907186206199,-0.0357335464627627,-0.0165891726934757,-0.160041346765189,0.339589663517209,-0.0129072938212535,0.0383844136321215,-0.092516939209784,0.173743721438753
69.5698730084476,-0.0355591404361149,-0.0162549119698031,-0.157995131250032,0.338212346166175,-0.0127332401742776,0.0381886707705525,-0.0915591923338252,0.173051568812228
70.0523504030693,-0.0353846830138096,-0.0159245842367401,-0.155965847169651,0.336827613547016,-0.0125608150291001,0.0379929967685556,-0.0906090717686461,0.172357088038787
70.5381738500302,-0.0352102014996226,-0.0155981483844325,-0.153953505797152,0.335435692841356,-0.012390013488807,0.0377974055131975,-0.0896665719403658,0.171660372663949
71.0273665547,-0.0350357223791898,-0.0152755634247467,-0.151958115035767,0.334036809787007,-0.0122208304878439,0.0376019107621528,-0.0887316859164065,0.170961515516995
71.5199518833807,-0.0348612713312524,-0.0149567885039835,-0.149979679473555,0.332631188630554,-0.0120532607953498,0.0374065261414756,-0.0878044054292991,0.170260608691566
72.0159533644237,-0.034686873239025,-0.0146417829152327,-0.148018200438562,0.331219052081641,-0.0118872990185142,0.0372112651434685,-0.0868847209006902,0.169557743526974
72.5153946893524,-0.0345125522016786,-0.0143305061103693,-0.146073676054383,0.329800621268933,-0.0117229396059549,0.0370161411246487,-0.0859726214655321,0.168853010590213
73.0182997139948,-0.0343383315459265,-0.0140229177116939,-0.144146101296078,0.328376115697761,-0.0115601768511136,0.0368211673038114,-0.085068094996432,0.168146499658695
73.5246924596224,-0.0341642338377066,-0.0137189775232184,-0.142235468046402,0.326945753209423,-0.0113990048956667,0.0366263567601882,-0.0841711281281453,0.167438299703671
74.0345971140979,-0.0339902808939515,-0.0134186455416,-0.14034176515229,0.32550974994214,-0.0112394177329478,0.0364317224317019,-0.0832817062821889,0.16672849887436
74.5480380330304,-0.0338164937944355,-0.0131218819667257,-0.138464978481566,0.324068320293644,-0.0110814092113795,0.0362372771133153,-0.0823998136915597,0.166017184482768
75.0650397409388,-0.0336428928936933,-0.0128286472119492,-0.136605090979822,0.322621676885399,-0.0109249730379123,0.0360430334554739,-0.0815254334255365,0.16530444298919
75.585626932423,-0.0334694978329996,-0.0125389019139841,-0.134762082727431,0.321170030528411,-0.0107701027814665,0.0358490039626416,-0.0806585474145492,0.164590359988405
76.1098244733437,-0.0332963275524033,-0.0122526069424546,-0.132935930996645,0.319713590190645,-0.0106167918763767,0.0356552009919278,-0.0797991364750966,0.16387502019653
76.6376574020103,-0.0331234003028077,-0.011969723409109,-0.131126610308741,0.318252562966006,-0.0104650336258339,0.035461636751806,-0.0789471803346957,0.163158507438554
77.1691509303763,-0.0329507336580894,-0.0116902126766965,-0.129334092491174,0.316787154044867,-0.010314821205325,0.0352683233009216,-0.0781026576568453,0.162440904636528
77.7043304452438,-0.0327783445272484,-0.011414036367513,-0.127558346734703,0.315317566686144,-0.010166147666066,0.0350752725469885,-0.0772655460659888,0.161722293798409
78.2432215094763,-0.0326062491665822,-0.0111411563716176,-0.12579933965044,0.313844002190871,-0.0100190059384264,0.0348824962457727,-0.0764358221724585,0.161002756007546
78.7858498632195,-0.0324344631918766,-0.0108715348547242,-0.124057035326802,0.312366659877273,-0.00987338883534394,0.0346900060001621,-0.075613461597386,0.160282371412808
79.3322414251308,-0.0322630015906067,-0.0106051342657718,-0.122331395386314,0.310885737057306,-0.00972928905572625,0.0344978132593212,-0.074798438997566,0.159561219219334
79.8824222936175,-0.0320918787341419,-0.0103419173441769,-0.120622379042242,0.309401429014647,-0.00958669918783741,0.034305929317929,-0.0739907280902553,0.15883937767991
80.436418748083,-0.0319211083899463,-0.010081847126772,-0.118929943155013,0.307913928984102,-0.00944561171266812,0.0341143653154984,-0.0731903016778957,0.158116924086946
80.9942572501823,-0.0317507037337716,-0.00982488695443427,-0.117254042288398,0.306423428132419,-0.00930601900728679,0.0339231322357766,-0.0723971316727457,0.157393934765063
81.555964445086,-0.0315806773618331,-0.00957100047840835,-0.11559462876542,0.30493011554047,-0.00916791334817006,0.0337322409062241,-0.0716111891214077,0.156670485064263
82.121567162753,-0.0314110413029648,-0.00932015166632712,-0.113951652723959,0.303434178186786,-0.00903128691451074,0.0335417019975712,-0.0708324442292394,0.155946649353688
82.6910924192116,-0.0312418070307474,-0.00907230480793514,-0.112325062172032,0.30193580093242,-0.00889613179150149,0.0333515260234503,-0.0700608663846346,0.15522250101594
83.2645674178507,-0.0310729854756035,-0.00882742452051823,-0.110714803042707,0.300435166507098,-0.00876243997359256,0.0331617233401027,-0.0692964241831635,0.154498112441971
83.8420195507184,-0.0309045870368546,-0.00858547575404416,-0.109120819248639,0.298932455496651,-0.00863020336772196,0.0329723041461572,-0.0685390854515607,0.153773555026516
84.423476399831,-0.0307366215947351,-0.0083464237960186,-0.107543052736192,0.297427846331689,-0.00849941379651652,0.0327832784824809,-0.0677888172715493,0.153048899164073
85.0089657384898,-0.0305690985223576,-0.00811023427606023,-0.105981443539126,0.295921515277492,-0.0083700630014625,0.0325946562320979,-0.067045586003491,0.152324214245399
85.5985155326084,-0.0304020266976249,-0.00787687317020014,-0.104435929831833,0.294413636425094,-0.008242142646044,0.0324064471201766,-0.0663093573098519,0.15159956865454
86.1921539420481,-0.030235414515085,-0.00764630680490956,-0.102906447982081,0.292904381683527,-0.00811564431884837,0.0322186607140828,-0.065580096178475,0.150875029766354
86.7899093219629,-0.0300692698977225,-0.00741850186086027,-0.101392932603271,0.291393920773206,-0.00799055953663684,0.032031306423496,-0.0648577669456494,0.150150663944541
87.3918102241541,-0.0299036003086842,-0.00719342537642272,-0.0998953166061635,0.289882421220415,-0.00786687974737953,0.0318443935005897,-0.0641423333189674,0.149426536540147
87.9978853984339,-0.029738412762933,-0.00697104475090562,-0.0984135312500702,0.288370048352876,-0.00774459633325358,0.0316579310402707,-0.0634337583999619,0.148702711890548
88.6081637939989,-0.0295737138388277,-0.00675132774754229,-0.0969475061934869,0.286856965296375,-0.00762370061360336,0.0314719279804787,-0.062732004706516,0.147979253318901
89.2226745608124,-0.0294095096896232,-0.00653424249622776,-0.0954971695441528,0.285343332972396,-0.00750418384786175,0.0312863931025422,-0.0620370341950363,0.14725622313403
89.8414470509972,-0.0292458060548882,-0.00631975749601135,-0.0940624479085197,0.283829310096768,-0.00738603723843161,0.0311013350315903,-0.0613488082823838,0.146533682630772
90.4645108202374,-0.0290826082718374,-0.00610784161734947,-0.0926432664406163,0.282315053179269,-0.00726925193352651,0.0309167622370178,-0.0606672878675556,0.145811692090735
91.0918956291901,-0.0289199212865736,-0.00589846410412267,-0.0912395488902946,0.280800716524167,-0.00715381902997007,0.0307326830330026,-0.0599924333531107,0.145090310783484
91.7236314449071,-0.0287577496652367,-0.00569159457542209,-0.0898512176508446,0.279286452231678,-0.00703972957595295,0.0305491055790726,-0.0593242046663339,0.144369596968125
92.3597484422661,-0.0285960976050574,-0.0054872030271093,-0.0884781938059658,0.277772410200305,-0.006926974573747,0.0303660378807218,-0.0586625612801328,0.14364960789529
93.0002770054119,-0.0284349689453114,-0.00528525983315444,-0.0871203971760852,0.276258738130026,-0.00681554498237586,0.0301834877900723,-0.0580074622336625,0.142930399809502
93.645247729208,-0.0282743671781722,-0.00508573574675682,-0.0857777463640099,0.274745581526316,-0.00670543172024153,0.0300014630065816,-0.057358866152672,0.142212027951914
94.2946914206979,-0.0281142954594586,-0.00488860190125271,-0.0844501587999085,0.273233083704966,-0.00659662566770631,0.0298199710777931,-0.0567167312695705,0.141494546563409
94.9486391005764,-0.0279547566192755,-0.0046938298108147,-0.0831375507856086,0.27172138579767,-0.00648911766962974,0.0296390194001277,-0.0560810154432066,0.140778008888047
95.6071220046713,-0.0277957531725452,-0.00450139137094679,-0.0818398375382076,0.27021062675836,-0.00638289853786019,0.0294586152197155,-0.0554516761783583,0.140062467176859
96.2701715854358,-0.0276372873294257,-0.00431125885878025,-0.080556933232986,0.268700943370263,-0.00627795905368059,0.0292787656332655,-0.0548286706449295,0.139347972691959
96.9378195134503,-0.0274793610056154,-0.00412340493317374,-0.0792887510456215,0.267192470253636,-0.00617428997020829,0.0290994775889713,-0.0542119556968514,0.138634575710984
97.6100976789355,-0.0273219758325415,-0.0039378026346229,-0.0780352031936953,0.265685339874177,-0.00607188201474853,0.0289207578874523,-0.0536014878906833,0.137922325531833
98.2870381932754,-0.0271651331674287,-0.00375442538498312,-0.0767962009774893,0.264179682552072,-0.00597072589110163,0.0287426131827271,-0.0529972235039128,0.137211270477708
98.9686733905512,-0.0270088341032488,-0.00357324698700996,-0.0755716548200687,0.262675626471646,-0.00587081228182352,0.0285650499832192,-0.0523991185529522,0.136501457902435
99.6550358290861,-0.0268530794785471,-0.00339424162372149,-0.0743614743066487,0.261173297691614,-0.00577213185043964,0.0283880746527918,-0.0518071288108286,0.135792934196066
100.346158292999,-0.0266978698871451,-0.00321738385758687,-0.0731655682232432,0.259672820155878,-0.00567467524361225,0.0282116934118115,-0.0512212098245672,0.135085744790746
101.042073793774,-0.0265432056877169,-0.00304264862954472,-0.0719838445945926,0.258174315704873,-0.00557843309326094,0.0280359123382386,-0.0506413169322652,0.134379934166829
101.742815571832,-0.0263890870132396,-0.00287001125785665,-0.0708162107213732,0.256677904087419,-0.0054833960186367,0.0278607373687421,-0.0500674052798563,0.133675545859245
102.448417098122,-0.0262355137803139,-0.0026994474367984,-0.0696625732166849,0.25518370297306,-0.00538955462834934,0.0276861742998396,-0.0494994298375643,0.132972622464104
103.15891207572,-0.0260824856983548,-0.00253093323519406,-0.0685228380418205,0.253691827964872,-0.00529689952234852,0.0275122287890579,-0.0489373454160454,0.132271205645516
103.874334441436,-0.0259300022786512,-0.00236444509479672,-0.0673969105413162,0.252202392612702,-0.00520542129385869,0.0273389063561154,-0.0483811066822178,0.131571336142642
104.594718367439,-0.0257780628432929,-0.0021999598285193,-0.0662846954772861,0.250715508426836,-0.00511511053126793,0.027166212384124,-0.0478306681747808,0.130873053776934
105.320098262886,-0.0256266665339634,-0.00203745461852028,-0.0651860970630429,0.249231284892052,-0.00502595781997106,0.0269941521208079,-0.0472859843194207,0.130176397459589
106.050508775566,-0.0254758123205987,-0.00187690701414723,-0.0641010189960079,0.247749829482054,-0.00493795374416732,0.0268227306797401,-0.0467470094437058,0.129481405199181
106.785984793556,-0.0253254990099093,-0.00171829492974282,-0.0630293644899135,0.246271247674249,-0.00485108888861285,0.0266519530415935,-0.0462136977916697,0.128788114109474
107.526561446888,-0.0251757252537661,-0.00156159664231657,-0.0619710363063026,0.244795642964864,-0.00476535384032845,0.026481824055406,-0.0456860035380844,0.128096560417409
108.272274109224,-0.0250264895574487,-0.00140679078908642,-0.0609259367853292,0.243323116884362,-0.00468073919026285,0.0263123484398586,-0.0451638808024234,0.127406779471252
109.023158399549,-0.0248777902877552,-0.00125385636489361,-0.0598939678758651,0.241853769013153,-0.00459723553491202,0.0261435307845644,-0.0446472836625167,0.126718805748891
109.779250183872,-0.0247296256809723,-0.00110277271949477,-0.0588750311649187,0.240387696997571,-0.00451483347789487,0.0259753755513682,-0.0441361661678974,0.126032672866283
110.540585576935,-0.0245819938507066,-0.000953519554734644,-0.0578690279063711,0.238924996566107,-0.00443352363148595,0.0258078870756548,-0.0436304823528432,0.125348413586038
111.307200943943,-0.0244348927955746,-0.000806076921603168,-0.0568758590490357,0.237465761545861,-0.00435329661810544,0.0256410695676652,-0.0431301862491125,0.124666059826127
112.079132902301,-0.0242883204067518,-0.000660425217180512,-0.0558954252640485,0.236010083879221,-0.0042741430717671,0.0254749271138198,-0.0426352318983776,0.123985642668722
112.856418323356,-0.0241422744753805,-0.000516545181473562,-0.054927626971596,0.23455805364072,-0.00419605363948467,0.0253094636780465,-0.0421455733643578,0.123307192369134
113.639094334169,-0.0239967526998355,-0.000374417894147189,-0.0539723643669875,0.233109759054088,-0.00411901898263732,0.0251446831031144,-0.0416611647446519,0.12263073836487
114.427198319278,-0.0238517526928468,-0.000234024771154005,-0.0530295374460797,0.231665286509445,-0.00404302977829463,0.02498058911197,-0.0411819601822741,0.121956309284785
115.220767922492,-0.0237072719884802,-9.53475612660119e-05,-0.0520990460300626,0.230224720580656,-0.00396807672050185,0.0248171853090764,-0.0407079138768957,0.121283932958326
116.019841048683,-0.023563308048974,4.16316574888727e-05,-0.0511807897896129,0.228788144042799,-0.00389415052152593,0.0246544751817543,-0.0402389800957931,0.120613636424854
116.824455865599,-0.0234198582714328,0.000176930481481409,-0.0502746682684258,0.227355637889751,-0.00382124191306303,0.0244924621015231,-0.0397751131845058,0.119945445943059
117.634650805689,-0.0232769199943773,0.000310566185224025,-0.0493805809061316,0.225927281351872,-0.00374934164740817,0.0243311493254423,-0.0393162675772076,0.119279387000427
118.450464567934,-0.0231344905041495,0.000442555725198562,-0.048498427060609,0.22450315191377,-0.00367844049858763,0.024170539997451,-0.0388623978067914,0.118615484322792
119.271936119701,-0.0229925670411752,0.000572915743765629,-0.0476281060297012,0.223083325332132,-0.00360852926345486,0.0240106371497067,-0.0384134585146724,0.117953761883926
120.099104698599,-0.0228511468060807,0.000701662573152271,-0.0467695170723469,0.221667875653615,-0.00353959876275051,0.0238514437039198,-0.0379694044603119,0.117294242915201
120.932009814357,-0.022710226965666,0.000828812239514944,-0.045922559429134,0.220256875232772,-0.00347163984212738,0.0236929624726858,-0.0375301905304633,0.116636949915281
121.77069125071,-0.0225698046587336,0.000954380467074366,-0.0450871323422873,0.218850394750014,-0.0034046433731409,0.0235351961608129,-0.0370957717481459,0.115981904659862
122.615189067297,-0.0224298770017722,0.00107838268231922,-0.044263135075099,0.217448503229585,-0.00333860025420598,0.0233781473666441,-0.0366661032813462,0.115329128211451
123.46554360158,-0.0222904410944964,0.00120083401827556,-0.0434504669308128,0.21605126805754,-0.00327350141152086,0.0232218185833747,-0.0362411404514528,0.114678640929162
124.321795470765,-0.0221514940252423,0.00132174931883899,-0.0426490272709715,0.214658754999726,-0.00320933779995879,0.0230662122003628,-0.0358208387414262,0.114030462478548
125.183985573745,-0.0220130328762178,0.00144114314316615,-0.0418587155332386,0.213271028219735,-0.00314610040392815,0.0229113305044327,-0.0354051538037072,0.113384611841444
126.052155093052,-0.0218750547286097,0.00155902977012275,-0.0410794312487044,0.21188815029684,-0.00308378023820201,0.0227571756811721,-0.0349940414678671,0.112741107325827
126.926345496825,-0.0217375566675463,0.00167542320278527,-0.0403110740586869,0.210510182243886,-0.00302236834871756,0.0226037498162196,-0.0345874577480033,0.112099966575681
127.806598540793,-0.0216005357869159,0.00179033717299268,-0.0395535437310384,0.209137183525144,-0.00296185581334641,0.0224510548965456,-0.0341853588498836,0.111461206580872
128.692956270265,-0.0214639891940419,0.00190378514594605,-0.0388067401759678,0.207769212074102,-0.00290223374263651,0.0222990928117224,-0.0337877011778409,0.110824843687015
129.585461022141,-0.0213279140142144,0.00201578032485229,-0.0380705634613905,0.206406324311199,-0.0028434932805262,0.0221478653551862,-0.0333944413414255,0.110190893605341
130.484155426934,-0.021192307395079,0.00212633565560949,-0.0373449138278147,0.205048575161482,-0.00278562560503156,0.0219973742254886,-0.0330055361618136,0.109559371422551
131.389082410804,-0.021057166510882,0.00223546383153091,-0.0366296917027772,0.203696018072189,-0.0027286219289074,0.0218476210275383,-0.0326209426779796,0.108930291610656
132.300285197614,-0.0209224885665739,0.00234317729810449,-0.0359247977148369,0.202348705030247,-0.00267247350028296,0.0216986072738317,-0.0322406181526336,0.108303668036803
133.217807310988,-0.0207882708017702,0.0024494882577851,-0.0352301327071385,0.201006686579666,-0.0026171716032729,0.021550334385673,-0.0318645200779272,0.107679513973073
134.141692576393,-0.0206545104945713,0.0025544086748167,-0.0345455977505568,0.199670011838853,-0.00256270755856439,0.0214028036943828,-0.0314926061809331,0.107057842106257
135.071985123233,-0.0205212049652404,0.00265795028008139,-0.0338710941564311,0.198338728517804,-0.0025090727239811,0.0212560164424955,-0.0311248344288998,0.106438664547599
136.008729386957,-0.020388351579741,0.00276012457597251,-0.0332065234889017,0.197012882935195,-0.00245625849502467,0.0211099737849444,-0.0307611630342868,0.105821992842515
136.951970111177,-0.0202559477531347,0.00286094284128905,-0.0325517875768581,0.195692520035351,-0.00240425630539463,0.0209646767902354,-0.0304015504595823,0.105207837980258
137.901752349813,-0.0201239909528384,0.00296041613614843,-0.0319067885255095,0.194377683405106,-0.00235305762748726,0.0208201264416083,-0.0300459554219085,0.104596210403562
138.858121469236,-0.0199924787017433,0.00305855530691487,-0.0312714287275888,0.193068415290521,-0.00230265397287426,0.0206763236381855,-0.0296943368974163,0.103987120018229
139.821123150444,-0.0198614085811955,0.00315537099114048,-0.0306456108741989,0.191764756613491,-0.00225303689276199,0.0205332691961083,-0.0293466541254746,0.103380576202676
140.790803391236,-0.0197307782338385,0.0032508736225164,-0.0300292379653129,0.19046674698821,-0.00220419797843175,0.0203909638496612,-0.0290028666126569,0.102776587817433
141.767208508414,-0.019600585366319,0.00334507343583109,-0.0294222133199368,0.1891744247375,-0.00215612886166207,0.0202494082523823,-0.0286629341365287,0.102175163214582
142.750385139995,-0.0194708277518565,0.00343798047193301,-0.028824440585947,0.187887826909006,-0.00210882121513356,0.020108602978162,-0.0283268167492402,0.10157631024715
143.740380247435,-0.0193415032326778,0.00352960458269509,-0.0282358237496095,0.186606989291248,-0.00206226675281695,0.0199685485223281,-0.0279944747809259,0.100980036278439
144.737241117876,-0.0192126097223163,0.00361995543597796,-0.0276562671447925,0.185331946429529,-0.00201645723034513,0.0198292453027183,-0.0276658688429172,0.100386348191295
145.741015366405,-0.0190841452077787,0.00370904252058961,-0.0270856754618817,0.184062731641697,-0.00197138444536968,0.0196906936607399,-0.0273409598307695,0.0997952523973169
146.751750938323,-0.0189561077515777,0.00379687515123838,-0.0265239537564071,0.182799377033765,-0.00192704023790266,0.0195528938624164,-0.027019708927108,0.0992067548459988
147.769496111443,-0.0188284954936345,0.0038834624734769,-0.0259710074573906,0.181541913515374,-0.00188341649064425,0.0194158460994215,-0.0267020776042961,0.0986208610338047
148.794299498388,-0.0187013066530491,0.00396881346863404,-0.0254267423754244,0.180290370815114,-0.00184050512929675,0.0192795504900998,-0.0263880276269293,0.0980375760131733
149.826210048919,-0.0185745395297423,0.00405293695873254,-0.0248910647104882,0.179044777495693,-0.00179829812286576,0.0191440070804751,-0.0260775210541585,0.0974569044014523
150.865277052271,-0.0184481925059684,0.00413584161138933,-0.0243638810595141,0.177805160968952,-0.0017567874839489,0.0190092158452464,-0.0257705202418459,0.0968788503897574
151.911550139505,-0.0183222640477009,0.00421753594469616,-0.0238450984237077,0.176571547510735,-0.00171596526901276,0.0188751766887706,-0.025466987844557,0.096303417751756
152.965079285884,-0.0181967527058924,0.00429802833207788,-0.0233346242156346,0.175343962275599,-0.00167582357865866,0.0187418894460329,-0.0251668868173925,0.0957306098523742
154.025914813254,-0.0180716571176085,0.00437732700712585,-0.0228323662660796,0.174122429311384,-0.00163635455787765,0.0186093538836057,-0.0248701804176625,0.0951604296564229
155.094107392451,-0.0179469760070399,0.00445544006840378,-0.0223382328306862,0.172906971573624,-0.00159755039629537,0.0184775697005943,-0.0245768322064081,0.0945928797371442
156.169708045722,-0.0178227081863912,0.0045323754842236,-0.0218521325963862,0.171697610939811,-0.00155940332840731,0.0183465365295713,-0.0242868060497717,0.0940279622846749
157.25276814916,-0.017698852556649,0.00460814109738887,-0.0213739746876238,0.170494368223514,-0.00152190563380476,0.0182162539374987,-0.0240000661202214,0.0934656791144255
158.34333943516,-0.0175754081082313,0.00468274462990321,-0.0209036686723852,0.169297263188342,-0.00148504963739223,0.0180867214266387,-0.023716576897631,0.0929060316753741
159.441473994887,-0.0174523739215185,0.00475619368764129,-0.0204411245680382,0.16810631456177,-0.00144882770959655,0.0179579384354534,-0.0234363031702202,0.0923490210582735
160.547224280766,-0.017329749167269,0.00482849576498,-0.0199862528469892,0.166921540048812,-0.00141323226656817,0.0178299043394922,-0.023159210035358,0.0917946480037696
161.66064310899,-0.0172075331069192,0.00489965824938743,-0.0195389644421655,0.165742956345554,-0.00137825577037517,0.0177026184522696,-0.022885262900232,0.0912429129104312
162.781783662036,-0.0170857250927717,0.00496968842596729,-0.0190991707523287,0.164570579152549,-0.00134389072919027,0.0175760800261312,-0.0226144274823873,0.0906938158426884
163.910699491214,-0.0169643245680715,0.00503859348195644,-0.0186667836472248,0.163404423188061,-0.00131012969747126,0.0174502882531096,-0.0223466698101384,0.0901473565386804
165.047444519217,-0.0168433310669732,0.00510638051117326,-0.0182417154725781,0.162244502201186,-0.00127696527613529,0.0173252422657702,-0.0220819562228569,0.0896035344180098
166.192073042701,-0.0167227442144005,0.0051730565184147,-0.0178238790549347,0.161090828984827,-0.00124439011272729,0.0172009411380465,-0.0218202533711381,0.089062348589404
167.344639734876,-0.0166025637258,0.00523862842379969,-0.0174131877063604,0.159943415388539,-0.00121239690158291,0.0170773838860665,-0.0215615282168503,0.0885237978582817
168.505199648122,-0.016482789406791,0.00530310306705681,-0.0170095552289993,0.158802272331243,-0.00118097838398626,0.0169545694689686,-0.0213057480330688,0.0879878807342251
169.673808216612,-0.0163634211527142,0.00536648721175411,-0.0166128959194974,0.157667409813816,-0.00115012734832284,0.0168324967897093,-0.0210528804038988,0.0874545954383548
170.850521258965,-0.0162444589480796,0.00542878754946906,-0.0162231245732975,0.156538836931544,-0.00111983663022778,0.0167111646958614,-0.0208028932241897,0.086923939910609
172.03539498091,-0.0161259028659177,0.00549001070389647,-0.0158401564888084,0.155416561886467,-0.00109009911272989,0.0165905719804036,-0.0205557546991437,0.0863959118169253
173.228485977972,-0.0160077530670342,0.00555016323489257,-0.0154639074714541,0.154300591999593,-0.00106090772639151,0.0164707173825023,-0.0203114333438222,0.0858705085563245
174.429851238172,-0.0158900097991716,0.00560925164245327,-0.0150942938376074,0.153190933722998,-0.0010322554494446,0.0163515995882847,-0.0200698979825521,0.0853477272678959
175.639548144754,-0.0157726733960803,0.0056672823706247,-0.0147312324184108,0.152087592651815,-0.0010041353079232,0.0162332172316046,-0.0198311177482363,0.0848275648376839
176.857634478922,-0.0156557442764994,0.00572426181134421,-0.0143746405634894,0.150990573536103,-0.00097654037579246,0.0161155688948007,-0.0195950620815699,0.0843100179054758
178.084168422602,-0.0155392229430518,0.00578019630821019,-0.0140244361445601,0.14989988029262,-0.000949463775074392,0.0159986531094475,-0.0193617007301659,0.0837950828714889
179.319208561219,-0.0154231099810549,0.00583509216017891,-0.0136805375589387,0.148815516016475,-0.000922898675970616,0.0158824683570996,-0.0191310037475928,0.0832827559029593
180.562813886497,-0.015307406057249,0.00588895562518674,-0.0133428637329494,0.147737482992696,-0.000896838296982121,0.0157670130700295,-0.0189029414923271,0.0827730329406289
181.815043799277,-0.0151921119184463,0.00594179292369628,-0.0130113341252399,0.146665782707677,-0.000871275905026255,0.0156522856319589,-0.018677484626624,0.0822659097051337
183.075958112354,-0.0150772283901034,0.00599361024216478,-0.0126858687300037,0.145600415860553,-0.000846204815551019,0.0155382843787839,-0.0184546041153075,0.0817613817032902
184.345617053333,-0.0149627563748183,0.00604441373643344,-0.0123663880801129,0.144541382374456,-0.000821618392646807,0.0154250075992952,-0.0182342712244844,0.0812594442342821
185.624081267505,-0.0148486968507563,0.00609420953503627,-0.0120528132501647,0.143488681407704,-0.000797510049155632,0.015312453535892,-0.0180164575201846,0.0807600923957463
186.911411820748,-0.0147350508700061,0.00614300374242714,-0.0117450658594419,0.142442311364886,-0.000773873246777939,0.0152006203852914,-0.017801134866929,0.0802633210897581
188.207670202438,-0.0146218195568689,0.00619080244212378,-0.0114430680747909,0.141402269907871,-0.000750701496177052,0.0150895062992328,-0.0175882754262288,0.0797691250287159
189.512918328392,-0.0145090041060835,0.00623761169976761,-0.0111467426134189,0.140368553966734,-0.000727988357081302,0.0149791093851774,-0.0173778516550197,0.0792774987411255
190.827218543819,-0.0143966057809899,0.00628343756609831,-0.0108560127456106,0.139341159750599,-0.000705727438383846,0.0148694277070038,-0.0171698363040309,0.0787884365772839
192.150633626303,-0.0142846259116343,0.00632828607984199,-0.0105708022973678,0.138320082758415,-0.000683912398240227,0.0147604592856996,-0.0169642024160943,0.0783019327148631
193.483226788801,-0.0141730658928169,0.00637216327051228,-0.010291035652972,0.13730531778965,-0.000662536944163637,0.0146522021000485,-0.0167609233243945,0.077817981164394
194.82506168266,-0.0140619271820879,0.00641507516112314,-0.010016637757471,0.136296858954924,-0.00064159483311791,0.0145446540873147,-0.0165599726506631,0.0773365757746504
196.176202400658,-0.013951211297691,0.00645702777081284,-0.0097475341190913,0.135294699686563,-0.000621079871608189,0.0144378131439236,-0.016361324303319,0.0768577102379341
197.536713480066,-0.0138409198164608,0.00649802711737834,-0.00948365081157613,0.134298832749099,-0.000600985915769261,0.0143316771261392,-0.0161649524755583,0.07638137809526
198.906659905733,-0.0137310543716735,0.00653807921971948,-0.00922491447645056,0.133309250249702,-0.000581306871451496,0.0142262438507388,-0.0159708316433944,0.0759075727414441
200.286107113184,-0.0136216166508561,0.00657719010019218,-0.00897125232521402,0.132325943648554,-0.000562036694304349,0.0141215110956855,-0.0157789365636523,0.0754362874300915
201.675120991751,-0.0135126083935559,0.00661536578687063,-0.00872259214146015,0.131348903769162,-0.000543169389857352,0.0140174766007973,-0.0155892422719187,0.0749675152784884
203.073767887718,-0.0134040313890731,0.00665261231571763,-0.00847886228292478,0.130378120808623,-0.000524699013598515,0.013914138068415,-0.0154017240804503,0.0745012492723953
204.482114607491,-0.0132958874741593,0.00668893573266309,-0.00823999168346194,0.129413584347824,-0.000506619671050067,0.0138114931640671,-0.0152163575760422,0.0740374822707446
205.900228420788,-0.0131881785306851,0.00672434209559031,-0.00800590985494784,0.128455283361607,-0.000488925517841437,0.0137095395171333,-0.0150331186178593,0.0735762070102415
207.32817706385,-0.0130809064832793,0.00675883747622985,-0.00777654688911288,0.127503206228868,-0.000471610759779373,0.0136082747215065,-0.0148519833352322,0.0731174161098695
208.766028742684,-0.0129740732969421,0.00679242796196116,-0.00755183345930133,0.12655734074262,-0.000454669652915097,0.0135076963362527,-0.01467292812542,0.072661102075301
210.213852136311,-0.0128676809746359,0.00682511965752173,-0.00733170082215842,0.125617674120009,-0.000438096503608373,0.0134078018862696,-0.0144959296513428,0.0722072573032136
211.671716400053,-0.0127617315548563,0.00685691868662396,-0.00711608081924457,0.124684193012281,-0.000421885668588383,0.0133085888629443,-0.0143209648392845,0.0717558740855131
213.139691168835,-0.0126562271091849,0.00688783119348002,-0.00690490587857592,0.123756883514713,-0.000406031555011266,0.0132100547248094,-0.014148010876569,0.0713069446134631
214.617846560511,-0.0125511697398283,0.00691786334423487,-0.00669810901609111,0.122835731176497,-0.000390528620514208,0.0131121968981983,-0.013977045209212,0.0708604609817238
216.10625317921,-0.0124465615771456,0.00694702132830772,-0.00649562383704318,0.121920721010591,-0.000375371373265927,0.0130150127778996,-0.0138080455395492,0.070416415192298
217.604982118714,-0.0123424047771655,0.00697531135964254,-0.00629738453731617,0.121011837503527,-0.000360554372013438,0.0129184997278102,-0.013640989823844,0.069974799158388
219.114104965849,-0.0122387015190983,0.00700273967786798,-0.00610332590466561,0.120109064625183,-0.000346072226124926,0.0128226550815884,-0.0134758562698759,0.0695356047081622
220.633693803907,-0.0121354540028435,0.0070293125493673,-0.00591338331988208,0.11921238583852,-0.000331919595628608,0.0127274761433055,-0.0133126233345123,0.0690988235884334
222.163821216089,-0.0120326644464958,0.00705503626825908,-0.00572749275787689,0.11832178410928,-0.000318091191247417,0.0126329601880974,-0.0131512697212633,0.0686644474682492
223.704560288971,-0.0119303350838536,0.00707991715728921,-0.00554559078868911,0.117437241915656,-0.000304581774429365,0.0125391044628155,-0.012991774377825,0.0682324679423958
225.255984615994,-0.0118284681619305,0.00710396156863532,-0.00536761457841297,0.11655874125792,-0.000291386157373439,0.0124459061866765,-0.0128341164936088,0.0678028765348152
226.818168300982,-0.0117270659384734,0.00712717588462413,-0.00519350189004473,0.115686263668022,-0.000278499203050859,0.0123533625519123,-0.0126782754972621,0.0673756647019387
228.391185961678,-0.0116261306794902,0.00714956651836303,-0.00502319108424784,0.114819790219156,-0.000265915825221576,0.0122614707244194,-0.0125242310541794,0.0669508238359354
229.975112733314,-0.0115256646567877,0.00717113991428668,-0.00485662112003571,0.113959301535291,-0.000253630988445819,0.0121702278444072,-0.0123719630640068,0.0665283452678787
231.570024272191,-0.0114256701455243,0.00719190254861987,-0.00469373155537078,0.113104777800674,-0.000241639708090579,0.0120796310270466,-0.012221451658141,0.0661082202708301
233.175996759301,-0.0113261494217784,0.00721186092975771,-0.00453446254767913,0.112256198769288,-0.000229937050330847,0.0119896773631174,-0.0120726771972249,0.0656904400628432
234.793106903962,-0.0112271047601347,0.00723102159856441,-0.00437875485427953,0.111413543774297,-0.000218518132145481,0.0119003639196557,-0.0119256202686399,0.0652749958098876
236.421431947482,-0.0111285384312917,0.00724939112859197,-0.00422654983272584,0.110576791737437,-0.000207378121307539,0.0118116877406001,-0.0117802616839982,0.0648618786286936
238.061049666849,-0.0110304526996916,0.00726697612622005,-0.00407778944106199,0.109745921178389,-0.000196512236368944,0.0117236458474382,-0.0116365824766351,0.0644510795895209
239.712038378445,-0.0109328498211752,0.00728378323071857,-0.00393241623798847,0.108920910224113,-0.000185915746639338,0.0116362352398513,-0.0114945638991035,0.0640425897188497
241.374476941791,-0.0108357320406638,0.00729981911423435,-0.00379037338293927,0.108101736618146,-0.000175583972158982,0.0115494528963596,-0.0113541874206713,0.0636364000019972
243.048444763306,-0.0107391015898697,0.00731509048170344,-0.00365160463606872,0.107288377729866,-0.00016551228366558,0.0114632957749653,-0.0112154347248233,0.06323250138566
244.734021800108,-0.0106429606850377,0.00732960407069055,-0.00351605435814686,0.106480810563726,-0.000155696102554877,0.011377760813796,-0.0110782877067695,0.0628308847803839
246.431288563827,-0.0105473115247196,0.00734336665115754,-0.00338366751036304,0.105679011768444,-0.000146130900834943,0.0112928449317464,-0.0109427284709593,0.0624315410629616
248.140326124455,-0.0104521562875833,0.00735638502516214,-0.00325438965403654,0.104882957646161,-0.000136812201073974,0.011208545029119,-0.0108087393286049,0.0620344610787604
249.861216114214,-0.0103574971302572,0.0073686660264891,-0.00312816695023361,0.104092624161559,-0.000127735576341532,0.0111248579882641,-0.0106763027952132,0.0616396356439805
251.594040731461,-0.0102633361852141,0.00738021652021526,-0.00300494615929035,0.103307986950942,-0.000118896650143113,0.011041780674218,-0.0105454015881286,0.0612470555478451
253.338882744608,-0.0101696755586935,0.00739104340221034,-0.00288467464024061,0.102529021331275,-0.000110291096347913,0.0109593099353399,-0.0104160186240872,0.0608567115547243
255.09582549608,-0.0100765173286654,0.0074011535985755,-0.00276730035014838,0.101755702309181,-0.000101914639109721,0.0108774426039477,-0.0102881370167827,0.060468594406193
256.864952906292,-0.00998386354283688,0.00741055406502119,-0.00265277184334425,0.100988004589897,-9.37630527808441e-05,0.0107961754969516,-0.0101617400744469,0.0600826948230242
258.646349477661,-0.00989171621670248,0.00741925178618655,-0.00254103827056525,0.100225902586189,-8.58321618189635e-05,0.0107155054164859,-0.0100368112974434,0.0596990035071199
260.440100298641,-0.00980007733163976,0.00742725377490206,-0.00243204937799798,0.0994693704272148,-7.81178406868673e-05,0.0106354291505396,-0.00991333437587783,0.0593175111433799
262.246291047787,-0.00970894883305169,0.00743456707139749,-0.00232575550622436,0.0987183819673464,-7.06160137449719e-05,0.0105559434735842,-0.00979129318722257,0.0589382084015099
264.065007997846,-0.00961833262855659,0.00744119874245707,-0.00222210758907003,0.0979729107949408,-6.33226551365776e-05,0.0104770451471995,-0.00967067179395989,0.0585610859377705
265.896338019882,-0.00952823058622701,0.00744715588052399,-0.0021210571523551,0.0972329302410629,-5.62337886657986e-05,0.0103987309206968,-0.00955145444124197,0.0581861343966678
267.740368587419,-0.00943864453287847,0.00745244560275608,-0.00202255631254701,0.0964984133881562,-4.93454876681234e-05,0.0103209975317401,-0.00943362555456952,0.0578133444125873
269.597187780627,-0.00934957625240901,0.00745707505003488,-0.0019265577753158,0.0957693330786609,-4.26538748735585e-05,0.0102438417069643,-0.0093171697374897,0.057442706611373
271.466884290521,-0.0092610274841905,0.00746105138593005,-0.00183301483399138,0.0950456619235773,-3.61551222623237e-05,0.01016726016259,-0.00920207176931367,0.0570742116118505
273.349547423206,-0.00917299992151245,0.00746438179562116,-0.00174188136792336,0.0943273723109734,-2.98454509130835e-05,0.0100912496050362,-0.0090883166028547,0.0567078500272989
275.245267104134,-0.00908549521007912,0.00746707348477898,-0.0016531118407433,0.0936144364144339,-2.37211308436785e-05,0.0100158067315292,-0.00897588936218729,0.0563436124668695
277.154133882404,-0.00899851494656054,0.0074691336784083,-0.00156666129852988,0.09290682620145,-1.77784808443567e-05,0.00994092823070806,-0.00886477534042784,0.0559814895369543
279.07623893509,-0.00891206067719809,0.00747056961965438,-0.00148248536787723,0.0922045134417476,-1.20138683035202e-05,0.0098666107832269,-0.00875495999753757,0.0556214718425058
281.011674071587,-0.00882613389646511,0.00747138856857507,-0.00140054025386688,0.0915074697155521,-6.42370902595186e-06,0.00979285106235308,-0.00864642895814789,0.0552635499883075
282.960531738006,-0.00874073604578296,0.00747159780088063,-0.0013207827379439,0.0908156664217882,-1.0044670435761e-06,0.00971964573456165,-0.00853916800940895,0.0549077145801984
284.922905021585,-0.00865586851229303,0.00747120460664342,-0.00124317017569769,0.0901290747862133,4.2473455812474e-06,0.00964699146012561,-0.00843316309886159,0.0545539562262514
286.898887655133,-0.00857153262768489,0.0074702162889794,-0.00116766049454832,0.0894476658694817,9.33516895985811e-06,0.00957488489370198,-0.00832840033233324,0.0542022655379073
288.888574021513,-0.00848772966708083,0.00746864016270347,-0.00109421219133901,0.0887714105751385,1.42623955888251e-05,0.00950332268491336,-0.00822486597185799,0.0538526331310654
290.892059158146,-0.00840446084797705,0.00746648355296087,-0.00102278432983556,0.0881002796575421,1.90323705688267e-05,0.00943230147892487,-0.00812254643362119,0.0535050496271318
292.909438761552,-0.00832172732924145,0.0074637537938363,-0.000953336538133853,0.0874342437297115,2.36483918308256e-05,0.00936181791701627,-0.00802142828592895,0.0531595056540276
294.940809191919,-0.00823953021016826,0.00746045822694312,-0.000885829005976143,0.0867732732710986,2.81137103694833e-05,0.00929186863714915,-0.00792149824720269,0.0528159918471557
296.986267477709,-0.00815787052958927,0.00745660419999432,-0.000820222481977457,0.0861173386352832,3.24315304837445e-05,0.00922245027452891,-0.00782274318399901,0.0524744988503308
299.045911320291,-0.00807674926504169,0.00745219906535748,-0.00075647827076309,0.0854664100575883,3.66050100245143e-05,0.00915355946216144,-0.00772515010905515,0.0521350173166706
301.119839098607,-0.00799616733199255,0.00744725017859522,-0.000694558230018398,0.0848204576626147,4.06372606493574e-05,0.0090851928314043,-0.00762870617936006,0.0517975379094509
303.208149873869,-0.0079161255831192,0.00744176489699362,-0.000634424767452341,0.0841794514716934,4.45313480841164e-05,0.00901734701251225,-0.00753339869425139,0.0514620513029254
305.310943394298,-0.00783662480764593,0.00743575057807995,-0.000576040837675927,0.0835433614102531,4.82902923913671e-05,0.00895001863517694,-0.0074392150935384,0.0511285481831119
307.428320099879,-0.00775766573073611,0.00742921457813186,-0.00051936993899711,0.0829121573151026,5.19170682456024e-05,0.00888320432906066,-0.00734614295565099,0.0507970192485443
309.560381127168,-0.00767924901293969,0.00742216425067974,-0.000464376110133566,0.0822858089416253,5.54146052150406e-05,0.00881690072432383,-0.00725416999581474,0.0504674552109932
311.707228314113,-0.00760137524969546,0.00741460694500403,-0.000411023926844972,0.0816642859708851,5.87857880499407e-05,0.00875110445214639,-0.00716328406425221,0.0501398467961559
313.868964204927,-0.00752404497088766,0.00740655000462922,-0.000359278498486248,0.0810475580166419,6.20334569773125e-05,0.00868581214524256,-0.00707347314441037,0.0498141847443149
316.045692054981,-0.00744725864045642,0.00739800076581633,-0.000309105464483659,0.0804355946322752,6.51604080018836e-05,0.00862102043836911,-0.00698472535121423,0.0494904598109694
318.237515835737,-0.00737101665606137,0.00738896655605536,-0.000260470990735286,0.0798283653176146,6.81693932132063e-05,0.0085567259688269,-0.0068970289293466,0.0491686627674373
320.444540239715,-0.00729531934879782,0.0073794546925595,-0.000213341765937734,0.0792258395256751,7.10631210987597e-05,0.00849292537695551,-0.00681037225155389,0.0488487844014305
322.666870685493,-0.00722016698296482,0.0073694724807627,-0.000167684997840974,0.0786279866692982,7.38442568629089e-05,0.00842961530662091,-0.00672474381697806,0.048530815517605
324.904613322743,-0.00714555975588448,0.00735902721282197,-0.000123468409433079,0.0780347761276936,7.6515422751571e-05,0.00836679240569599,-0.00664013224951437,0.0482147469380848
327.1578750373,-0.00707149779777159,0.0073481261661261,-8.06602350568193e-05,0.0774461772528848,7.90791983824522e-05,0.00830445332653384,-0.00655652629619498,0.0479005695029618
329.426763456268,-0.0069979811716529,0.00733677660181221,-3.92292164601432e-05,0.076862159376054,8.1538121080677e-05,0.00824259472643372,-0.00647391482559831,0.0475882740707732
331.711386953162,-0.00692500987333516,0.00732498576329156,8.55401217495985e-07,0.0762826918137869,8.38946862196725e-05,0.00818121326809943,-0.00639228682628386,0.0472778515189558
334.011854653082,-0.00685258383142106,0.0073127608747859,3.96238735210098e-05,0.0757077438742162,8.61513475671426e-05,0.00812030562009027,-0.00631163140525239,0.0469692927442786
336.328276437929,-0.00678070290737216,0.00730010913987583,7.71059608154264e-05,0.0751372848630628,8.83105176359478e-05,0.00805986845726419,-0.00623193778643143,0.0466625886632552
338.660762951648,-0.00670936689561787,0.00728703774006239,0.000113330932479717,0.0745712840895732,9.03745680397503e-05,0.0079998984612132,-0.00615319530918559,0.0463577302125361
341.009425605519,-0.00663857552370951,0.00727355383334316,0.000148327571156268,0.0740097108723532,9.23458298532278e-05,0.00794039232069096,-0.00607539342685186,0.0460547083492821
343.374376583475,-0.00656832845251845,0.00725966455280392,0.000182124177054054,0.0734525345450972,9.42265939766944e-05,0.0078813467320324,-0.00599852170529929,0.0457535140515187
345.75572884746,-0.00649862527647741,0.00724537700522727,0.000214748572303195,0.072899724462211,9.6019111504949e-05,0.00782275839956525,-0.00592256982151317,0.0454541383184742
348.153596142828,-0.00642946552386367,0.00723069826971903,0.000246228105358727,0.0723512500043292,9.77255941001702e-05,0.00776462403601363,-0.00584752756220313,0.0451565721709001
350.568093003772,-0.00636084865712333,0.00721563539635375,0.000276589655451387,0.0718070805837258,9.93482143686785e-05,0.00770694036289331,-0.00577338482243516,0.0448608066513752
352.999334758797,-0.0062927740732355,0.00720019540484001,0.000305859637083113,0.0712671856496175,0.00010088910624138,0.00764970411089888,-0.00570013160428714,0.0445668328245959
355.44743753623,-0.00622524110411514,0.00718438528320685,0.000334064004565069,0.0707315346933592,0.000102350365357715,0.00759291202028259,-0.00562775801552757,0.0442746417776495
357.912518269762,-0.00615824901705376,0.00716821198651186,0.000361228256595857,0.0702000972535326,0.000103734049452912,0.00753656084122487,-0.0055562542683174,0.043984224620276
360.39469470404,-0.00609179701519653,0.0071516824355721,0.00038737744087776,0.0696728429209249,0.000105042178748376,0.00748064733419653,-0.00548561067793437,0.0436955724851144
362.894085400285,-0.00602588423805489,0.00713480351571843,0.000412536158768623,0.0691497413434003,0.000106276736345019,0.00742516827031254,-0.00541581766151982,0.0434086765279376
365.410809741959,-0.00596050976205339,0.00711758207557422,0.000436728569967176,0.068630762230663,0.000107439668619334,0.00737012043167736,-0.00534686573684746,0.0431235279278749
367.944987940466,-0.00589567260110959,0.00710002492585895,0.000459978397229509,0.0681158753589104,0.000108532885622048,0.00731550061172188,-0.00527874552111392,0.0428401178876225
370.496741040893,-0.00583137170724604,0.00708213883821765,0.000482308931114425,0.0676050505753789,0.000109558261479142,0.00726130561553189,-0.00521144772975066,0.0425584376336437
373.066190927794,-0.00576760597123287,0.00706393054407647,0.000503743034755414,0.06709825780278,0.000110517634795067,0.00720753226016801,-0.00514496317525687,0.0422784784163581
375.653460331008,-0.00570437422326007,0.00704540673352524,0.00052430314865703,0.0665954670436285,0.000111412809057968,0.0071541773749772,-0.00507928276605318,0.0420002315103215
378.258672831527,-0.0056416752336382,0.0070265740542275,0.000544011295513343,0.0660966483844622,0.000112245553046712,0.00710123780189578,-0.00501439750535568,0.041723688214396
380.881952867393,-0.00557950771352631,0.00700743911035834,0.000562889085046379,0.065601771999953,0.000113017601239572,0.00704871039574397,-0.00495029849006993,0.041448839851911
383.523425739646,-0.00551787031568599,0.00698800846157075,0.000580957718862173,0.0651108081569107,0.000113730654224333,0.00699659202451195,-0.0048869769097047,0.0411756777708169
386.183217618305,-0.00545676163526027,0.00696828862199066,0.000598237995322401,0.0646237272181792,0.000114386379109683,0.0069448795696375,-0.00482442404530498,0.0409041933438292
388.861455548399,-0.00539618021057629,0.0069482860592412,0.000614750314429319,0.0641404996464252,0.000114986409937682,0.00689356992627517,-0.0047626312684039,0.0406343779685667
391.558267456034,-0.00533612452397056,0.00692800719349643,0.000630514682721878,0.0636610960078208,0.000115532348097136,0.00684266000355709,-0.00470159003999337,0.0403662230676816
394.273782154498,-0.00527659300263565,0.00690745839656481,0.000645550718180921,0.0631854869756196,0.000116025762737696,0.00679214672484542,-0.00464129190951283,0.0400997200889834
397.008129350424,-0.00521758401948714,0.00688664599100275,0.000659877655141341,0.0627136433336273,0.000116468191184512,0.00674202702797644,-0.00458172851385594,0.0398348605055562
399.761439649975,-0.00515909589404973,0.00686557624925834,0.00067351434920913,0.062245535979568,0.000116861139353263,0.00669229786549632,-0.00452289157639479,0.0395716358158704
402.533844565089,-0.00510112689336132,0.00684425539284545,0.000686479282181253,0.061781135928345,0.000117206082165388,0.00664295620488872,-0.00446477290602121,0.0393100375438886
405.325476519761,-0.00504367523289409,0.00682268959154844,0.000698790566966415,0.0613204143151999,0.000117504463963365,0.00659399902879419,-0.00440736439620498,0.0390500572391665
408.136468856361,-0.00498673907749129,0.00680088496265743,0.000710465952504607,0.0608633423987671,0.00011775769892585,0.00654542333522133,-0.00435065802406835,0.0387916864769486
410.966955842014,-0.00493031654231877,0.00677884757023428,0.000721522828683661,0.0604098915640281,0.000117967171482528,0.00649722613775004,-0.00429464584947679,0.0385349168582599
413.817072675003,-0.00487440569383014,0.00675658342440929,0.000731978231250714,0.0599600333251638,0.000118134236728512,0.00644940446572659,-0.00423932001414531,0.0382797400099924
416.686955491232,-0.00481900455074454,0.00673409848070858,0.000741848846716871,0.059513739328307,0.000118260220838125,0.00640195536445087,-0.00418467274076032,0.0380261475849887
419.576741370729,-0.00476411108503588,0.0067113986394122,0.000751151017253118,0.0590709813541959,0.000118346421477923,0.00635487589535571,-0.00413069633211637,0.0377741312621212
422.486568344193,-0.00470972322293261,0.00668848974494281,0.000759900745575757,0.0586317313207295,0.000118394108218793,0.0063081631361784,-0.00407738317026766,0.0375236827463678
425.416575399583,-0.00465583884592703,0.00666537758528488,0.000768113699819568,0.0581959612854258,0.000118404522946993,0.00626181418112452,-0.00402472571569388,0.0372747937688843
428.366902488763,-0.00460245579179301,0.00664206789143428,0.000775805218396977,0.0577636434477842,0.000118378880273972,0.0062158261410241,-0.00397271650647999,0.0370274560870748
431.337690534184,-0.00454957185561135,0.00661856633687807,0.000782990314841585,0.0573347501515528,0.000118318367944843,0.00617019614348026,-0.00392134815750968,0.0367816614846576
434.329081435613,-0.00449718479080162,0.00659487853710442,0.000789683682634398,0.0569092538869025,0.000118224147245366,0.00612492133301037,-0.00387061335967224,0.0365374017717302
437.341218076915,-0.00444529231015969,0.00657101004914228,0.000795899700011178,0.0564871272925077,0.000118097353407304,0.00607999887117986,-0.00382050487908223,0.0362946687848307
440.374244332875,-0.00439389208690002,0.00654696637113074,0.000801652434749341,0.0560683431575368,0.000117939096012021,0.00603542593672872,-0.00377101555631207,0.0360534543869975
443.428305076071,-0.00434298175570176,0.0065227529419177,0.000806955648932961,0.0556528744235517,0.000117750459392202,0.00599119972569085,-0.00372213830563673,0.035813750467827
446.503546183793,-0.00429255891375779,0.00649837514068766,0.000811822803694334,0.0552406941863187,0.000117532503031558,0.00594731745150635,-0.00367386611429065,0.0355755489435293
449.600114545014,-0.00424262112182596,0.00647383828661831,0.000816267063930739,0.0548317756975325,0.000117286261962414,0.00590377634512676,-0.00362619204173629,0.0353388417569823
452.718158067401,-0.00419316590528157,0.00644914763856554,0.000820301302995066,0.0544260923664531,0.00011701274716105,0.00586057365511355,-0.00357910921894412,0.0351036208777835
455.857825684385,-0.00414419075517036,0.00642430839477663,0.00082393810735886,0.0540236177614584,0.000116712945940681,0.0058177066477297,-0.00353261084768368,0.0348698783023015
459.01926736227,-0.00409569312926119,0.00639932569263123,0.000827189781246628,0.0536243256115133,0.000116387822341986,0.00577517260702474,-0.00348669019982558,0.0346376060537255
462.202634107401,-0.00404767045309774,0.00637420460840969,0.000830068351240122,0.0532281898075563,0.000116038317521062,0.0057329688349132,-0.00344134061665392,0.0344067961821131
465.408077973374,-0.00400012012104831,0.00634895015708849,0.000832585570851399,0.0528351844038057,0.000115665350134705,0.00569109265124661,-0.003396555508189,0.0341774407644381
468.635752068297,-0.00395303949735325,0.00632356729216221,0.000834752925063524,0.0524452836189863,0.000115269816722939,0.00564954139387921,-0.00335232835252003,0.033949531904636
471.885810562108,-0.00390642591716908,0.00629806090549176,0.000836581634837861,0.0520584618374785,0.00011485259208867,0.00560831241872741,-0.0033086526951475,0.0337230617336497
475.158408693936,-0.00386027668760884,0.00627243582717836,0.000838082661586793,0.0516746936103902,0.00011441452967441,0.0055674030998232,-0.00326552214833497,0.0334980224094733
478.453702779515,-0.00381458908877792,0.00624669682546282,0.000839266711611011,0.0512939536565547,0.000113956461935949,0.00552681082936157,-0.00322293039047012,0.0332744061171961
481.771850218653,-0.00376936037480471,0.00622084860664975,0.000840144240500273,0.050916216863454,0.00011347920071293,0.00548653301774205,-0.00318087116543461,0.0330522050690446
485.113009502749,-0.00372458777486562,0.00619489581505613,0.000840725457496802,0.0505414582880705,0.00011298353759622,0.00544656709360456,-0.00313933828198264,0.032831411504425
488.477340222363,-0.00368026849420371,0.00616884303298385,0.000841020329820415,0.0501696531576684,0.00011247024429202,0.00540691050385959,-0.003098325613128,0.0326120176899645
491.865003074839,-0.00363639971514055,0.00614269478071566,0.000841038586954552,0.049800776870505,0.000111940072982632,0.00536756071371288,-0.00305782709553921,0.0323940159195521
495.276159871982,-0.00359297859808061,0.0061164555165341,0.000840789724892447,0.0494348049964749,0.000111393756683832,0.00532851520668477,-0.00301783672894269,0.0321773985143785
498.710973547785,-0.00355000228250785,0.00609012963676294,0.000840283010342661,0.0490717132776878,0.00011083200959877,0.00528977148462423,-0.00297834857553362,0.0319621578229761
502.169608166212,-0.00350746788797387,0.00606372147583051,0.000839527484893297,0.0487114776289819,0.000110255527468341,0.00525132706771777,-0.00293935675939432,0.0317482862212583
505.652228929035,-0.00346537251507726,0.00603723530635449,0.000838531969134249,0.048354074138373,0.000109664987917987,0.00521317949449337,-0.00290085546591992,0.0315357761125577
509.159002183727,-0.00342371324643358,0.00601067533924772,0.000837305066736827,0.0479994790674432,0.000109061050800847,0.0051753263218194,-0.00286283894125119,0.031324619927665
512.690095431402,-0.00338248714763578,0.00598404572384429,0.000835855168490247,0.0476476688516678,0.000108444358537243,0.00513776512489893,-0.00282530149171412,0.0311148101248662
516.245677334823,-0.00334169126820437,0.00595735054804567,0.000834190456294384,0.0472986201006845,0.000107815536450419,0.00510049349725918,-0.00278823748326635,0.0309063391899807
519.825917726449,-0.00330132264252723,0.0059305938384861,0.00083231890710832,0.0469523095985045,0.00010717519309853,0.00506350905073661,-0.00275164134095,0.0306991996363977
523.430987616559,-0.00326137829078846,0.00590377956071692,0.000830248296854256,0.0466087143036679,0.000106523920602803,0.00502680941545748,-0.00271550754835082,0.030493384005113
527.061059201407,-0.00322185521988613,0.00587691161940916,0.000827986204276307,0.0462678113493442,0.000105862294971863,0.00499039223981414,-0.00267983064706356,0.030288884864765
530.716305871459,-0.00318275042433853,0.00584999385857395,0.000825540014753861,0.0459295780433803,0.000105190876422187,0.00495425519043713,-0.00264460523616325,0.0300856948116708
534.396902219665,-0.00314406088717858,0.0058230300618002,0.000822916924069111,0.0455939918682964,0.000104510209694636,0.00491839595216325,-0.00260982597168224,0.029883806469861
538.103024049808,-0.00310578358083619,0.00579602395250904,0.000820123942128461,0.045261030481232,0.000103820824367075,0.00488281222799959,-0.00257548756609298,0.029683212491115
541.834848384891,-0.0030679154680083,0.00576897919422444,0.000817167896637568,0.0449306717138425,0.000103123235163019,0.00484750173908385,-0.00254158478779623,0.0294839055549952
545.592553475602,-0.00303045350251632,0.00574189939085955,0.000814055436729709,0.0446028935721488,0.000102417942256318,0.00481246222464082,-0.00250811246061452,0.0292858783688809
549.376318808822,-0.00299339463015074,0.0057147880870182,0.00081079303654733,0.0442776742363411,0.000101705431571837,0.00477769144193537,-0.00247506546329099,0.0290891236680019
553.1863251162,-0.00295673578950283,0.0056876487683111,0.000807386998776576,0.0439549920605374,0.000100986175082142,0.00474318716622181,-0.00244243872899306,0.0288936342154716
557.022754382788,-0.00292047391278302,0.00566048486168609,0.000803843458134646,0.043634825572499,0.000100260631100151,0.00470894719069001,-0.00241022724482116,0.0286994028023191
560.885789855729,-0.002884605926626,0.0056332997357721,0.000800168384809894,0.0433171534733038,9.9529244567771e-05,0.00467496932640818,-0.00237842605132215,0.0285064222475217
564.775616053012,-0.00284912875288225,0.00560609670123618,0.000796367587854562,0.0430019546369795,9.87924473404888e-05,0.00464125140226245,-0.00234703024200743,0.0283146853980358
568.692418772287,-0.00281403930939595,0.0055788790111532,0.000792446718530114,0.0426892081100966,9.80506584679287e-05,0.00460779126489348,-0.00231603496287559,0.0281241851288278
572.636385099737,-0.00277933451076903,0.00555164986138757,0.000788411273605146,0.042378893111324,9.73042844703665e-05,0.0045745867786301,-0.0022854354119394,0.0279349143429047
576.607703419018,-0.00274501126911141,0.0055244123909867,0.000784266598605845,0.0420709890309478,9.65537196112032e-05,0.00454163582542006,-0.00225522683875721,0.0277468659713431
580.606563420252,-0.00271106649477717,0.00549716968258551,0.00078001789101908,0.0417654754303539,9.5799346165401e-05,0.00450893630475807,-0.00222540454396844,0.0275600329733186
584.633156109091,-0.0026774970970867,0.00546992476282164,0.00077567020344813,0.0414623320414772,9.50415346838867e-05,0.0044764861336113,-0.00219596387883323,0.0273744083361339
588.687673815838,-0.00264429998503472,0.00544268060276078,0.000771228446721169,0.041161538766217,9.42806442539305e-05,0.00444428324634213,-0.00216690024477604,0.0271899850752461
592.77031020464,-0.00261147206798403,0.00541544011833177,0.000766697392952569,0.0408630756758213,9.35170227555056e-05,0.00441232559462873,-0.00213820909293315,0.027006756234294
596.881260282727,-0.00257901025634514,0.00538820617077094,0.000762081678557211,0.0405669230102397,9.27510071136479e-05,0.00438061114738306,-0.00210988592370399,0.0268247148851235
601.020720409738,-0.00254691146224155,0.00536098156707513,0.000757385807217885,0.0402730611774471,9.19829235468188e-05,0.00434913789066683,-0.00208192628630613,0.0266438541278133
605.188888307094,-0.00251517260016085,0.00533376906046323,0.000752614152806005,0.0399814707527392,9.12130878112945e-05,0.00431790382760516,-0.00205432577833397,0.0264641670906995
609.385963067442,-0.00248379058759141,0.00530657135084539,0.000747770962255807,0.0396921324780005,9.04418054415947e-05,0.00428690697829833,-0.00202708004532093,0.0262856469303983
613.612145164168,-0.00245276234564497,0.00527939108529992,0.000742860358392244,0.0394050272609467,8.96693719869691e-05,0.00425614537973139,-0.00200018478030517,0.0261082868318297
617.867636460969,-0.00242208479966483,0.00525223085855704,0.000737886342712817,0.0391201361743408,8.88960732439637e-05,0.00422561708568213,-0.00197363572339863,0.0259320800082386
622.152640221499,-0.00239175487981993,0.00522509321348929,0.000732852798123588,0.0388374404551871,8.81221854850864e-05,0.00419532016662703,-0.0019474286613595,0.025757019701216
626.467361119072,-0.00236176952168468,0.00519798064160822,0.000727763491629637,0.0385569215039008,8.73479756835968e-05,0.00416525270964572,-0.0019215594271679,0.0255830991807185
630.812005246445,-0.00233212566680468,0.00517089558356675,0.000722622076980267,0.038278560883456,8.65737017344444e-05,0.00413541281832367,-0.00189602389960475,0.0254103117450878
635.186780125658,-0.00230282026324839,0.005143840429667,0.000717432097269233,0.0380023403185137,8.57996126713811e-05,0.00410579861265345,-0.00187081800283389,0.0252386507210678
639.591894717946,-0.00227385026614473,0.00511681752037312,0.000712196987490319,0.0377282416945283,8.50259488802734e-05,0.00407640822893449,-0.00184593770598714,0.025068109463822
644.027559433723,-0.00224521263820684,0.00508982914682874,0.000706920077048612,0.0374562470568369,8.42529423086478e-05,0.00404723981967155,-0.00182137902275253,0.024898681356949
648.493986142629,-0.00221690435024192,0.00506287755137871,0.000701604592227777,0.0371863386097295,8.34808166714925e-05,0.00401829155347175,-0.0017971380109654,0.0247303598124971
652.991388183652,-0.00218892238164729,0.00503596492809465,0.000696253658613737,0.0369184987155022,8.27097876533521e-05,0.00398956161494057,-0.00177321077220255,0.0245631382709782
657.519980375318,-0.00216126372089292,0.00500909342330414,0.000690870303475091,0.0366527098934947,8.19400631067439e-05,0.00396104820457657,-0.00174959345137917,0.0243970102013795
662.07997902595,-0.00213392536599021,0.00498226513612309,0.000685457458100655,0.0363889548191123,8.11718432469284e-05,0.00393274953866513,-0.0017262822363487,0.0242319691011752
666.671601944003,-0.00210690432494753,0.00495548211899086,0.000680017960094548,0.0361272163228331,8.04053208430705e-05,0.00390466384917111,-0.00170327335750544,0.0240680084963366
671.295068448464,-0.00208019761621229,0.00492874637820809,0.000674554555629188,0.0358674773892025,7.96406814058234e-05,0.00387678938363072,-0.00168056308738996,0.0239051219413405
675.950599379332,-0.00205380226909985,0.00490205987447655,0.000669069901656618,0.0356097211558139,7.88781033713704e-05,0.00384912440504234,-0.00165814774029723,0.0237433030191769
680.638417108163,-0.00202771532420939,0.00487542452344102,0.000663566568078606,0.0353539309122785,7.81177582819651e-05,0.00382166719175675,-0.00163602367188741,0.0235825453413555
685.358745548692,-0.00200193383382682,0.00484884219623268,0.000658047039875928,0.0351000900991826,7.73598109630015e-05,0.00379441603736647,-0.00161418727879936,0.0234228425479103
690.11181016753,-0.00197645486231487,0.00482231472001386,0.000652513719197259,0.0348481823070359,7.66044196966547e-05,0.00376736925059454,-0.00159263499826675,0.0232641883074039
694.897837994932,-0.00195127548649055,0.00479584387852372,0.000646968927408146,0.0345981912752093,7.58517363921296e-05,0.00374052515518262,-0.00157136330773676,0.0231065763169294
699.717057635642,-0.00192639279599009,0.00476943141262474,0.000641414907100491,0.0343501008908637,7.51019067525565e-05,0.0037138820897786,-0.00155036872449138,0.0229500003021117
704.569699279812,-0.00190180389362159,0.00474307902084956,0.000635853824063021,0.034103895187871,7.43550704385747e-05,0.0036874384078237,-0.00152964780527123,0.0227944540171073
709.455994713995,-0.00187750589570534,0.00471678835994818,0.000630287769213165,0.0338595583457271,7.36113612286392e-05,0.00366119247743913,-0.00150919714590195,0.0226399312446024
714.376177332221,-0.00185349593240224,0.0046905610454349,0.000624718760490869,0.0336170746884584,7.2870907176096e-05,0.00363514268131237,-0.00148901338092306,0.0224864257958103
719.33048214714,-0.00182977114803025,0.0046643986521351,0.000619148744714766,0.0333764286835215,7.21338307630627e-05,0.00360928741658315,-0.00146909318321929,0.0223339315104668
724.31914580125,-0.00180632870136919,0.00463830271473143,0.000613579599401201,0.0331376049406978,7.14002490511594e-05,0.00358362509472914,-0.00144943326365439,0.0221824422568242
729.342406578201,-0.00178316576595397,0.0046122747283092,0.000608013134546585,0.0329005882109826,7.06702738291246e-05,0.0035581541414514,-0.00143003037070741,0.0220319519316446
734.400504414174,-0.00176027953035642,0.0045863161489008,0.000602451094373564,0.0326653633854704,6.99440117573655e-05,0.00353287299655966,-0.00141088129011138,0.0218824544601909
739.493680909344,-0.00173766719845599,0.00456042839402891,0.000596895159041491,0.0324319154942355,6.92215645094784e-05,0.00350778011385752,-0.00139198284449435,0.0217339437962167
744.622179339418,-0.00171532598969939,0.00453461284324823,0.000591346946321664,0.0322002297052098,6.85030289107834e-05,0.00348287396102749,-0.00137333189302297,0.0215864139219552
749.786244667259,-0.00169325313934935,0.00450887083868567,0.000585808013237863,0.031970291323058,6.77884970739161e-05,0.00345815301951601,-0.00135492533104826,0.021439858848106
754.98612355458,-0.00167144589872275,0.00448320368557867,0.000580279857672627,0.0317420857880498,6.7078056531516e-05,0.00343361578441853,-0.00133676008975394,0.0212942726138207
760.222064373731,-0.00164990153541828,0.00445761265281154,0.0005747639199398,0.0315155986749313,6.6371790366057e-05,0.00340926076436457,-0.00131883313580698,0.0211496492866872
765.494317219563,-0.00162861733353371,0.00443209897344958,0.000569261584323821,0.0312908156917942,6.56697773368597e-05,0.00338508648140282,-0.00130114147101056,0.0210059829627124
770.803133921369,-0.00160759059387312,0.00440666384527093,0.000563774180586253,0.0310677226789449,6.49720920043289e-05,0.00336109147088652,-0.00128368213195935,0.0208632677663031
776.148768054917,-0.00158681863414409,0.00438130843129583,0.00055830298544004,0.030846305607773,6.42788048514583e-05,0.00333727428135882,-0.00126645218969712,0.0207214978502464
781.531474954562,-0.00156629878914523,0.00435603386031322,0.000552849223991989,0.0306265505796197,6.35899824026453e-05,0.00331363347443843,-0.00124944874937668,0.0205806673956874
786.951511725437,-0.00154602841094401,0.00433084122740454,0.000547414071153966,0.0304084438246472,6.29056873398566e-05,0.00329016762470548,-0.00123266894992212,0.0204407706121064
792.40913725574,-0.0015260048690453,0.00430573159446456,0.0005419986530233,0.0301919717007081,6.22259786161882e-05,0.0032668753195876,-0.00121610996369334,0.020301801737294
797.904612229097,-0.0015062255505506,0.00428070599071907,0.000536604048232863,0.0299771206922177,6.15509115668608e-05,0.00324375515924638,-0.00119976899615289,0.0201637550373252
803.438199137013,-0.00148668786030825,0.00425576541323936,0.00053123128927135,0.0297638774090261,6.08805380176931e-05,0.00322080575646403,-0.00118364328553513,0.0200266248065319
809.01016229141,-0.00146738922105487,0.00423091082745331,0.000525881363774205,0.0295522285852938,6.02149063910934e-05,0.00319802573653049,-0.00116773010251758,0.0198904053674735
814.620767837254,-0.001448327073548,0.00420614316765305,0.000520555215785707,0.0293421610783692,5.95540618096129e-05,0.00317541373713088,-0.0011520267498947,0.0197550910709066
820.270283765263,-0.00142949887669035,0.00418146333749893,0.000515253746992674,0.0291336618676685,5.88980461971e-05,0.00315296840823334,-0.00113653056225376,0.0196206762957534
825.958979924714,-0.00141090210764568,0.00415687221051988,0.000509977817930279,0.0289267180535594,5.82468983774977e-05,0.00313068841197733,-0.00112123890565317,0.0194871554490674
831.687128036326,-0.00139253426194658,0.00413237063060991,0.000504728249160437,0.0287213168562477,5.76006541713246e-05,0.00310857242256238,-0.00110614917730288,0.0193545229659996
837.455001705243,-0.00137439285359425,0.00410795941252069,0.00049950582242326,0.0285174456146674,5.69593464898803e-05,0.0030866191261373,-0.00109125880524721,0.0192227733097613
843.262876434102,-0.00135647541515061,0.00408363934235016,0.000494311281762016,0.0283150917853754,5.63230054272143e-05,0.00306482722068988,-0.00107656524804985,0.019091900971587
849.111029636188,-0.00133877949782267,0.0040594111780271,0.000489145334622087,0.0281142429414499,5.56916583499004e-05,0.0030431954159372,-0.00106206599448109,0.0189619004706948
854.999740648693,-0.0013213026715396,0.00403527564979142,0.00048400865292437,0.0279148867713936,5.50653299846535e-05,0.00302172243321637,-0.00104775856320739,0.0188327663542462
860.92929074605,-0.00130404252502246,0.00401123346067032,0.000478901874113593,0.0277170110780411,5.44440425038314e-05,0.00300040700537589,-0.00103364050248309,0.0187044931973037
866.899963153375,-0.00128699666584693,0.00398728528695009,0.000473825602181975,0.0275206037774723,5.38278156088562e-05,0.00297924787666761,-0.00101970938984445,0.0185770756027879
872.91204305999,-0.00127016272049908,0.00396343177864355,0.000468780408668722,0.0273256528979298,5.32166666115992e-05,0.00295824380263924,-0.00100596283180588,0.0184505082014321
878.965817633049,-0.00125353833442445,0.00393967355995301,0.000463766833635755,0.0271321465787431,5.26106105137621e-05,0.00293739355002752,-0.000992398463558414,0.0183247856517368
885.061576031251,-0.00123712117207048,0.00391601122972879,0.000458785386620162,0.0269400730692567,5.20096600842974e-05,0.00291669589665198,-0.000979013948670433,0.0181999026399217
891.199609418655,-0.00122090891692266,0.00389244536192317,0.000453836547563765,0.0267494207277659,5.14138259349006e-05,0.00289614963130941,-0.000965806978790606,0.0180758538798771
897.380210978585,-0.00120489927153434,0.00386897650603969,0.000448920767720275,0.026560178020457,5.08231165936162e-05,0.00287575355366891,-0.00095277527335306,0.0179526341131134
903.603675927636,-0.00118908995755053,0.00384560518757792,0.000444038470540431,0.0263723335203551,5.02375385765896e-05,0.0028555064741677,-0.00093991657928478,0.0178302381087097
909.870301529772,-0.00117347871572574,0.00382233190847342,0.00043919005253557,0.0261858759062767,4.96570964580048e-05,0.00283540721390752,-0.000927228670715229,0.0177086606632611
916.18038711053,-0.0011580633059361,0.00379915714753306,0.000434375884120029,0.0260007939617905,4.90817929382409e-05,0.00281545460455185,-0.000914709348688186,0.0175878966008242
922.534234071309,-0.00114284150718589,0.00377608136086556,0.000429596310432815,0.0258170765741835,4.85116289102858e-05,0.00279564748822372,-0.0009023564408758,0.0174679407728617
928.932145903777,-0.00112781111760858,0.00375310498230726,0.000424851652138917,0.0256347127334348,4.79466035244388e-05,0.00277598471740434,-0.000890167801294863,0.0173487880581858
935.374428204358,-0.00111296995446262,0.00373022842384306,0.000420142206210705,0.0254536915311956,4.73867142513395e-05,0.00275646515483238,-0.000878141310025287,0.0172304333629002
941.861388688833,-0.00109831585412211,0.00370745207602254,0.000415468246689783,0.0252740021597768,4.68319569433553e-05,0.00273708767340402,-0.000866274872930793,0.0171128716203406
948.39333720704,-0.0010838466720624,0.00368477630837124,0.000410830025429705,0.0250956339111437,4.62823258943625e-05,0.00271785115607382,-0.000854566421381802,0.0169960977910143
954.970585757668,-0.00106956028284097,0.00366220146979703,0.000406227772819938,0.0249185761759176,4.57378138979525e-05,0.00269875449575618,-0.000843013911980523,0.0168801068625387
961.593448503166,-0.00105545458007347,0.0036397278889917,0.00040166169849146,0.0247428184423855,4.51984123040981e-05,0.00267979659522774,-0.000831615326288251,0.0167648938495782
968.262241784745,-0.00104152747640532,0.0036173558748275,0.000397131992004357,0.0245683502955162,4.46641110743104e-05,0.00266097636703044,-0.000820368670554839,0.0166504537937803
974.977284137491,-0.00102777690347885,0.00359508571674897,0.000392638823517814,0.0243951614159852,4.4134898835319e-05,0.00264229273337539,-0.00080927197545038,0.0165367817637099
981.738896305574,-0.00101420081189612,0.0035729176851597,0.000388182344442853,0.0242232415792063,4.36107629313074e-05,0.00262374462604749,-0.000798323295799063,0.0164238728547837
988.547401257578,-0.0010007971711777,0.00355085203180432,0.000383762688078172,0.0240525806543712,4.30916894747322e-05,0.0026053309863109,-0.000787520710315211,0.0163117221892017
995.403124201917,-0.000987563969717312,0.0035288889901455,0.000379379970229469,0.0238831686034971,4.25776633957605e-05,0.00258705076481524,-0.000776862321341501,0.0162003249158795
1002.30639260238,-0.000974499214732701,0.00350702877573607,0.000375034289812573,0.0237149954804818,4.20686684903521e-05,0.00256890292150261,-0.00076634625458936,0.0160896762103779
1009.25753619375,-0.000961600932212699,0.00348527158658632,0.000370725729440752,0.0235480514301669,4.15646874670172e-05,0.00255088642551537,-0.000755970658881519,0.0159797712748324
1016.2568869976,-0.000948867166860674,0.00346361760352627,0.000366454355996515,0.0233823266874088,4.10657019922797e-05,0.00253300025510479,-0.000745733705896737,0.0158706053378812
1023.30477933808,-0.000936295982034504,0.00344206699056324,0.000362220221188278,0.0232178115761581,4.05716927348735e-05,0.00251524339754043,-0.000735633589916697,0.0157621736545924
1030.40154985798,-0.000923885459683127,0.00342061989523439,0.000358023362092176,0.023054496508546,4.00826394086994e-05,0.00249761484902036,-0.00072566852757502,0.01565447150639
1037.5475375347,-0.00091163370027989,0.00339927644895458,0.000353863801679402,0.0228923719839802,3.9598520814574e-05,0.00248011361458219,-0.000715836757608479,0.0155474942009789
1044.74308369654,-0.0008995388227527,0.00337803676735919,0.000349741549329334,0.0227314285882477,3.91193148807915e-05,0.00246273870801485,-0.000706136540610301,0.015441237072269
1051.98853203895,-0.000887598964411205,0.0033569009506424,0.000345656601328832,0.0225716569926261,3.86449987025329e-05,0.0024454891517713,-0.000696566158785654,0.0153356954802986
1059.28422864097,-0.000875812280871011,0.00333586908389035,0.000341608941357932,0.0224130479530032,3.81755485801414e-05,0.00242836397688187,-0.000687123915709228,0.015230864811156
1066.63052198171,-0.000864176945975147,0.00331494123740989,0.000337598540962327,0.0222555923090048,3.77109400562967e-05,0.00241136222286858,-0.000677808136084974,0.0151267404769012
1074.02776295709,-0.000852691151712784,0.00329411746705221,0.000333625360012863,0.0220992809831297,3.72511479521075e-05,0.00239448293766012,-0.000668617165507928,0.015023317915486
1081.4763048965,-0.000841353108135426,0.00327339781453206,0.000329689347152391,0.0219441049798946,3.67961464021531e-05,0.0023777251775078,-0.000659549370228182,0.0149205925906734
1088.97650357974,-0.000830161043270556,0.0032527823077421,0.000325790440230234,0.0217900553849853,3.63459088884936e-05,0.0023610880069021,-0.000650603136916929,0.0148185599919564
1096.52871725401,-0.000819113203032961,0.00323227096106258,0.000321928566724574,0.0216371233644173,3.5900408273677e-05,0.00234457049849021,-0.000641776872434636,0.0147172156344754
1104.13330665098,-0.000808207851133718,0.00321186377566649,0.000318103644153016,0.021485300163704,3.54596168327623e-05,0.00232817173299426,-0.00063306900360128,0.0146165550589352
1111.79063500406,-0.000797443268987056,0.00319156073981998,0.000314315580471628,0.0213345771070334,3.5023506284388e-05,0.0023118907991304,-0.000624477976968696,0.0145165738315212
1119.50106806575,-0.000786817755615063,0.00317136182917823,0.000310564274462692,0.0211849455964525,3.45920478209022e-05,0.00229572679352864,-0.000616002258594977,0.0144172675438143
1127.26497412507,-0.000776329627550465,0.00315126700707688,0.000306849616111474,0.0210363971110601,3.41652121375825e-05,0.00227967882065351,-0.000607640333820967,0.0143186318127058
1135.0827240252,-0.000765977218737443,0.00313127622481872,0.000303171486972215,0.0208889232062076,3.3742969460963e-05,0.00226374599272554,-0.000599390707048789,0.0142206622803108
1142.95469118117,-0.000755758880430681,0.00311138942195616,0.00029952976052366,0.0207425155127077,3.33252895762939e-05,0.00224792742964343,-0.000591251901522456,0.0141233546138812
1150.8812515977,-0.000745672981092642,0.00309160652656904,0.000295924302514315,0.0205971657360518,3.29121418541515e-05,0.00223222225890715,-0.000583222459110495,0.0140267045057181
1158.86278388715,-0.000735717906289251,0.00307192745553819,0.00029235497129772,0.0204528656556347,3.25034952762226e-05,0.00221662961554168,-0.000575300940090642,0.0139307076730835
1166.89966928762,-0.000725892058583964,0.00305235211481448,0.000288821618157953,0.020309607123987,3.20993184602805e-05,0.00220114864202162,-0.000567485922936527,0.0138353598581107
1174.99229168114,-0.000716193857430405,0.00303288039968367,0.00028532408762561,0.0201673820660172,3.16995796843754e-05,0.00218577848819657,-0.000559776004106418,0.0137406568277151
1183.14103761204,-0.000706621739063568,0.00301351219502688,0.000281862217784486,0.0200261824782593,3.13042469102558e-05,0.00217051831121718,-0.000552169797833934,0.013646594373503
1191.34629630538,-0.000697174156389724,0.0029942473755768,0.00027843584056919,0.0198860004281304,3.09132878060441e-05,0.00215536727546217,-0.000544665935920802,0.0135531683116815
1199.60845968555,-0.000687849578875048,0.00297508580616974,0.000275044782053906,0.0197468280531947,3.05266697681798e-05,0.00214032455246586,-0.000537263067531559,0.0134603744829662
1207.92792239501,-0.00067864649243311,0.00295602734199349,0.000271688862732526,0.019608657560436,3.0144359942655e-05,0.00212538932084668,-0.000529959858990285,0.0133682087524888
1216.3050818131,-0.000669563399311224,0.00293707182883098,0.000268367897790357,0.0194714812255382,2.9766325245554e-05,0.00211056076623629,-0.00052275499357926,0.0132766670097048
1224.74033807505,-0.000660598817975797,0.00291821910329995,0.000265081697367629,0.0193352913921726,2.93925323829197e-05,0.00209583808120953,-0.000515647171339627,0.0131857451683
1233.23409409112,-0.000651751282996681,0.00289946899308846,0.000261830066814976,0.0192000804712938,2.90229478699607e-05,0.00208122046521504,-0.000508635108873973,0.013095439166096
1241.78675556577,-0.000643019344930658,0.00288082131718654,0.000258612806941129,0.0190658409404429,2.86575380496185e-05,0.0020667071245067,-0.000501717539150877,0.0130057449649566
1250.39873101711,-0.000634401570204053,0.00286227588611367,0.000255429714252984,0.018932565343058,2.8296269110509e-05,0.00205229727207574,-0.000494893211311371,0.0129166585506923
1259.07043179635,-0.000625896540994614,0.00284383250214253,0.000252280581188259,0.0188002462877925,2.79391071042571e-05,0.00203799012758365,-0.000488160890477343,0.012828175932965
1267.80227210752,-0.00061750285511264,0.00282549095951878,0.000249165196340904,0.0186688764478412,2.75860179622377e-05,0.00202378491729568,-0.000481519357561828,0.0127402931451924
1276.5946690272,-0.000609219125881478,0.00280725104467696,0.000246083344679477,0.0185384485602731,2.72369675117404e-05,0.0020096808740152,-0.000474967409081218,0.0126530062444509
1285.44804252445,-0.000601043982017437,0.00278911253645273,0.000243034807758645,0.0184089554253721,2.68919214915737e-05,0.00199567723701875,-0.000468503856969356,0.01256631131138
1294.36281548089,-0.00059297606750912,0.00277107520629121,0.000240019363923987,0.0182803899059849,2.65508455671201e-05,0.00198177325199166,-0.000462127528393501,0.012480204450084
1303.33941371088,-0.000585014041496317,0.00275313881845176,0.00023703678851028,0.0181527449268762,2.62137053448617e-05,0.00196796817096457,-0.000455837265572177,0.0123946817880352
1312.37826598188,-0.00057715657814843,0.00273530313020896,0.000234086854033431,0.0180260134740908,2.58804663863856e-05,0.00195426125225048,-0.000449631925594854,0.0123097394759752
1321.47980403488,-0.000569402366542545,0.00271756789205007,0.000231169330376225,0.0179001885943235,2.55510942218876e-05,0.00194065176038261,-0.000443510380243508,0.0122253736878174
1330.6444626051,-0.000561750110541137,0.00269993284786891,0.000228283984968029,0.0177752633942952,2.52255543631829e-05,0.00192713896605283,-0.000437471515815972,0.0121415806205479
1339.87267944269,-0.000554198528669537,0.00268239773515618,0.000225430582958656,0.0176512310401369,2.49038123162425e-05,0.00191372214605089,-0.000431514232951154,0.0120583564941264
1349.16489533366,-0.000546746353993113,0.00266496228518627,0.000222608887386484,0.0175280847567801,2.45858335932633e-05,0.00190040058320421,-0.000425637446456026,0.011975697551387
1358.52155412096,-0.000539392333994304,0.00264762622320075,0.000219818659341024,0.0174058178273543,2.42715837242886e-05,0.00188717356631839,-0.000419840085134446,0.0118936000579386
1367.94310272563,-0.000532135230449464,0.00263038926858833,0.000217059658120076,0.0172844235925913,2.39610282683879e-05,0.00187404039011841,-0.000414121091617732,0.0118120603020651
1377.42999116818,-0.000524973819305647,0.00261325113506154,0.0002143316413816,0.0171638954502366,2.36541328244122e-05,0.00186100035519038,-0.000408479422197047,0.0117310745946249
1386.98267259009,-0.000517906890557278,0.00259621153083011,0.000211634365290457,0.0170442268544667,2.3350863041332e-05,0.00184805276792407,-0.000402914046657514,0.0116506392689509
1396.60160327544,-0.000510933248122845,0.00257927015877106,0.000208967584660167,0.0169254113153144,2.30511846281744e-05,0.00183519694045598,-0.000397423948114115,0.0115707506807494
1406.2872426727,-0.000504051709721575,0.00256242671659555,0.000206331053089785,0.0168074423980989,2.27550633635658e-05,0.00182243219061305,-0.000392008122849292,0.0114914052079995
1416.04005341668,-0.000497261106750178,0.00254568089701269,0.000203724523096072,0.0166903137228646,2.24624651048963e-05,0.00180975784185711,-0.000386665580152312,0.0114125992508519
1425.86050135065,-0.00049056028415967,0.00252903238788998,0.000201147746241045,0.0165740189638242,2.21733557971113e-05,0.00179717322322976,-0.000381395342160313,0.0113343292315275
1435.74905554856,-0.000483948100332331,0.00251248087241094,0.000198600473255065,0.0164585518488099,2.1887701481146e-05,0.00178467766929807,-0.000376196443701086,0.011256591594216
1445.70618833745,-0.000477423426958797,0.00249602602922945,0.000196082454155564,0.0163439061587298,2.16054683020088e-05,0.00177227052010075,-0.000371067932137508,0.0111793828049745
1455.73237532004,-0.000470985148915377,0.00247966753262129,0.000193593438361547,0.0162300757270315,2.13266225165267e-05,0.00175995112109497,-0.000366008867213692,0.0111026993516251
1465.8280953974,-0.000464632164141546,0.00246340505263256,0.000191133174803966,0.0161170544391712,2.10511305007603e-05,0.00174771882310377,-0.000361018320902767,0.0110265377436535
1475.99383079187,-0.000458363383517737,0.00244723825522531,0.000188701412032107,0.0160048362320893,2.07789587571004e-05,0.00173557298226411,-0.000356095377256341,0.0109508945121066
1486.23006707006,-0.00045217773074337,0.00243116680242023,0.00018629789831607,0.015893415093692,2.0510073921052e-05,0.0017235129599754,-0.000351239132255576,0.0108757662094907
1496.53729316606,-0.000446074142215223,0.00241519035243651,0.000183922381745484,0.015782785062339,2.02444427677194e-05,0.00171153812284873,-0.000346448693663914,0.0108011494096685
1506.9160014048,-0.000440051566906113,0.00239930855982896,0.000181574610324524,0.0156729402263369,1.99820322179966e-05,0.00169964784265657,-0.000341723180881397,0.0107270407077575
1517.36668752555,-0.000434108966243964,0.00238352107562233,0.000179254332063384,0.0155638747234393,1.97228093444757e-05,0.00168784149628312,-0.000337061724800608,0.0106534367200271
1527.88985070559,-0.000428245313991235,0.00236782754744294,0.00017696129506625,0.0154555827403512,1.94667413770787e-05,0.00167611846567514,-0.000332463467664183,0.0105803340837961
1538.4859935841,-0.000422459596124783,0.00235222761964769,0.00017469524761592,0.015348058512241,1.92137957084231e-05,0.00166447813779342,-0.000327927562923918,0.0105077294573303
1549.15562228612,-0.000416750810716146,0.00233672093345035,0.000172455938255141,0.0152412963222566,1.89639398989277e-05,0.00165291990456472,-0.00032345317510142,0.0104356195197398
1559.89924644673,-0.000411117967812289,0.0023213071270454,0.000170243115864763,0.0151352905010485,1.87171416816684e-05,0.00164144316283429,-0.000319039479650329,0.0103640009708762
1570.71737923542,-0.000405560089316824,0.00230598583572916,0.000168056529738802,0.0150300354262975,1.84733689669888e-05,0.00163004731431897,-0.000314685662820059,0.0102928705312304
1581.61053738059,-0.000400076208871739,0.00229075669201858,0.000165895929656506,0.0149255255222481,1.82325898468767e-05,0.00161873176556069,-0.000310390921521084,0.0102222249418294
1592.57924119422,-0.000394665371739623,0.00227561932576748,0.000163761065951501,0.0148217552592478,1.799477259911e-05,0.00160749592788066,-0.000306154463191718,0.0101520609641338
1603.62401459674,-0.000389326634686462,0.00226057336428035,0.00016165168957811,0.0147187191532916,1.77598856911826e-05,0.00159633921733395,-0.000301975505666408,0.0100823753799356
1614.74538514202,-0.000384059065864957,0.00224561843242378,0.000159567552174927,0.0146164117655713,1.75278977840139e-05,0.00158526105466462,-0.00029785327704551,0.0100131649912548
1625.94388404263,-0.000378861744698439,0.00223075415273563,0.000157508406125727,0.014514827702031,1.72987777354517e-05,0.0015742608652614,-0.00029378701556654,0.00994442662023765
1637.22004619516,-0.000373733761765356,0.0022159801455317,0.000155474004617783,0.0144139616129268,1.70724946035726e-05,0.00156333807911381,-0.000289775969476882,0.00987615710905348
1648.57441020578,-0.00036867421868438,0.00220129602901032,0.000153464101697679,0.0143138081923927,1.68490176497878e-05,0.00155249213076883,-0.000285819396907955,0.00980835331979263
1660.00751841599,-0.000363682228000123,0.00218670141935458,0.000151478452324685,0.0142143621780106,1.662831634176e-05,0.00154172245928796,-0.000281916565750804,0.00974101213436381
1671.51991692849,-0.000358756913069493,0.00217219593083242,0.000149516812421777,0.0141156183503862,1.64103603561375e-05,0.00153102850820493,-0.00027806675353313,0.00967413045439199
1683.11215563331,-0.000353897407948691,0.00215777917589449,0.00014757893892435,0.014017571532729,1.61951195811107e-05,0.00152040972548369,-0.000274269247297709,0.00960770520111597
1694.78478823403,-0.000349102857280886,0.00214345076527001,0.000145664589826729,0.0139202165904379,1.59825641187992e-05,0.00150986556347707,-0.000270523343482235,0.00954173331528644
1706.53837227424,-0.000344372416184534,0.00212921030806035,0.000143773524226515,0.0138235484306913,1.5772664287471e-05,0.00149939547888571,-0.000266828347800524,0.00947621175706376
1718.37346916419,-0.000339705250142415,0.00211505741183076,0.000141905502366845,0.0137275620020424,1.5565390623604e-05,0.00148899893271764,-0.000263183575125112,0.00941113750591624
1730.2906442076,-0.00033510053489134,0.00210099168269989,0.000140060285676622,0.0136322522940182,1.53607138837904e-05,0.00147867539024816,-0.000259588349371196,0.00934650756051818
1742.29046662864,-0.000330557456312577,0.00208701272542748,0.000138237636808802,0.0135376143367248,1.51586050464936e-05,0.00146842432098025,-0.000256042003381935,0.00928231893864837
1754.37350959913,-0.000326075210322989,0.00207312014349997,0.000136437319676756,0.0134436432004557,1.49590353136586e-05,0.00145824519860544,-0.000252543878815079,0.00921856867708844
1766.54035026596,-0.0003216530027669,0.00205931353921425,0.000134659099488808,0.0133503339953055,1.47619761121844e-05,0.00144813750096503,-0.000249093326030923,0.00915525383152159
1778.79156977856,-0.000317290049308692,0.00204559251375954,0.000132902742780982,0.0132576818707883,1.45673990952603e-05,0.00143810071001187,-0.000245689703981576,0.0090923714764314
1791.12775331676,-0.000312985575326143,0.00203195666729736,0.000131168017448023,0.0131656820154599,1.4375276143572e-05,0.00142813431177243,-0.000242332380101515,0.00902991870500066
1803.54949011869,-0.000308738815804525,0.00201840559903975,0.000129454692772748,0.0130743296565448,1.41855793663827e-05,0.00141823779630942,-0.000239020730199442,0.00896789262901068
1816.05737350894,-0.000304549015231437,0.00200493890732556,0.000127762539453768,0.0129836200595673,1.39982811024913e-05,0.00140841065768473,-0.000235754138351399,0.00890629037874046
1828.65200092687,-0.000300415427492432,0.00199155618969521,0.000126091329631653,0.0128935485279873,1.38133539210753e-05,0.00139865239392287,-0.000232531996795152,0.00884510910286631
1841.33397395519,-0.000296337315767383,0.00197825704296346,0.000124440836913575,0.0128041104028399,1.36307706224188e-05,0.0013889625069747,-0.000229353705825819,0.00878434596836143
1854.10389834867,-0.00029231395242765,0.0019650410632907,0.00012281083639648,0.0127153010623793,1.34505042385333e-05,0.00137934050268171,-0.000226218673692744,0.00872399816039595
1866.9623840631,-0.000288344618934006,0.00195190784625242,0.000121201104688845,0.0126271159217268,1.32725280336713e-05,0.00136978589074058,-0.000223126316497579,0.0086640628822369
1879.91004528435,-0.000284428605735367,0.00193885698690715,0.000119611419931058,0.0125395504325232,1.3096815504741e-05,0.00136029818466817,-0.000220076058093596,0.00860453735514868
1892.94750045783,-0.000280565212168297,0.00192588807986272,0.000118041561814465,0.0124526000825846,1.29233403816217e-05,0.00135087690176693,-0.000217067329986185,0.00854541881829345
1906.0753723179,-0.000276753746357317,0.00191300071934096,0.000116491311599146,0.0123662603955628,1.27520766273858e-05,0.00134152156309066,-0.000214099571234551,0.00848670452863211
1919.29428791772,-0.000272993525116006,0.00190019449924089,0.00011496045213043,0.0122805269306089,1.25829984384303e-05,0.00133223169341061,-0.000211172228354578,0.00842839176082512
1932.60487865912,-0.000269283873848906,0.00188746901320032,0.000113448767854223,0.0121953952820419,1.24160802445217e-05,0.00132300682118208,-0.000208284755222867,0.0083704778071339
1946.00778032282,-0.000265624126454221,0.00187482385465598,0.000111956044831176,0.0121108610790195,1.22512967087557e-05,0.00131384647851124,-0.000205436612981918,0.00831295997732223
1959.50363309877,-0.000262013625227339,0.00186225861690224,0.000110482070749725,0.0120269199852145,1.20886227274386e-05,0.00130475020112238,-0.000202627269946462,0.00825583559855814
1973.09308161673,-0.000258451720765145,0.0018497728931483,0.000109026634938054,0.0119435676984932,1.19280334298889e-05,0.00129571752832557,-0.00019985620151091,0.00819910201531577
1986.77677497706,-0.000254937771871153,0.00183736627657404,0.000107589528375014,0.011860799950599,1.17695041781658e-05,0.0012867480029846,-0.000197122890057937,0.00814275658927781
2000.55536678172,-0.000251471145461444,0.0018250383603844,0.000106170543700029,0.011778612506838,1.16130105667265e-05,0.00127784117148527,-0.000194426824868153,0.0080867966992379
2014.42951516552,-0.000248051216471422,0.00181278873786251,0.000104769475222036,0.0116970011657702,1.14585284220134e-05,0.00126899658370409,-0.000191767502030887,0.0080312197410036
2028.39988282751,-0.000244677367763376,0.00180061700242138,0.000103386118927475,0.0116159617589019,1.1306033801977e-05,0.00126021379297728,-0.000189144424356038,0.00797602312729939
2042.46713706267,-0.000241348990034864,0.00178852274765437,0.000102020272487381,0.0115354901503838,1.11555029955349e-05,0.00125149235607009,-0.000186557101287016,0.00792120428767015
2056.63194979376,-0.000238065481727898,0.00177650556738428,0.000100671735263603,0.0114555822367108,1.10069125219697e-05,0.00124283183314648,-0.000184005048814722,0.00786676066838476
2070.89499760343,-0.000234826248938961,0.00176456505571124,9.93403083141761e-05,0.0113762339464265,1.08602391302704e-05,0.00123423178773918,-0.0001814877893926,0.00781268973234015
2085.25696176653,-0.000231630705329814,0.00175270080705939,9.8025794397882e-05,0.0112974412398298,1.07154597984165e-05,0.00122569178671991,-0.000179004851852711,0.00775898895896551
2099.71852828265,-0.000228478272039141,0.00174091241622226,9.67279979780328e-05,0.0112192001086863,1.05725517326099e-05,0.00121721140027014,-0.000176555771322845,0.00770565584412695
2114.2803879089,-0.000225368377594985,0.001729199478407,9.54467252254941e-05,0.0111415065759414,1.04314923664559e-05,0.001208790201852,-0.000174140089144641,0.0076526879000323
2128.94323619287,-0.000222300457828011,0.00171756158927752,9.41817840209894e-05,0.0110643566954377,1.0292259360095e-05,0.00120042776817957,-0.000171757352792723,0.00760008265513639
2143.7077735059,-0.000219273955785562,0.00170599834499632,9.29329839567009e-05,0.0109877465516353,1.01548305992888e-05,0.00119212367919045,-0.000169407115794818,0.00754783765404648
2158.57470507649,-0.000216288321646541,0.00169450934226538,9.17001363372033e-05,0.0109116722593349,1.00191841944614e-05,0.00118387751801771,-0.000167088937652872,0.00749595045742822
2173.54474102402,-0.000213343012637087,0.00168309417836577,9.04830541797461e-05,0.0108361299634046,9.88529847969797e-06,0.00117568887096201,-0.000164802383765127,0.00744441864191163
2188.61859639264,-0.000210437492947061,0.00167175245119637,8.928155221392e-05,0.0107611158385092,9.75315201170407e-06,0.00116755732746416,-0.000162547025349172,0.00739323979999779
2203.79699118545,-0.000207571233647331,0.00166048375931135,8.80954468807209e-05,0.0106866260888429,9.62272356872524e-06,0.00115948248007785,-0.000160322439365938,0.00734241153996547
2219.08065039887,-0.000204743712607864,0.00164928770195675,8.69245563310456e-05,0.0106126569478647,9.49399214943125e-06,0.00115146392444276,-0.000158128208444638,0.00729193148577843
2234.47030405729,-0.000201954414416603,0.00163816387910598,8.57687004236293e-05,0.0105392046780367,9.36693697176461e-06,0.0011435012592579,-0.00015596392080864,0.00724179727699275
2249.9666872479,-0.000199202830299157,0.00162711189149431,8.46277007224624e-05,0.010466265570566,9.24153747175693e-06,0.00113559408625528,-0.000153829170202259,0.00719200656866485
2265.57054015586,-0.000196488458039264,0.00161613134065243,8.3501380493692e-05,0.0103938359451482,9.11777330231319e-06,0.00112774201017378,-0.000151723555818464,0.00714255703125946
2281.28260809959,-0.00019381080190006,0.00160522182893904,8.23895647020423e-05,0.0103219121497152,8.99562433196707e-06,0.00111994463873341,-0.000149646682227478,0.00709344635055832
2297.10364156645,-0.000191169372546122,0.00159438295957247,8.12920800067642e-05,0.0102504905601841,8.87507064360751e-06,0.00111220158260972,-0.000147598159306282,0.00704467222756886
2313.0343962485,-0.0001885636869663,0.00158361433666142,8.0208754757141e-05,0.0101795675802107,8.75609253317936e-06,0.00110451245540858,-0.000145577602168985,0.00699623237843362
2329.07563307866,-0.000185993268397329,0.00157291556523477,7.91394189875632e-05,0.0101091396409442,8.63867050835839e-06,0.00109687687364115,-0.000143584631098079,0.00694812453433962
2345.22811826701,-0.000183457646248212,0.00156228625127053,7.80839044121955e-05,0.0100392032007854,8.52278528720322e-06,0.00108929445669917,-0.000141618871476545,0.00690034644142846
2361.49262333744,-0.000180956356025379,0.00155172600172392,7.70420444192501e-05,0.00996975474514711,8.40841779678447e-06,0.00108176482683046,-0.000139679953720817,0.00685289586070648
2377.86992516445,-0.000178488939258616,0.00154123442455462,7.60136740648871e-05,0.00990079078621754,8.29554917179359e-06,0.0010742876091147,-0.000137767513214585,0.00680577056795552
2394.36080601029,-0.000176054943427755,0.00153081112875311,7.49986300667541e-05,0.009832307862726,8.18416075313154e-06,0.00106686243143946,-0.000135881190243433,0.00675896835364381
2410.96605356231,-0.000173653921890124,0.00152045572436634,7.39967507971885e-05,0.00976430253971124,8.0742340864798e-06,0.00105948892447647,-0.000134020629930297,0.00671248702283748
2427.6864609706,-0.000171285433808756,0.00151016782252247,7.30078762760881e-05,0.00969677140829225,7.96575092085349e-06,0.00105216672165815,-0.000132185482171741,0.0066663243951122
2444.52282688584,-0.000168949044081354,0.00149994703545492,7.20318481634759e-05,0.00962971108544159,7.85869320713939e-06,0.00104489545915437,-0.000130375401575029,0.00662047830446539
2461.4759554975,-0.000166644323269991,0.00148979297652557,7.10685097517658e-05,0.0095631182137611,7.75304309661847e-06,0.00103767477584945,-0.000128590047396007,0.00657494659922863
2478.54665657221,-0.000164370847531567,0.00147970526024734,7.01177059577473e-05,0.00949698946126002,7.64878293947517e-06,0.00103050431331939,-0.000126829083477752,0.00652972714198054
2495.73574549243,-0.000162128198549001,0.00146968350230593,6.91792833143035e-05,0.00943132152113562,7.54589528329398e-06,0.00102338371580935,-0.000125092178190014,0.0064848178094601
2513.04404329547,-0.000159915963463149,0.00145972731958086,6.8253089961872e-05,0.00936611111155591,7.44436287154416e-06,0.00101631263021136,-0.000123379004369421,0.00644021649248014
2530.47237671259,-0.000157733734805468,0.00144983633016587,6.73389756396676e-05,0.00930135497544501,7.34416864205426e-06,0.00100929070604223,-0.000121689239260435,0.00639592109584145
2548.02157820863,-0.000155581110431387,0.00144001015338856,6.64367916766724e-05,0.0092370498802704,7.24529572547656e-06,0.00100231759542171,-0.000120022564457072,0.00635192953824706
2565.69248602162,-0.000153457693454411,0.00143024840982943,6.55463909824126e-05,0.00917319261783287,7.14772744374321e-06,0.000995392953050879,-0.000118378665845354,0.00630823975221708
2583.48594420295,-0.000151363092180937,0.00142055072134018,6.4667628037527e-05,0.00910978000405825,7.05144730851401e-06,0.000988516436190708,-0.000116757233546496,0.00626484968400374
2601.4028026576,-0.000149296920045777,0.00141091671106145,6.38003588841451e-05,0.00904680887879178,6.95643901961784e-06,0.000981687704640903,-0.000115157961860818,0.00622175729350703
2619.4439171848,-0.000147258795548389,0.00140134600343989,6.29444411160793e-05,0.00898427610559418,6.86268646348725e-06,0.0009749064207189,-0.000113580549212373,0.0061789605541905
2637.61014951883,-0.00014524834218981,0.00139183822424459,6.20997338688481e-05,0.00892217857154034,6.77017371158831e-06,0.000968172249239122,-0.000112024698094283,0.00613645745299763
2655.90236737027,-0.000143265188410283,0.00138239300058299,6.12660978095351e-05,0.00886051318701968,6.67888501884534e-06,0.000961484857492398,-0.00011049011501477,0.00609424599026846
2674.32144446737,-0.000141308967527571,0.00137300996091608,6.04433951264986e-05,0.00879927688553896,6.58880482206231e-06,0.000954843915225633,-0.000108976510443885,0.00605232417965669
2692.86826059784,-0.00013937931767596,0.00136368873507316,5.96314895189364e-05,0.00873846662352685,6.49991773834054e-06,0.000948249094621634,-0.00010748359876091,0.0060106900480471
2711.54370165082,-0.000137475881745944,0.00135442895426591,5.88302461863216e-05,0.0086780793801408,6.41220856349452e-06,0.000941700070279184,-0.000106011098202444,0.00596934163547344
2730.34865965925,-0.000135598307324576,0.00134523025110201,5.80395318177096e-05,0.00861811215707565,6.32566227046544e-06,0.000935196519193269,-0.00010455873081115,0.00592827699503662
2749.28403284242,-0.000133746246636497,0.00133609225959814,5.72592145809357e-05,0.00855856197837447,6.24026400773402e-06,0.000928738120735542,-0.00010312622238516,0.00588749419282341
2768.35072564895,-0.000131919356485625,0.00132701461519254,5.64891641117001e-05,0.00849942589024112,6.15599909773233e-06,0.000922324556634938,-0.000101713302428137,0.00584699130782533
2787.54964879989,-0.000130117298197505,0.00131799695475695,5.57292515025604e-05,0.00844070096085497,6.07285303525619e-06,0.000915955510958525,-0.000100319704099969,0.00580676643185822
2806.88171933232,-0.000128339737562305,0.00130903891660812,5.49793492918272e-05,0.00838238428018729,5.99081148587762e-06,0.000909630670092496,-9.89451641681103e-05,0.00576681766948189
2826.34786064308,-0.000126586344778476,0.00130014014051885,5.42393314523821e-05,0.00832447295981972,5.9098602843591e-06,0.000903349722723392,-9.75894229595408e-05,0.00572714313792045
2845.94900253294,-0.000124856794397033,0.00129130026772843,5.35090733804147e-05,0.00826696413276443,5.82998543306873e-06,0.00089711235981947,-9.62522243133499e-05,0.00568774096698276
2865.68608125093,-0.000123150765266494,0.00128251894095275,5.27884518840957e-05,0.00820985495328631,5.75117310039841e-06,0.000890918274612284,-9.49333155339337e-05,0.00564860929898356
2885.56003953913,-0.000121467940478436,0.00127379580439385,5.20773451721825e-05,0.00815314259672667,5.67340961918393e-06,0.000884767162578419,-9.36324473447922e-05,0.0056097462886647
2905.57182667768,-0.000119808007313685,0.00126513050374907,5.1375632842575e-05,0.0080968242593291,5.59668148512881e-06,0.000878658721421425,-9.23493738429318e-05,0.00557115010311703
2925.72239853012,-0.000118170657189125,0.00125652268621975,5.06831958708163e-05,0.00804089715806671,5.52097535523121e-06,0.000872592651053904,-9.10838524538499e-05,0.00553281892170247
2946.01271758903,-0.00011655558560512,0.00124797200051947,4.99999165985555e-05,0.00798535853047143,5.44627804621527e-06,0.00086656865357979,-8.98356438871112e-05,0.00549475093597664
2966.44375302203,-0.000114962492093553,0.00123947809688194,4.93256787219686e-05,0.00793020563446479,5.3725765329664e-06,0.000860586433276785,-8.86045120924926e-05,0.00545694434961173
2987.01648071805,-0.000113391080166461,0.0012310406270684,4.86603672801516e-05,0.00787543574819061,5.29985794697183e-06,0.000854645696578972,-8.73902242167042e-05,0.00541939737831995
3007.73188333398,-0.000111841057265273,0.00122265924437468,4.80038686434842e-05,0.00782104616984908,5.22810957476586e-06,0.000848746152059587,-8.6192550560666e-05,0.00538210824977713
3028.59095034155,-0.000110312134710646,0.00121433360363783,4.73560705019748e-05,0.00776703421753285,5.15731885638105e-06,0.000842887510413968,-8.50112645373466e-05,0.005345075203547
3049.59467807464,-0.000108804027652882,0.00120606336124238,4.67168618535873e-05,0.00771339722906441,5.08747338380489e-06,0.000837069484442645,-8.3846142630144e-05,0.00530829649100559
3070.74406977686,-0.000107316455022933,0.00119784817512628,4.60861329925595e-05,0.00766013256183536,5.01856089944297e-06,0.000831291789034621,-8.26969643518143e-05,0.00527177037526624
3092.04013564946,-0.000105849139483977,0.00118968770478636,4.54637754977116e-05,0.00760723759264702,4.95056929458835e-06,0.00082555414115078,-8.156351220393e-05,0.00523549513110483
3113.48389289956,-0.000104401807383577,0.00118158161128352,4.48496822207559e-05,0.00755470971755289,4.88348660789798e-06,0.000819856259807477,-8.04455716368723e-05,0.00519946904488557
3135.07636578881,-0.000102974188706397,0.00117352955724759,4.42437472746064e-05,0.00750254635170234,4.81730102387595e-06,0.000814197866060263,-7.934293101034e-05,0.005163690414487
3156.8185856822,-0.000101566017027482,0.00116553120688178,4.36458660216966e-05,0.00745074492918617,4.75200087136429e-06,0.000808578682987783,-7.82553815543795e-05,0.00512815754922859
3178.71159109747,-0.000100177029466094,0.00115758622596683,4.30559350623051e-05,0.00739930290288337,4.68757462204111e-06,0.000802998435675803,-7.71827173309187e-05,0.00509286876979748
3200.75642775457,-9.88069666401003e-05,0.0011496942818649,4.24738522228993e-05,0.00734821774430965,4.62401088892686e-06,0.00079745685120141,-7.61247351958091e-05,0.00505782240817591
3222.9541486257,-9.74555726209018e-05,0.00114185504352299,4.18995165444927e-05,0.00729748694346721,4.56129842489833e-06,0.000791953658617334,-7.50812347613593e-05,0.00502301680756873
3245.30581398558,-9.61225948889088e-05,0.00113406818147623,4.13328282710268e-05,0.00724710800869616,4.49942612121123e-06,0.000786488588936447,-7.40520183593642e-05,0.00498845032233156
3267.81249146208,-9.48077842895427e-05,0.00112633336785077,4.07736888377752e-05,0.0071970784665272,4.43838300603099e-06,0.000781061375116369,-7.30368910046139e-05,0.00495412131789917
3290.47525608724,-9.35108949897736e-05,0.00111865027636638,4.02220008597782e-05,0.00714739586153596,4.37815824297247e-06,0.000775671752044255,-7.20356603588851e-05,0.00492002817071435
3313.29519034861,-9.22316844351765e-05,0.00111101858233878,3.96776681203052e-05,0.00709805775619843,4.31874112964828e-06,0.000770319456521688,-7.10481366954011e-05,0.00488616926815707
3336.27338424092,-9.0969913307511e-05,0.00110343796268174,3.91405955593547e-05,0.00704906173074811,4.26012109622643e-06,0.000765004227249741,-7.00741328637621e-05,0.00485254300847415
3359.41093531822,-8.9725345482809e-05,0.00109590809590879,3.86106892621874e-05,0.00700040538303424,4.20228770399684e-06,0.00075972580481415,-6.91134642553323e-05,0.0048191478007092
3382.70894874623,-8.84977479899763e-05,0.00108842866213482,3.8087856447902e-05,0.00695208632838161,4.14523064394753e-06,0.000754483931670649,-6.81659487690856e-05,0.00478598206463304
3406.16853735517,-8.72868909698906e-05,0.00108099934307728,3.75720054580501e-05,0.00690410219945152,4.08893973535004e-06,0.000749278352130414,-6.72314067778971e-05,0.00475304423067439
3429.7908216929,-8.60925476350042e-05,0.0010736198220572,3.70630457452988e-05,0.00685645064610429,4.03340492435474e-06,0.000744108812345663,-6.63096610952814e-05,0.00472033273985114
3453.57693007845,-8.49144942294324e-05,0.00106628978399997,3.65608878621362e-05,0.00680912933526277,3.97861628259561e-06,0.000738975060295364,-6.54005369425656e-05,0.00468784604370175
3477.5279986559,-8.37525099895343e-05,0.00105900891543587,3.60654434496301e-05,0.00676213595077741,3.92456400580508e-06,0.000733876845771096,-6.45038619164971e-05,0.0046555826042172
3501.64517144866,-8.26063771049755e-05,0.00105177690450035,3.55766252262351e-05,0.00671546819329253,3.87123841243895e-06,0.000728813920363023,-6.36194659572783e-05,0.00462354089377338
3525.92960041413,-8.14758806802635e-05,0.00104459344093409,3.50943469766534e-05,0.00666912378011369,3.81862994231109e-06,0.000723786037445997,-6.27471813170205e-05,0.0045917193950636
3550.38244549867,-8.03608086967627e-05,0.00103745821608287,3.46185235407523e-05,0.00662310044507659,3.76672915523866e-06,0.000718792952165794,-6.1886842528618e-05,0.00456011660103179
3575.00487469309,-7.92609519751691e-05,0.00103037092289718,3.41490708025366e-05,0.00657739593841688,3.71552672969732e-06,0.000713834421425459,-6.10382863750283e-05,0.00452873101480584
3599.79806408833,-7.81761041384543e-05,0.00102333125593166,3.36859056791811e-05,0.00653200802664151,3.66501346148704e-06,0.000708910203871798,-6.02013518589639e-05,0.00449756114963148
3624.76319793175,-7.71060615752601e-05,0.00101633891134431,3.32289461101231e-05,0.00648693449240096,3.61518026240814e-06,0.000704020059881957,-5.93758801729785e-05,0.00446660552880639
3649.9014686836,-7.6050623403752e-05,0.00100939358689549,3.27781110462171e-05,0.00644217313436297,3.56601815894792e-06,0.000699163751550158,-5.85617146699545e-05,0.00443586268561487
3675.21407707406,-7.50095914359146e-05,0.00100249498194681,3.23333204389521e-05,0.00639772176708709,3.51751829097781e-06,0.000694341042674521,-5.77587008339761e-05,0.00440533116326264
3700.7022321605,-7.39827701422942e-05,0.000995642797459685,3.18944952297357e-05,0.00635357822090078,3.46967191046115e-06,0.000689551698744028,-5.69666862515925e-05,0.00437500951481232
3726.36715138533,-7.29699666171755e-05,0.000988836735993868,3.14615573392411e-05,0.00630974034177628,3.42247038017158e-06,0.000684795486925582,-5.61855205834572e-05,0.00434489630311893
3752.21006063407,-7.19709905441951e-05,0.000982076501705687,3.10344296568257e-05,0.00626620599120891,3.37590517242218e-06,0.000680072176051203,-5.54150555363476e-05,0.00431499010076614
3778.23219429398,-7.09856541623795e-05,0.00097536180034616,3.06130360300139e-05,0.00622297304609628,3.32996786780529e-06,0.00067538153660531,-5.46551448355509e-05,0.00428528949000252
3804.43479531291,-7.00137722326107e-05,0.000968692339258947,3.01973012540535e-05,0.00618003939861874,3.28465015394313e-06,0.000670723340712143,-5.39056441976213e-05,0.00425579306267846
3830.81911525882,-6.90551620045067e-05,0.000962067827378105,2.97871510615399e-05,0.0061374029561208,3.23994382424917e-06,0.000666097362123273,-5.31664113034937e-05,0.00422649942018328
3857.3864143794,-6.81096431837205e-05,0.000955487975225727,2.93825121121136e-05,0.00609506164099378,3.19584077670039e-06,0.000661503376205237,-5.24373057719589e-05,0.00419740717338277
3884.13796166242,-6.71770378996443e-05,0.000948952494909384,2.89833119822296e-05,0.00605301339055933,3.15233301262024e-06,0.000656941159927269,-5.1718189133487e-05,0.00416851494255707
3911.07503489621,-6.62571706735236e-05,0.000942461100119456,2.85894791550007e-05,0.00601125615695424,3.10941263547259e-06,0.000652410491849151,-5.10089248044025e-05,0.00413982135733898
3938.19892073078,-6.53498683869671e-05,0.000936013506126286,2.82009430101141e-05,0.00596978790701605,3.06707184966637e-06,0.000647911152109156,-5.03093780613992e-05,0.00411132505665251
3965.51091473924,-6.4454960250857e-05,0.000929609429777215,2.78176338138244e-05,0.0059286066221699,3.02530295937122e-06,0.000643442922412111,-4.96194160163972e-05,0.00408302468865194
3993.0123214797,-6.35722777746471e-05,0.000923248589493461,2.74394827090202e-05,0.00588771029831623,2.98409836734384e-06,0.000639005586017545,-4.89389075917318e-05,0.00405491891066112
4020.70445455755,-6.27016547360516e-05,0.000916930705266889,2.70664217053693e-05,0.0058470969457196,2.94345057376532e-06,0.000634598927727959,-4.8267723495675e-05,0.00402700638911317
4048.58863668828,-6.18429271511132e-05,0.00091065549865662,2.66983836695376e-05,0.00580676458889844,2.90335217508916e-06,0.000630222733877183,-4.76057361982808e-05,0.00399928579949059
4076.66619976054,-6.09959332446527e-05,0.000904422692785548,2.63353023154891e-05,0.00576671126651586,2.86379586290028e-06,0.000625876792318841,-4.69528199075545e-05,0.00397175582626561
4104.93848489989,-6.01605134210901e-05,0.000898232012336704,2.59771121948595e-05,0.00572693503127129,2.8247744227847e-06,0.000621560892414909,-4.63088505459373e-05,0.00394441516284103
4133.40684253274,-5.93365102356379e-05,0.000892083183549535,2.56237486874114e-05,0.00568743394979327,2.78628073321008e-06,0.00061727482502438,-4.5673705727107e-05,0.0039172625114913
4162.07263245095,-5.85237683658568e-05,0.000885975934216031,2.52751479915655e-05,0.00564820610253299,2.74830776441702e-06,0.000613018382492015,-4.50472647330858e-05,0.00389029658330404
4190.93722387671,-5.77221345835771e-05,0.000879909993676779,2.49312471150127e-05,0.00560924958365899,2.71084857732109e-06,0.000608791358637201,-4.44294084916556e-05,0.00386351609812183
4220.00199552799,-5.69314577271719e-05,0.000873885092816878,2.45919838654033e-05,0.00557056250095257,2.6738963224256e-06,0.000604593548742894,-4.38200195540729e-05,0.00383691978448442
4249.26833568435,-5.61515886741888e-05,0.000867900964061777,2.42572968411173e-05,0.00553214297570428,2.637444238745e-06,0.000600424749544666,-4.32189820730832e-05,0.00381050637957126
4278.73764225332,-5.53823803143249e-05,0.000861957341372985,2.39271254221131e-05,0.00549398914261121,2.60148565273901e-06,0.000596284759219831,-4.26261817812274e-05,0.00378427462914436
4308.41132283705,-5.46236875227525e-05,0.000856053960243711,2.36014097608567e-05,0.0054560991496753,2.56601397725734e-06,0.000592173377376684,-4.20415059694398e-05,0.00375822328749152
4338.2907947997,-5.38753671337795e-05,0.000850190557694388,2.32800907733299e-05,0.00541847115810238,2.5310227104949e-06,0.000588090405043806,-4.14648434659306e-05,0.0037323511173699
4368.37748533501,-5.31372779148524e-05,0.000844366872268122,2.29631101301197e-05,0.00538110334220228,2.49650543495773e-06,0.000584035644659484,-4.08960846153525e-05,0.00370665688994993
4398.67283153455,-5.24092805408867e-05,0.000838582644026032,2.26504102475864e-05,0.00534399388928957,2.4624558164392e-06,0.000580008900061195,-4.03351212582441e-05,0.00368113938475953
4429.17828045629,-5.16912375689312e-05,0.000832837614542539,2.23419342791128e-05,0.00530714099958546,2.42886760300689e-06,0.000576009976475204,-3.97818467107511e-05,0.00365579738962876
4459.89528919383,-5.09830134131528e-05,0.000827131526900532,2.20376261064328e-05,0.00527054288612022,2.39573462399968e-06,0.000572038680506225,-3.92361557446155e-05,0.00363062970063467
4490.82532494586,-5.02844743201464e-05,0.000821464125686489,2.17374303310407e-05,0.00523419777463674,2.36305078903533e-06,0.00056809482012719,-3.8697944567437e-05,0.00360563512204664
4521.96986508636,-4.95954883445586e-05,0.000815835156985495,2.14412922656797e-05,0.00519810390349471,2.33081008702822e-06,0.000564178204669084,-3.81671108031945e-05,0.00358081246627193
4553.33039723509,-4.89159253250283e-05,0.000810244368376215,2.1149157925911e-05,0.00516225952357575,2.29900658521758e-06,0.000560288644810883,-3.76435534730327e-05,0.00355616055380163
4584.90841932869,-4.82456568604339e-05,0.000804691508925757,2.0860974021762e-05,0.00512666289818925,2.26763442820558e-06,0.000556425952569557,-3.71271729763028e-05,0.00353167821315693
4616.7054396922,-4.75845562864498e-05,0.00079917632918451,2.05766879494556e-05,0.00509131230297914,2.23668783700591e-06,0.000552589941290176,-3.66178710718606e-05,0.0035073642808357
4648.72297711114,-4.69324986524024e-05,0.000793698581180878,2.02962477832165e-05,0.00505620602583134,2.20616110810217e-06,0.000548780425636075,-3.61155508596125e-05,0.00348321760125944
4680.96256090399,-4.62893606984273e-05,0.000788258018415977,2.00196022671598e-05,0.00502134236678207,2.17604861251646e-06,0.000544997221579126,-3.56201167623121e-05,0.00345923702672052
4713.42573099534,-4.565502083292e-05,0.00078285439585825,1.97467008072566e-05,0.00498671963792689,2.14634479488783e-06,0.000541240146390065,-3.51314745075986e-05,0.00343542141732975
4746.11403798933,-4.50293591102795e-05,0.000777487469938048,1.94774934633791e-05,0.0049523361633306,2.11704417256072e-06,0.000537509018628924,-3.46495311102783e-05,0.00341176964096431
4779.02904324382,-4.44122572089391e-05,0.000772156998542121,1.92119309414248e-05,0.00491819027893775,2.08814133468314e-06,0.000533803658135511,-3.41741948548425e-05,0.00338828057321596
4812.17231894485,-4.3803598409683e-05,0.000766862741008092,1.89499645855189e-05,0.0048842803324841,2.05963094131476e-06,0.000530123886020004,-3.37053752782225e-05,0.00336495309733962
4845.54544818188,-4.32032675742424e-05,0.000761604458118846,1.86915463702941e-05,0.00485060468340861,2.03150772254458e-06,0.000526469524653587,-3.32429831527732e-05,0.00334178610420217
4879.1500250233,-4.2611151124171e-05,0.000756381912096891,1.84366288932498e-05,0.00481716170276639,2.00376647761836e-06,0.00052284039765919,-3.27869304694888e-05,0.00331877849223172
4912.98765459257,-4.20271370199945e-05,0.000751194866598663,1.81851653671871e-05,0.00478394977314223,1.97640207407555e-06,0.00051923632990229,-3.23371304214421e-05,0.00329592916736709
4947.05995314498,-4.14511147406302e-05,0.000746043086708779,1.79371096127224e-05,0.00475096728856488,1.94940944689578e-06,0.000515657147481787,-3.1893497387447e-05,0.0032732370430076
4981.36854814472,-4.08829752630758e-05,0.000740926338934266,1.76924160508768e-05,0.00471821265442212,1.92278359765483e-06,0.000512102677720965,-3.14559469159418e-05,0.00325070103996325
5015.91507834275,-4.03226110423613e-05,0.000735844391198717,1.74510396957429e-05,0.00468568428737641,1.89651959368987e-06,0.000508572749158508,-3.10243957090874e-05,0.00322832008640514
5050.70119385496,-3.97699159917636e-05,0.000730797012836445,1.72129361472271e-05,0.00465338061528142,1.87061256727414e-06,0.000505067191539613,-3.05987616070822e-05,0.00320609311781627
5085.72855624109,-3.92247854632769e-05,0.00072578397458656,1.69780615838675e-05,0.00462130007709903,1.84505771480075e-06,0.000501585835807147,-3.01789635726858e-05,0.00318401907694254
5120.998838584,-3.86871162283413e-05,0.000720805048587045,1.67463727557282e-05,0.00458944112281725,1.81985029597577e-06,0.000498128514092904,-2.97649216759531e-05,0.00316209691374421
5156.51372556965,-3.81568064588187e-05,0.000715860008368767,1.65178269773671e-05,0.00455780221336865,1.7949856330203e-06,0.000494695059708905,-2.93565570791723e-05,0.00314032558534752
5192.27491356752,-3.7633755708222e-05,0.000710948628849485,1.62923821208797e-05,0.00452638182054953,1.77045910988169e-06,0.000491285307138792,-2.89537920220078e-05,0.00311870405599673
5228.28411071172,-3.71178648931857e-05,0.000706070686327794,1.60699966090154e-05,0.00449517842693977,1.74626617145356e-06,0.000487899092029272,-2.85565498068417e-05,0.00309723129700634
5264.54303698245,-3.66090362751819e-05,0.000701225958477074,1.58506294083687e-05,0.00446419052582329,1.72240232280487e-06,0.000484536251181645,-2.81647547843143e-05,0.0030759062867138
5301.0534242883,-3.61071734424738e-05,0.000696414224339382,1.56342400226433e-05,0.00443341662110923,1.69886312841764e-06,0.000481196622543385,-2.77783323390579e-05,0.00305472801043227
5337.81701654885,-3.56121812923074e-05,0.000691635264319339,1.54207884859884e-05,0.0044028552272537,1.67564421143359e-06,0.000477880045199805,-2.73972088756258e-05,0.00303369546040394
5374.83556977805,-3.51239660133347e-05,0.000686888860177975,1.52102353564081e-05,0.00437250486918223,1.65274125290922e-06,0.000474586359365769,-2.7021311804608e-05,0.00301280763575342
5412.11085216805,-3.464243506827e-05,0.000682174795026572,1.50025417092417e-05,0.00434236408221286,1.63014999107968e-06,0.000471315406377489,-2.66505695289367e-05,0.0029920635424416
5449.64464417369,-3.41674971767711e-05,0.000677492853320459,1.47976691307162e-05,0.00431243141197976,1.60786622063103e-06,0.000468067028684374,-2.62849114303754e-05,0.00297146219321968
5487.43873859751,-3.36990622985486e-05,0.000672842820852811,1.4595579711569e-05,0.00428270541435762,1.58588579198101e-06,0.000464841069840949,-2.59242678561915e-05,0.00295100260758357
5525.49494067543,-3.32370416166938e-05,0.000668224484748413,1.43962360407411e-05,0.00425318465538651,1.56420461056811e-06,0.000461637374498838,-2.55685701060071e-05,0.00293068381172856
5563.81506816292,-3.27813475212296e-05,0.000663637633457419,1.41996011991401e-05,0.00422386771119747,1.54281863614904e-06,0.000458455788398809,-2.52177504188301e-05,0.00291050483850425
5602.40095142188,-3.23318935928741e-05,0.000659082056749077,1.40056387534729e-05,0.00419475316793861,1.52172388210426e-06,0.000455296158362881,-2.48717419602575e-05,0.00289046472736981
5641.254433508,-3.18885945870218e-05,0.000654557545705468,1.38143127501466e-05,0.00416583962170185,1.50091641475184e-06,0.000452158332286501,-2.45304788098545e-05,0.00287056252434952
5680.37737025889,-3.14513664179326e-05,0.000650063892715194,1.36255877092379e-05,0.00413712567845026,1.4803923526692e-06,0.000449042159130765,-2.41938959487019e-05,0.00285079728198854
5719.77163038263,-3.10201261431321e-05,0.000645600891467091,1.34394286185306e-05,0.00410860995394597,1.46014786602305e-06,0.000445947488914723,-2.38619292471139e-05,0.00283116805930907
5759.43909554709,-3.05947919480152e-05,0.000641168336943902,1.32558009276201e-05,0.00408029107367863,1.44017917590703e-06,0.000442874172707726,-2.35345154525198e-05,0.00281167392176667
5799.38166046975,-3.01752831306553e-05,0.000636766025415958,1.30746705420843e-05,0.00405216767279451,1.4204825536874e-06,0.000439822062621842,-2.32115921775121e-05,0.00279231394120695
5839.60123300829,-2.97615200868118e-05,0.000632393754434839,1.28960038177212e-05,0.00402423839602611,1.40105432035633e-06,0.000436791011804328,-2.28930978880538e-05,0.00277308719582251
5880.09973425162,-2.93534242951385e-05,0.000628051322827039,1.2719767554852e-05,0.00399650189762237,1.38189084589306e-06,0.000433780874430167,-2.25789718918474e-05,0.00275399277011015
5920.87909861173,-2.89509183025844e-05,0.000623738530687609,1.2545928992689e-05,0.0039689568412794,1.36298854863251e-06,0.000430791505694647,-2.22691543268598e-05,0.00273502975482834
5961.94127391598,-2.85539257099911e-05,0.00061945517937381,1.23744558037689e-05,0.00394160190007182,1.3443438946416e-06,0.000427822761806024,-2.19635861500039e-05,0.00271619724695503
6003.28822150028,-2.81623711578773e-05,0.000615201071498749,1.22053160884486e-05,0.00391443575638453,1.3259533971029e-06,0.000424874499978213,-2.16622091259716e-05,0.00269749434964564
6044.92191630263,-2.77761803124147e-05,0.000610976010925023,1.20384783694663e-05,0.00388745710184523,1.30781361570582e-06,0.000421946578423561,-2.13649658162205e-05,0.00267892017219143
6086.84434695757,-2.73952798515876e-05,0.000606779802758346,1.18739115865644e-05,0.00386066463725722,1.28992115604505e-06,0.000419038856345657,-2.10717995681071e-05,0.002660473829978
6129.05751589107,-2.70195974515373e-05,0.000602612253341193,1.17115850911747e-05,0.00383405707253293,1.27227266902625e-06,0.000416151193932214,-2.07826545041698e-05,0.00264215444444421
6171.56343941625,-2.66490617730866e-05,0.00059847317024642,1.15514686411664e-05,0.00380763312662788,1.25486485027899e-06,0.000413283452347987,-2.04974755115547e-05,0.00262396114304124
6214.36414782964,-2.62836024484442e-05,0.000594362362270913,1.13935323956545e-05,0.00378139152747521,1.23769443957677e-06,0.000410435493727767,-2.02162082315867e-05,0.00260589305919203
6257.46168550822,-2.59231500680842e-05,0.000590279639429206,1.12377469098689e-05,0.00375533101192065,1.22075822026402e-06,0.000407607181169411,-1.99387990494808e-05,0.00258794933225084
6300.85811100697,-2.5567636167802e-05,0.000586224812947133,1.10840831300848e-05,0.00372945032565814,1.20405301869021e-06,0.000404798378726939,-1.96651950841932e-05,0.00257012910746325
6344.55549715731,-2.52169932159395e-05,0.000582197695255453,1.09325123886115e-05,0.00370374822316574,1.1875757036507e-06,0.000402008951403675,-1.93953441784102e-05,0.00255243153592624
6388.55593116599,-2.4871154600783e-05,0.000578198099983502,1.07830063988407e-05,0.00367822346764232,1.17132318583454e-06,0.000399238765145445,-1.91291948886725e-05,0.00253485577454868
6432.86151471492,-2.4530054618126e-05,0.000574225841952836,1.06355372503538e-05,0.00365287483094448,1.15529241727895e-06,0.000396487686833825,-1.88666964756338e-05,0.00251740098601198
6477.47436406142,-2.41936284590001e-05,0.000570280737170886,1.04900774040866e-05,0.00362770109352414,1.13948039083055e-06,0.000393755584279446,-1.86077988944515e-05,0.00250006633873103
6522.39661013943,-2.38618121975669e-05,0.00056636260282461,1.03465996875514e-05,0.00360270104436652,1.1238841396131e-06,0.000391042326215342,-1.83524527853075e-05,0.0024828510068154
6567.63039866118,-2.35345427791732e-05,0.000562471257274167,1.02050772901171e-05,0.00357787348092871,1.10850073650195e-06,0.000388347782290355,-1.81006094640578e-05,0.00246575417003081
6613.17789021977,-2.32117580085634e-05,0.000558606520046579,1.0065483758344e-05,0.00355321720907855,1.09332729360476e-06,0.000385671823062591,-1.78522209130094e-05,0.00244877501376079
6659.0412603923,-2.28933965382512e-05,0.000554768211829421,9.92779299137564e-06,0.00352873104303418,1.07836096174885e-06,0.000383014319992918,-1.76072397718218e-05,0.00243191272896864
6705.22269984387,-2.25793978570441e-05,0.000550956154464499,9.79197923638542e-06,0.00350441380530389,1.0635989299747e-06,0.000380375145438525,-1.73656193285323e-05,0.00241516651215966
6751.7244144321,-2.22697022787231e-05,0.000547170170941558,9.65801708407821e-06,0.00348026432662658,1.04903842503582e-06,0.000377754172646519,-1.71273135107031e-05,0.00239853556534357
6798.54862531261,-2.19642509308715e-05,0.00054341008539198,9.52588146424571e-06,0.00345628144591255,1.03467671090482e-06,0.000375151275747581,-1.68922768766891e-05,0.00238201909599719
6845.69756904508,-2.16629857438548e-05,0.000539675723082511,9.39554764137587e-06,0.00343246401018483,1.02051108828555e-06,0.000372566329749658,-1.66604646070231e-05,0.0023656163170274
6893.17349769999,-2.13658494399464e-05,0.000535966910408987,9.26699121031537e-06,0.00340881087452098,1.00653889413145e-06,0.000369999210531718,-1.64318324959199e-05,0.00234932644673435
6940.97867896634,-2.10727855225989e-05,0.000532283474890072,9.14018809198433e-06,0.00338532090199523,9.92757501169706e-07,0.000367449794837536,-1.62063369428938e-05,0.00233314870877478
6989.11539625983,-2.07837382658597e-05,0.000528625245161017,9.01511452914357e-06,0.0033619929636212,9.79164317431502e-07,0.000364917960269542,-1.59839349444917e-05,0.00231708233212581
7037.58594883204,-2.04986527039264e-05,0.000524992050967423,8.89174708221283e-06,0.00333882593829496,9.65756785788083e-07,0.000362403585282701,-1.57645840861371e-05,0.00230112655104875
7086.39265188015,-2.0217474620844e-05,0.000521383723159022,8.77006262514058e-06,0.0033158187127386,9.52532383492639e-07,0.000359906549178456,-1.55482425340867e-05,0.00228528060505329
7135.53783665763,-1.9940150540338e-05,0.000517800093683465,8.65003834132362e-06,0.00329297018144415,9.39488621727894e-07,0.000357426732098697,-1.53348690274943e-05,0.00226954373886184
7185.02385058548,-1.96666277157852e-05,0.000514240995580141,8.5316517195773e-06,0.00327027924661801,9.2662304515944e-07,0.000354964015019795,-1.51244228705845e-05,0.00225391520237415
7234.85305736446,-1.93968541203176e-05,0.000510706262973985,8.41488055015442e-06,0.00324774481812576,9.13933231494611e-07,0.000352518279746665,-1.49168639249312e-05,0.00223839425063217
7285.02783708791,-1.913077843706e-05,0.00050719573106933,8.29970292081384e-06,0.00322536581343743,9.01416791046982e-07,0.000350089408906885,-1.47121526018429e-05,0.00222298014378514
7335.55058635552,-1.88683500494973e-05,0.000503709236143748,8.1860972129366e-06,0.0032031411575731,8.89071366306286e-07,0.00034767728594485,-1.45102498548493e-05,0.00220767214705481
7386.42371838768,-1.86095190319718e-05,0.000500246615541929,8.07404209769072e-06,0.00318106978304906,8.76894631513824e-07,0.000345281795115979,-1.43111171722925e-05,0.00219246953070108
7437.64966314091,-1.83542361403073e-05,0.000496807707669559,7.96351653224266e-06,0.00315915062982421,8.6488429224318e-07,0.000342902821480955,-1.41147165700173e-05,0.00217737156998772
7489.23086742376,-1.81024528025597e-05,0.000493392351987231,7.85449975601622e-06,0.00313738264524704,8.530380849863e-07,0.00034054025090002,-1.39210105841615e-05,0.00216237754514832
7541.16979501382,-1.78541211098906e-05,0.000490000389004357,7.74697128699723e-06,0.00311576478400282,8.41353776744747e-07,0.000338193970027302,-1.37299622640447e-05,0.00214748674135257
7593.46892677528,-1.7609193807565e-05,0.000486631660273115,7.64091091808464e-06,0.00309429600806143,8.29829164626218e-07,0.000335863866305189,-1.35415351651531e-05,0.00213269844867267
7646.13076077758,-1.73676242860681e-05,0.000483286008382396,7.53629871348643e-06,0.00307297528662531,8.18462075446102e-07,0.000333549827958747,-1.33556933422205e-05,0.00211801196204996
7699.15781241454,-1.71293665723429e-05,0.000479963276951787,7.43311500516088e-06,0.00305180159607808,8.07250365334186e-07,0.000331251743990176,-1.31724013424033e-05,0.00210342658126186
7752.55261452471,-1.68943753211444e-05,0.000476663310625558,7.33134038930168e-06,0.0030307739199333,7.96191919346283e-07,0.000328969504173307,-1.29916241985478e-05,0.00208894161088891
7806.31771751215,-1.6662605806511e-05,0.000473385955066677,7.23095572286744e-06,0.00300989124878381,7.85284651080892e-07,0.000326702999048146,-1.28133274225506e-05,0.00207455636028215
7860.45568946846,-1.64340139133496e-05,0.000470131056950843,7.13194212015409e-06,0.00298915258025132,7.7452650230067e-07,0.000324452119915448,-1.26374769988074e-05,0.0020602701435306
7914.96911629522,-1.62085561291348e-05,0.000466898463960536,7.03428094941075e-06,0.00296855691893649,7.63915442558811e-07,0.000322216758831343,-1.24640393777532e-05,0.00204608227942904
7969.86060182773,-1.59861895357185e-05,0.00046368802477909,6.93795382949733e-06,0.00294810327636926,7.53449468830135e-07,0.000319996808601993,-1.22929814694888e-05,0.00203199209144598
8025.13276795918,-1.57668718012517e-05,0.000460499589084785,6.84294262658492e-06,0.0029277906709597,7.43126605146956e-07,0.000317792162778292,-1.21242706374951e-05,0.00201799890769181
8080.78825476607,-1.55505611722123e-05,0.000457333007544957,6.74922945089687e-06,0.00290761812794906,7.32944902239568e-07,0.000315602715650607,-1.1957874692432e-05,0.00200410206088722
8136.82972063413,-1.53372164655432e-05,0.000454188131810135,6.65679665349151e-06,0.00288758467936137,7.22902437181378e-07,0.000313428362243554,-1.17937618860238e-05,0.0019903008883318
8193.25984238548,-1.51267970608935e-05,0.000451064814508195,6.56562682308503e-06,0.00286768936395524,7.12997313038569e-07,0.000311268998310814,-1.16319009050252e-05,0.00197659473187282
8250.08131540631,-1.49192628929665e-05,0.000447962909238535,6.47570278291478e-06,0.00284793122717615,7.03227658524288e-07,0.000309124520329991,-1.14722608652718e-05,0.00196298293787429
8307.29685377578,-1.47145744439693e-05,0.000444882270566273,6.38700758764187e-06,0.00282830932110896,6.93591627657256e-07,0.0003069948254975,-1.13148113058106e-05,0.00194946485718612
8364.90919039556,-1.45126927361648e-05,0.000441822754016467,6.2995245202934e-06,0.00280882270443096,6.84087399424807e-07,0.000304879811723505,-1.11595221831107e-05,0.00193603984511364
8422.92107712043,-1.43135793245238e-05,0.000438784216068355,6.21323708924289e-06,0.00278947044236506,6.74713177450227e-07,0.000302779377626878,-1.10063638653527e-05,0.00192270726138715
8481.33528488963,-1.41171962894769e-05,0.000435766514149623,6.12812902522966e-06,0.00277025160663351,6.65467189664436e-07,0.000300693422530208,-1.0855307126797e-05,0.00190946647013179
8540.15460385936,-1.39235062297627e-05,0.000432769506630684,6.04418427841545e-06,0.00275116527541182,6.56347687981861e-07,0.000298621846454844,-1.07063231422271e-05,0.00189631683983757
8599.38184353586,-1.37324722553743e-05,0.000429793052818997,5.96138701547896e-06,0.00273221053328317,6.47352947980534e-07,0.000296564550115971,-1.05593834814703e-05,0.00188325774332964
8659.01983290984,-1.35440579805994e-05,0.000426837012953388,5.879721616747e-06,0.00271338647119299,6.384812685863e-07,0.000294521434917724,-1.04144601039922e-05,0.00187028855773867
8719.07142059136,-1.33582275171554e-05,0.000423901248198413,5.79917267336257e-06,0.00269469218640404,6.29730971761148e-07,0.000292492402948338,-1.02715253535655e-05,0.00185740866447152
8779.53947494611,-1.31749454674166e-05,0.00042098562063873,5.71972498448873e-06,0.00267612678245171,6.21100402195534e-07,0.000290477356975334,-1.01305519530109e-05,0.00184461744918206
8840.42688423224,-1.29941769177332e-05,0.000418089993273507,5.64136355454846e-06,0.00265768936909971,6.12587927004748e-07,0.000288476200440741,-9.99151299901017e-06,0.0018319143017422
8901.73655673848,-1.281588743184e-05,0.00041521423001084,5.56407359049961e-06,0.00263937906229605,6.04191935429169e-07,0.000286488837456347,-9.85438195698993e-06,0.00181929861621309
8963.47142092288,-1.26400430443551e-05,0.000412358195662208,5.48784049914498e-06,0.00262119498412938,5.95910838538466e-07,0.000284515172798997,-9.71913265607518e-06,0.00180676979081656
9025.63442555289,-1.24666102543654e-05,0.000409521755936936,5.41264988447654e-06,0.00260313626278563,5.87743068939596e-07,0.000282555111905909,-9.58573928411151e-06,0.00179432722790671
9088.228539846,-1.22955560190995e-05,0.000406704777436703,5.33848754505409e-06,0.00258520203250499,5.79687080488643e-07,0.000280608560870041,-9.45417638275571e-06,0.00178197033394171
9151.25675361174,-1.21268477476856e-05,0.000403907127650052,5.26533947141726e-06,0.00256739143353916,5.71741348006376e-07,0.000278675426435477,-9.32441884263265e-06,0.00176969851945574
9214.72207739435,-1.19604532949948e-05,0.000401128674946941,5.19319184353105e-06,0.00254970361210902,5.63904366997545e-07,0.000276755615992859,-9.19644189855913e-06,0.00175751119903125
9278.6275426167,-1.1796340955566e-05,0.000398369288573307,5.12203102826397e-06,0.00253213772036245,5.56174653373806e-07,0.000274849037574843,-9.07022112483205e-06,0.00174540779127122
9342.97620172496,-1.16344794576148e-05,0.000395628838645662,5.05184357689894e-06,0.00251469291633265,5.48550743180293e-07,0.000272955599851593,-8.94573243058164e-06,0.00173338771877176
9407.77112833456,-1.1474837957122e-05,0.000392907196145707,4.98261622267601e-06,0.00249736836389658,5.41031192325738e-07,0.000271075212126305,-8.82295205518754e-06,0.00172145040809483
9473.0154173768,-1.13173860320033e-05,0.00039020423291498,4.91433587836706e-06,0.00248016323273385,5.33614576316133e-07,0.000269207784330771,-8.70185656375792e-06,0.00170959528974113
9538.71218524687,-1.11620936763567e-05,0.000387519821649516,4.84698963388153e-06,0.00246307669828585,5.26299489991869e-07,0.000267353227020961,-8.58242284266996e-06,0.00169782179812322
9604.86456995261,-1.10089312947886e-05,0.00038485383589454,4.78056475390338e-06,0.00244610794171516,5.19084547268314e-07,0.000265511451372648,-8.46462809517139e-06,0.00168612937153876
9671.47573126437,-1.08578696968169e-05,0.000382206150039188,4.71504867555848e-06,0.00242925614986532,5.11968380879806e-07,0.000263682369177068,-8.34844983704226e-06,0.00167451745214399
9738.54885086602,-1.07088800913489e-05,0.000379576639311239,4.65042900611216e-06,0.00241252051522083,5.04949642126971e-07,0.000261865892836596,-8.23386589231545e-06,0.00166298548592735
9806.08713250685,-1.05619340812353e-05,0.00037696517977189,4.58669352069679e-06,0.00239590023586748,4.9802700062739e-07,0.000260061935360471,-8.12085438905631e-06,0.0016515329226833
9874.09380215466,-1.04170036578965e-05,0.00037437164831054,4.52383016006864e-06,0.00237939451545297,4.91199144069505e-07,0.000258270410360538,-8.00939375519921e-06,0.00164015921598627
9942.57210814976,-1.02740611960234e-05,0.00037179592263961,4.46182702839398e-06,0.00236300256314779,4.84464777969794e-07,0.000256491232047032,-7.89946271444166e-06,0.00162886382316488
10011.5253213603,-1.01330794483484e-05,0.00036923788128938,4.40067239106391e-06,0.00234672359360644,4.77822625433097e-07,0.000254724315224381,-7.79104028219389e-06,0.00161764620527621
10080.9567353381,-9.99403154048847e-06,0.000366697403602862,4.34035467253767e-06,0.00233055682692884,4.71271426916129e-07,0.000252969575287052,-7.68410576158432e-06,0.00160650582708034
10150.8696664767,-9.85689096585757e-06,0.000364174369730681,4.28086245421387e-06,0.00231450148862214,4.64809939994083e-07,0.000251226928215415,-7.57863873951905e-06,0.00159544215701504
10221.267454169,-9.72163158064818e-06,0.000361668660626002,4.22218447232965e-06,0.00229855680956271,4.58436939130319e-07,0.000249496290571645,-7.47461908279576e-06,0.00158445466717058
10292.1534609671,-9.58822759888076e-06,0.000359180158039464,4.16430961588703e-06,0.00228272202595846,4.52151215449072e-07,0.00024777757949565,-7.37202693427016e-06,0.00157354283326479
10363.5310727429,-9.4566535875208e-06,0.00035670874451415,4.1072269246065e-06,0.0022669963793114,4.45951576511182e-07,0.000246070712701032,-7.27084270907531e-06,0.00156270613461822
10435.4036988501,-9.32688446166148e-06,0.000354254303380578,4.05092558690711e-06,0.0022513791163805,4.39836846092749e-07,0.000244375608471067,-7.17104709089216e-06,0.00155194405412951
10507.7747722864,-9.1988954797723e-06,0.000351816718751723,3.9953949379132e-06,0.00223586948914485,4.33805863966741e-07,0.000242692185654731,-7.07262102827148e-06,0.0015412560782509
10580.647749858,-9.0726622390117e-06,0.000349395875518052,3.94062445748696e-06,0.00222046675476697,4.27857485687462e-07,0.000241020363662737,-6.97554573100565e-06,0.00153064169696392
10654.0261123446,-8.94816067060377e-06,0.000346991659342598,3.88660376828689e-06,0.00220517017555653,4.21990582377886e-07,0.000239360062463613,-6.87980266655043e-06,0.00152010040375525
10727.9133646656,-8.8253670352772e-06,0.00034460395665605,3.83332263385158e-06,0.0021899790189342,4.16204040519787e-07,0.0002377112025798,-6.78537355649526e-06,0.00150963169559271
10802.3130360475,-8.70425791876676e-06,0.000342232654651877,3.7807709567087e-06,0.00217489255739594,4.10496761746659e-07,0.000236073705083787,-6.69224037308221e-06,0.00149923507290147
10877.2286801926,-8.58481022737521e-06,0.000339877641281465,3.72893877650863e-06,0.00215991006847729,4.0486766263936e-07,0.000234447491594259,-6.60038533577206e-06,0.00148891003954034
10952.6638754485,-8.46700118359617e-06,0.00033753880524929,3.67781626818279e-06,0.00214503083471821,3.99315674524492e-07,0.000232832484272295,-6.50979090785781e-06,0.00147865610277833
11028.6222249794,-8.35080832179579e-06,0.000335216036008114,3.62739374012587e-06,0.00213025414362792,3.93839743275403e-07,0.000231228605817566,-6.42043979312406e-06,0.00146847277327122
11105.1073569377,-8.2362094839537e-06,0.000332909223754203,3.57766163240228e-06,0.00211557928765017,3.88438829115887e-07,0.000229635779464586,-6.33231493255238e-06,0.00145835956503847
11182.1229246378,-8.12318281546124e-06,0.000330618259422572,3.52861051497582e-06,0.00210100556412865,3.83111906426431e-07,0.000228053928978973,-6.24539950107149e-06,0.0014483159954401
11259.6726067303,-8.01170676097739e-06,0.000328343034682257,3.48023108596293e-06,0.00208653227527275,3.77857963553075e-07,0.000226482978653741,-6.15967690435212e-06,0.0014383415851539
11337.7601073777,-7.90176006034045e-06,0.000326083441931609,3.43251416990872e-06,0.00207215872812344,3.72676002618783e-07,0.000224922853305624,-6.0751307756454e-06,0.00142843585815263
11416.3891564316,-7.79332174453578e-06,0.000323839374293617,3.3854507160859e-06,0.00205788423451953,3.67565039337333e-07,0.000223373478271418,-5.99174497266485e-06,0.00141859834168151
11495.5635096105,-7.68637113171796e-06,0.000321610725611251,3.33903179681588e-06,0.00204370811106409,3.62524102829675e-07,0.000221834779404356,-5.90950357451063e-06,0.00140882856623579
11575.2869486794,-7.58088782328745e-06,0.00031939739044284,3.2932486058123e-06,0.00202962967909113,3.57552235442733e-07,0.000220306683070504,-5.8283908786362e-06,0.00139912606553849
11655.5632816306,-7.4768517000201e-06,0.00031719926405746,3.24809245654611e-06,0.00201564826463249,3.52648492570608e-07,0.000218789116145186,-5.74839139785616e-06,0.00138949037651828
11736.3963428651,-7.37424291824987e-06,0.00031501624243036,3.20355478063252e-06,0.00200176319838508,3.47811942478178e-07,0.000217282006009431,-5.66948985739534e-06,0.00137992103928753
11817.7899933763,-7.27304190610289e-06,0.000312848222238408,3.15962712623901e-06,0.00198797381567818,3.43041666127025e-07,0.000215785280546451,-5.59167119197789e-06,0.0013704175971205
11899.7481209338,-7.17322935978337e-06,0.000310695100855566,3.11630115651456e-06,0.00197427945644117,3.38336757003696e-07,0.00021429886813814,-5.51492054295659e-06,0.00136097959643168
11982.2746402699,-7.07478623990936e-06,0.000308556776348378,3.07356864803952e-06,0.00196067946517131,3.33696320950246e-07,0.000212822697661596,-5.43922325548102e-06,0.00135160658675424
12065.3734932659,-6.9776937678991e-06,0.0003064331474715,3.03142148929614e-06,0.00194717319090186,3.29119475997043e-07,0.000211356698485675,-5.36456487570488e-06,0.00134229812071873
12149.0486491407,-6.88193342240583e-06,0.000304324113663243,2.9898516791591e-06,0.00193375998717042,3.24605352197792e-07,0.000209900800467558,-5.29093114803111e-06,0.00133305375403176
12233.3041046402,-6.7874869358018e-06,0.000302229575041145,2.94885132540635e-06,0.00192043921198748,3.20153091466777e-07,0.00020845493394936,-5.2183080123951e-06,0.001323873045455
12318.1438842285,-6.69433629070952e-06,0.000300149432397563,2.90841264324938e-06,0.00190721022780516,3.15761847418258e-07,0.000207019029754742,-5.14668160158473e-06,0.0013147555567842
12403.5720402798,-6.60246371658079e-06,0.000298083587195302,2.86852795388321e-06,0.00189407240148625,3.11430785208031e-07,0.000205593019185566,-5.07603823859736e-06,0.0013057008528284
12489.5926532723,-6.51185168632182e-06,0.000296031941563251,2.82918968305544e-06,0.0018810251042734,3.07159081377079e-07,0.000204176834018557,-5.0063644340327e-06,0.00129670850138927
12576.2098319827,-6.42248291296477e-06,0.000293994398292062,2.79039035965442e-06,0.00186806771175857,3.02945923697339e-07,0.000202770406502008,-4.93764688352171e-06,0.00128777807324062
12663.427713683,-6.33434034638413e-06,0.000291970860829836,2.75212261431606e-06,0.0018551996038527,2.98790511019511e-07,0.000201373669352488,-4.8698724651903e-06,0.00127890914210798
12751.2504643373,-6.24740717005833e-06,0.000289961233277848,2.71437917804926e-06,0.00184242016475558,2.94692053122912e-07,0.000199986555751589,-4.8030282371581e-06,0.00127010128464841
12839.6822788018,-6.16166679787496e-06,0.000287965420386288,2.67715288087944e-06,0.00182972878292592,2.90649770567334e-07,0.000198608999342686,-4.73710143507116e-06,0.00126135408043036
12928.7273810244,-6.07710287098004e-06,0.000285983327550032,2.64043665051035e-06,0.00181712485105171,2.86662894546888e-07,0.000197240934227729,-4.67207946966866e-06,0.00125266711191374
13018.3900242466,-5.99369925466964e-06,0.000284014860804427,2.60422351100339e-06,0.00180460776602065,2.82730666745799e-07,0.000195882294964048,-4.60794992438271e-06,0.00124403996443005
13108.6744912069,-5.91144003532445e-06,0.000282059926821116,2.56850658147478e-06,0.00179217692889098,2.78852339196142e-07,0.000194533016561189,-4.54470055297127e-06,0.00123547222616274
13199.5850943454,-5.83030951738554e-06,0.000280118432903872,2.53327907480985e-06,0.00177983174486231,2.75027174137468e-07,0.000193193034477765,-4.48231927718312e-06,0.00122696348812762
13291.1261760091,-5.75029222037192e-06,0.000278190286984465,2.49853429639466e-06,0.00176757162324687,2.71254443878332e-07,0.000191862284618341,-4.4207941844552e-06,0.00121851334415343
13383.3021086605,-5.67137287593818e-06,0.000276275397618553,2.46426564286431e-06,0.00175539597744077,2.67533430659654e-07,0.000190540703330323,-4.36011352564106e-06,0.00121012139086255
13476.1172950852,-5.59353642497269e-06,0.000274373673981589,2.43046660086813e-06,0.00174330422489559,2.63863426519931e-07,0.000189228227400888,-4.30026571277074e-06,0.00120178722765184
13569.576168603,-5.51676801473516e-06,0.000272485025864763,2.3971307458512e-06,0.00173129578709015,2.60243733162251e-07,0.000187924794053923,-4.24123931684119e-06,0.00119351045667363
13663.6831932795,-5.44105299603317e-06,0.000270609363670958,2.36425174085223e-06,0.00171937008950241,2.56673661823087e-07,0.000186630340946989,-4.18302306563684e-06,0.00118529068281678
13758.4428641392,-5.3663769204374e-06,0.000268746598410738,2.33182333531739e-06,0.00170752656158172,2.53152533142856e-07,0.000185344806168311,-4.12560584158025e-06,0.00117712751368792
13853.8597073802,-5.29272553753457e-06,0.00026689664169835,2.29983936393002e-06,0.00169576463672107,2.49679677038217e-07,0.000184068128233782,-4.0689766796119e-06,0.0011690205595928
13949.9382805904,-5.22008479221815e-06,0.000265059405747761,2.26829374545605e-06,0.00168408375222971,2.46254432576087e-07,0.000182800246083994,-4.01312476509928e-06,0.00116096943351779
14046.6831729655,-5.14844082201569e-06,0.000263234803368708,2.23718048160469e-06,0.00167248334930585,2.42876147849335e-07,0.000181541099081285,-3.95803943177441e-06,0.00115297375111147
14144.0990055278,-5.07777995445295e-06,0.000261422747962779,2.20649365590449e-06,0.00166096287300964,2.39544179854169e-07,0.000180290627006813,-3.90371015969976e-06,0.00114503313066636
14242.190431347,-5.00808870445365e-06,0.000259623153519513,2.17622743259435e-06,0.00164952177223627,2.3625789436915e-07,0.000179048770057643,-3.85012657326186e-06,0.00113714719310077
14340.9621357626,-4.939353771775e-06,0.000257835934612523,2.14637605552944e-06,0.00163815949968932,2.33016665835853e-07,0.000177815468843865,-3.79727843919257e-06,0.00112931556194083
14440.4188366077,-4.87156203847795e-06,0.000256061006395647,2.11693384710166e-06,0.00162687551185421,2.2981987724111e-07,0.000176590664385719,-3.74515566461723e-06,0.0011215378633025
14540.5652844341,-4.80470056643221e-06,0.000254298284599117,2.08789520717467e-06,0.00161566926897198,2.26666920000864e-07,0.00017537429811075,-3.69374829512982e-06,0.00111381372587389
14641.4062627396,-4.73875659485507e-06,0.000252547685525748,2.05925461203306e-06,0.00160454023501309,2.2355719384556e-07,0.000174166311850983,-3.64304651289417e-06,0.00110614278089755
14742.946588196,-4.67371753788405e-06,0.000250809126047164,2.03100661334575e-06,0.00159348787765159,2.20490106707102e-07,0.000172966647840112,-3.59304063477147e-06,0.00109852466215293
14845.1911108798,-4.60957098218244e-06,0.00024908252360003,2.00314583714309e-06,0.00158251166823925,2.17465074607313e-07,0.000171775248710715,-3.54372111047316e-06,0.00109095900593903
14948.1447145032,-4.54630468457776e-06,0.000247367796182314,1.97566698280789e-06,0.00157161108178011,2.14481521547915e-07,0.000170592057491482,-3.49507852073938e-06,0.00108344545105703
15051.8123166476,-4.48390656973223e-06,0.000245664862349577,1.94856482207977e-06,0.00156078559690502,2.11538879401975e-07,0.00016941701760447,-3.44710357554209e-06,0.00107598363879314
15156.1988689989,-4.42236472784527e-06,0.000243973641211273,1.92183419807306e-06,0.00155003469584647,2.08636587806826e-07,0.000168250072862371,-3.39978711231313e-06,0.00106857321290156
15261.3093575835,-4.36166741238709e-06,0.000242294052427084,1.89547002430773e-06,0.00153935786441354,2.05774094058425e-07,0.000167091167465803,-3.3531200941962e-06,0.00106121381958751
15367.1488030065,-4.30180303786357e-06,0.00024062601620327,1.86946728375341e-06,0.00152875459196709,2.02950853007141e-07,0.00016594024600062,-3.30709360832309e-06,0.00105390510749042
15473.7222606918,-4.24276017761129e-06,0.000238969453289041,1.84382102788622e-06,0.00151822437139505,2.00166326954939e-07,0.000164797253435237,-3.26169886411332e-06,0.00104664672766718
15581.0348211234,-4.18452756162303e-06,0.000237324284972957,1.81852637575829e-06,0.00150776669908791,1.97419985553967e-07,0.000163662135117978,-3.21692719159722e-06,0.0010394383335756
15689.0916100885,-4.12709407440259e-06,0.000235690433079341,1.79357851307973e-06,0.00149738107491446,1.94711305706491e-07,0.000162534836774444,-3.17277003976179e-06,0.00103227958105786
15797.8977889225,-4.07044875284932e-06,0.000234067819964726,1.76897269131306e-06,0.00148706700219754,1.92039771466199e-07,0.000161415304504891,-3.12921897491952e-06,0.00102517012832421
15907.4585547554,-4.01458078417114e-06,0.00023245636851431,1.74470422677963e-06,0.00147682398769015,1.89404873940828e-07,0.000160303484781638,-3.08626567909919e-06,0.00101810963593661
16017.7791407599,-3.95947950382641e-06,0.000230856002138444,1.72076849977823e-06,0.00146665154155157,1.86806111196107e-07,0.000159199324446483,-3.04390194845909e-06,0.00101109776679269
16128.8648164017,-3.90513439349363e-06,0.000229266644769137,1.69716095371546e-06,0.00145654917732371,1.84242988160997e-07,0.000158102770708144,-3.00211969172166e-06,0.0010041341861096
16240.720887691,-3.85153507906916e-06,0.000227688220856582,1.67387709424787e-06,0.00144651641190771,1.81715016534216e-07,0.000157013771139716,-2.96091092862981e-06,0.000997218561408178
16353.352697436,-3.79867132869196e-06,0.000226120655365703,1.65091248843554e-06,0.0014365527655405,1.79221714692022e-07,0.000155932273676142,-2.92026778842424e-06,0.000990350562497055
16466.765625498,-3.74653305079572e-06,0.00022456387377273,1.62826276390719e-06,0.00142665776177177,1.76762607597242e-07,0.00015485822661171,-2.88018250834174e-06,0.00098352986145698
16580.9650890484,-3.69511029218717e-06,0.000223017802061783,1.60592360803642e-06,0.0014168309274409,1.74337226709537e-07,0.000153791578597557,-2.84064743213395e-06,0.000976756132625193
16695.9565428276,-3.64439323615105e-06,0.000221482366721491,1.58389076712914e-06,0.00140707179265416,1.71945109896872e-07,0.000152732278639203,-2.80165500860657e-06,0.000970029052579942
16811.7454794054,-3.59437220058067e-06,0.000219957494741618,1.56216004562187e-06,0.00139737989076206,1.69585801348189e-07,0.000151680276094087,-2.76319779017838e-06,0.000963348300125072
16928.3374294433,-3.54503763613424e-06,0.000218443113609726,1.54072730529089e-06,0.00138775475833683,1.67258851487264e-07,0.000150635520669139,-2.72526843146024e-06,0.000956713556274749
17045.737961959,-3.49638012441623e-06,0.000216939151307843,1.51958846447206e-06,0.00137819593515007,1.64963816887715e-07,0.000149597962418348,-2.68785968785334e-06,0.000950124504238264
17163.9526845917,-3.44839037618372e-06,0.000215445536309161,1.49873949729114e-06,0.00136870296415055,1.62700260189185e-07,0.000148567551740366,-2.65096441416689e-06,0.000943580829404966
17282.9872438709,-3.40105922957714e-06,0.000213962197574755,1.47817643290445e-06,0.0013592753914422,1.60467750014632e-07,0.000147544239376117,-2.6145755632545e-06,0.000937082219329267
17402.8473254854,-3.35437764837535e-06,0.000212489064550319,1.45789535474991e-06,0.00134991276626223,1.5826586088876e-07,0.000146527976406426,-2.57868618466949e-06,0.000930628363715786
17523.5386545551,-3.30833672027439e-06,0.000211026067162918,1.43789239980801e-06,0.00134061464095936,1.56094173157542e-07,0.000145518714249668,-2.54328942333845e-06,0.000924218954404555
17645.0669959044,-3.26292765519e-06,0.000209573135817778,1.41816375787292e-06,0.00133138057097232,1.53952272908842e-07,0.000144516404659426,-2.50837851825309e-06,0.000917853685356367
17767.4381543379,-3.21814178358302e-06,0.000208130201395072,1.3987056708333e-06,0.00132221011480835,1.51839751894102e-07,0.000143520999722173,-2.47394680117995e-06,0.000911532252638183
17890.6579749169,-3.17397055480807e-06,0.000206697195246747,1.37951443196295e-06,0.001313102834022,1.49756207451101e-07,0.000142532451854966,-2.43998769538785e-06,0.000905254354408678
18014.7323432395,-3.13040553548445e-06,0.000205274049193356,1.36058638522093e-06,0.00130405829319395,1.47701242427751e-07,0.000141550713803157,-2.40649471439272e-06,0.000899019690903855
18139.667185721,-3.08743840788964e-06,0.000203860695520924,1.34191792456124e-06,0.00129507605991006,1.45674465106934e-07,0.000140575738638121,-2.37346146071972e-06,0.000892827964422777
18265.4684698776,-3.04506096837445e-06,0.00020245706697782,1.32350549325172e-06,0.00128615570474057,1.4367548913235e-07,0.000139607479754997,-2.34088162468224e-06,0.000886678879313382
18392.1422046107,-3.00326512580014e-06,0.000201063096771659,1.30534558320226e-06,0.00127729680121937,1.4170393343538e-07,0.000138645890870451,-2.30874898317768e-06,0.000880572141958411
18519.6944404947,-2.96204289999669e-06,0.000199678718566215,1.287434734302e-06,0.0012684989258235,1.39759422162928e-07,0.000137690926020445,-2.27705739849973e-06,0.000874507460761414
18648.1312700654,-2.92138642024233e-06,0.000198303866478367,1.2697695337656e-06,0.00125976165795273,1.37841584606258e-07,0.00013674253955803,-2.24580081716697e-06,0.000868484546132875
18777.4588281112,-2.88128792376371e-06,0.000196938475075046,1.25234661548825e-06,0.00125108457990935,1.3595005513078e-07,0.000135800686151153,-2.21497326876742e-06,0.000862503110476403
18907.6832919665,-2.84173975425667e-06,0.00019558247937022,1.23516265940942e-06,0.00124246727687803,1.34084473106797e-07,0.000134865320780475,-2.18456886481906e-06,0.00085656286817504
19038.810881806,-2.80273436042731e-06,0.000194235814821882,1.21821439088533e-06,0.00123390933690586,1.32244482841194e-07,0.000133936398737208,-2.15458179764589e-06,0.000850663535577662
19170.8478609426,-2.76426429455283e-06,0.000192898417329071,1.20149858006973e-06,0.00122541035088255,1.3042973351005e-07,0.000133013875620966,-2.12500633926939e-06,0.000844804830985453
19303.8005361258,-2.72632221106231e-06,0.000191570223228901,1.18501204130326e-06,0.00121696991252069,1.28639879092163e-07,0.000132097707337632,-2.09583684031528e-06,0.000838986474638501
19437.6752578439,-2.68890086513659e-06,0.000190251169293618,1.16875163251089e-06,0.00120858761833627,1.26874578303482e-07,0.000131187850097239,-2.06706772893511e-06,0.000833208188702453
19572.4784206263,-2.65199311132769e-06,0.000188941192727668,1.15271425460768e-06,0.0012002630676292,1.25133494532426e-07,0.000130284260411865,-2.03869350974276e-06,0.000827469697255296
19708.2164633496,-2.61559190219673e-06,0.000187640231164787,1.13689685091244e-06,0.00119199586246408,1.23416295776086e-07,0.000129386895093544,-2.01070876276547e-06,0.000821770726274195
19844.8958695448,-2.57969028697082e-06,0.000186348222665116,1.12129640656952e-06,0.00118378560765104,1.21722654577287e-07,0.00012849571125219,-1.98310814240928e-06,0.00081611100362245
19982.5231677076,-2.54428141021805e-06,0.000185065105712321,1.10590994797821e-06,0.00117563191072672,1.20052247962507e-07,0.000127610666293538,-1.95588637643859e-06,0.000810490259036521
20121.1049316092,-2.50935851054087e-06,0.000183790819210743,1.09073454223008e-06,0.00116753438193543,1.18404757380646e-07,0.000126731717917098,-1.92903826496979e-06,0.000804908224113155
20260.6477806113,-2.47491491928713e-06,0.000182525302482564,1.07576729655379e-06,0.00115949263421038,1.16779868642618e-07,0.000125858824114124,-1.90255867947863e-06,0.000799364632296594
20401.1583799816,-2.44094405927892e-06,0.000181268495264984,1.06100535776753e-06,0.00115150628315506,1.15177271861768e-07,0.000124991943165592,-1.87644256182128e-06,0.000793859218865876
20542.6434412127,-2.40743944355867e-06,0.000180020337707428,1.04644591173882e-06,0.00114357494702479,1.13596661395098e-07,0.000124131033640203,-1.85068492326865e-06,0.000788391720922213
20685.1097223421,-2.37439467415257e-06,0.000178780770368762,1.03208618285171e-06,0.00113569824670833,1.12037735785294e-07,0.000123276054392387,-1.82528084355416e-06,0.000782961877376477
20828.5640282755,-2.34180344085076e-06,0.000177549734214528,1.01792343348108e-06,0.0011278758057097,1.10500197703541e-07,0.000122426964560332,-1.8002254699344e-06,0.000777569428936737
20973.0132111114,-2.30965952000433e-06,0.000176327170614206,1.00395496347424e-06,0.00112010725013004,1.08983753893109e-07,0.000121583723564021,-1.77551401626277e-06,0.000772214118095925
21118.464170469,-2.2779567733387e-06,0.000175113021338475,9.90178109639394e-07,0.00111239220864966,1.07488115113719e-07,0.000120746291103282,-1.75114176207575e-06,0.00076689568911954
21264.923853817,-2.24668914678333e-06,0.000173907228556515,9.76590245241189e-07,0.00110473031251019,1.06012996086651e-07,0.000119914627155854,-1.72710405169178e-06,0.000761613888033481
21412.3992568061,-2.21585066931738e-06,0.000172709734833306,9.63188779503005e-07,0.00109712119549686,1.0455811544061e-07,0.000119088691975466,-1.70339629332238e-06,0.000756368462611923
21560.8974236026,-2.18543545183122e-06,0.000171520483126958,9.49971157116077e-07,0.00108956449392092,1.03123195658324e-07,0.000118268446089933,-1.68001395819565e-06,0.000751159162365312
21710.4254472254,-2.15543768600348e-06,0.000170339416786052,9.36934857755216e-07,0.00108205984660212,1.01707963023869e-07,0.000117453850299252,-1.65695257969152e-06,0.00074598573852841
21860.9904698845,-2.12585164319353e-06,0.000169166479547,9.24077395601178e-07,0.00107460689485142,1.0031214757071e-07,0.00011664486567373,-1.63420775248915e-06,0.000740847944048452
22012.599683322,-2.09667167334905e-06,0.000168001615531421,9.11396318869443e-07,0.00106720528245368,9.89354830304485e-08,0.000115841453552111,-1.61177513172575e-06,0.000735745533573354
22165.260329156,-2.06789220392868e-06,0.000166844769243539,8.98889209345463e-07,0.00105985465565065,9.75777067822734e-08,0.000115043575539723,-1.58965043216721e-06,0.000730678263440035
22318.9796992262,-2.03950773883924e-06,0.000165695885567588,8.8655368192617e-07,0.00105255466312388,9.6238559803091e-08,0.000114251193506632,-1.56782942738981e-06,0.000725645891662783
22473.7651359423,-2.0115128573877e-06,0.000164554909765246,8.74387384167763e-07,0.00104530495597791,9.49177866183427e-08,0.000113464269585818,-1.54630794897342e-06,0.000720648177921735
22629.6240326348,-1.98390221324735e-06,0.000163421787473074,8.62387995839585e-07,0.00103810518772348,9.36151352534845e-08,0.000112682766171352,-1.52508188570557e-06,0.000715684883551407
22786.5638339077,-1.95667053343822e-06,0.000162296464699984,8.50553228484122e-07,0.00103095501426092,9.23303571861348e-08,0.000111906645916596,-1.50414718279659e-06,0.00071075577152933
22944.592035995,-1.92981261732136e-06,0.000161178887824711,8.38880824982921e-07,0.0010238540938636,9.10632072988665e-08,0.000111135871732412,-1.48349984110532e-06,0.000705860606464734
23103.7161871177,-1.90332333560706e-06,0.00016006900359331,8.27368559128482e-07,0.00101680208716154,8.98134438326492e-08,0.000110370406785377,-1.46313591637569e-06,0.000700999154587339
23263.9438878451,-1.87719762937647e-06,0.000158966759116669,8.16014235201891e-07,0.00100979865712511,8.85808283409193e-08,0.000109610214496025,-1.44305151848351e-06,0.0006961711837362
23425.2827914574,-1.85143050911675e-06,0.000157872101868032,8.04815687556264e-07,0.00100284346904885,8.7365125644281e-08,0.000108855258537084,-1.42324281069383e-06,0.000691376463348646
23587.7406043117,-1.82601705376933e-06,0.000156784979680546,7.93770780205809e-07,0.000995936190535398,8.61661037858201e-08,0.000108105502831738,-1.40370600892827e-06,0.000686614764449277
23751.3250862094,-1.80095240979134e-06,0.000155705340744819,7.8287740642052e-07,0.000989076491479546,8.49835339870313e-08,0.000107360911551899,-1.38443738104257e-06,0.000681885859639055
23916.0440507678,-1.77623179022977e-06,0.000154633133606496,7.72133488326332e-07,0.000982264044052387,8.38171906043407e-08,0.000106621449116481,-1.36543324611394e-06,0.000677189523084455
24081.9053657923,-1.75185047380834e-06,0.00015356830716385,7.61536976510776e-07,0.000975498522685585,8.2666851086227e-08,0.000105887080189703,-1.34668997373825e-06,0.000672525530506703
24248.9169536531,-1.72780380402694e-06,0.00015251081066539,7.51085849633943e-07,0.000968779604055746,8.15322959309209e-08,0.000105157769679389,-1.32820398333681e-06,0.000667893659171069
24417.0867916629,-1.70408718827337e-06,0.000151460593707485,7.40778114044794e-07,0.00096210696706891,8.0413308644687e-08,0.000104433482735286,-1.30997174347269e-06,0.000663293687876263
24586.4229124585,-1.68069609694716e-06,0.000150417606231999,7.30611803402637e-07,0.000955480292845132,7.93096757006688e-08,0.000103714184747393,-1.2919897711764e-06,0.000658725396943871
24756.933404384,-1.65762606259558e-06,0.00014938179852395,7.20584978303825e-07,0.000948899264703194,7.82211864983008e-08,0.000102999841344304,-1.27425463128085e-06,0.000654188568207888
24928.6264118777,-1.6348726790613e-06,0.000148353121209177,7.10695725913456e-07,0.000942363568145399,7.7147633323268e-08,0.000102290418391557,-1.25676293576539e-06,0.000649682985004309
25101.5101358603,-1.61243160064186e-06,0.000147331525252027,7.00942159602163e-07,0.000935872890842495,7.60888113080168e-08,0.000101585881990002,-1.23951134310887e-06,0.000645208432160802
25275.5928341276,-1.59029854126055e-06,0.000146316961953052,6.91322418587793e-07,0.000929426922618676,7.50445183928e-08,0.00010088619847417,-1.22249655765157e-06,0.000640764695986439
25450.882821744,-1.56846927364877e-06,0.000145309382946728,6.81834667582007e-07,0.000923025355436721,7.40145552872571e-08,0.000100191334410663,-1.20571532896588e-06,0.000636351564261511
25627.3884714405,-1.54693962853944e-06,0.000144308740199184,6.72477096441652e-07,0.000916667883383199,7.29987254325145e-08,9.95012565965525e-05,-1.18916445123563e-06,0.0006319688262274
25805.1182140139,-1.52570549387162e-06,0.00014331498600595,6.63247919824932e-07,0.000910354202653815,7.19968349638078e-08,9.88159320577849e-05,-1.17284076264392e-06,0.000627616272576534
25984.08053873,-1.5047628140059e-06,0.000142328072989714,6.54145376852209e-07,0.000904084011538821,7.10086926736083e-08,9.81353280476032e-05,-1.1567411447693e-06,0.000623293695442402
26164.2839937291,-1.48410758895063e-06,0.000141347954098099,6.45167730771466e-07,0.000897857010408557,7.00341099752569e-08,9.74594120449772e-05,-1.14086252199035e-06,0.000619000888389633
26345.7371864336,-1.46373587359869e-06,0.000140374582601455,6.36313268628319e-07,0.000891672901699082,6.90729008670942e-08,9.6788151753045e-05,-1.12520186089831e-06,0.00061473764640416
26528.4487839603,-1.44364377697477e-06,0.00013940791209066,6.27580300940496e-07,0.000885531389897897,6.81248818970753e-08,9.61215150975648e-05,-1.10975616971783e-06,0.000610503765883434
26712.4275135331,-1.42382746149291e-06,0.000138447896474944,6.18967161376815e-07,0.000879432181529784,6.71898721278752e-08,9.54594702253791e-05,-1.09452249773565e-06,0.000606299044626715
26897.6821629011,-1.40428314222425e-06,0.000137494489979718,6.10472206440459e-07,0.000873374985142724,6.62676931024622e-08,9.48019855028867e-05,-1.07949793473712e-06,0.000602123281825427
27084.2215807571,-1.38500708617486e-06,0.000136547647144427,6.02093815156641e-07,0.000867359511293935,6.53581688101488e-08,9.41490295145288e-05,-1.06467961045042e-06,0.00059797627805358
27272.0546771616,-1.36599561157331e-06,0.000135607322820407,5.93830388764471e-07,0.00086138547253598,6.44611256530993e-08,9.35005710612822e-05,-1.05006469399849e-06,0.000593857835258252
27461.1904239671,-1.3472450871682e-06,0.000134673472168767,5.85680350413068e-07,0.000855452583403003,6.3576392413301e-08,9.28565791591662e-05,-1.03565039335838e-06,0.00058976775675015
27651.6378552475,-1.32875193153518e-06,0.000133746050658277,5.77642144861774e-07,0.000849560560397027,6.27038002199799e-08,9.22170230377562e-05,-1.02143395482803e-06,0.000585705847194221
27843.4060677294,-1.31051261239354e-06,0.000132825014063274,5.69714238184499e-07,0.00084370912197438,6.1843182517468e-08,9.15818721387119e-05,-1.00741266250047e-06,0.000581671912600335
28036.5042212264,-1.29252364593209e-06,0.000131910318461579,5.61895117478055e-07,0.000837897988532187,6.09943750335029e-08,9.09510961143109e-05,-9.93583837745094e-07,0.000577665760314029
28230.9415390768,-1.27478159614438e-06,0.000131001920232431,5.54183290574508e-07,0.000832126882394976,6.01572157479657e-08,9.03246648259975e-05,-9.79944838696141e-07,0.000573687199007325
28426.7273085842,-1.25728307417296e-06,0.000130099776054434,5.46577285757418e-07,0.000826395527801362,5.93315448620418e-08,8.97025483429369e-05,-9.66493059748141e-07,0.000569736038669587
28623.8708814609,-1.24002473766264e-06,0.000129203842903516,5.39075651481982e-07,0.000820703650890839,5.85172047678061e-08,8.9084716940583e-05,-9.53225931058337e-07,0.000565812090598472
28822.3816742749,-1.22300329012259e-06,0.000128314078050901,5.31676956098961e-07,0.000815050979690646,5.77140400182203e-08,8.84711410992537e-05,-9.40140918055875e-07,0.000561915167390915
29022.2691688993,-1.20621548029731e-06,0.000127430439061102,5.24379787582415e-07,0.000809437244102742,5.69218972975444e-08,8.7861791502718e-05,-9.27235520957779e-07,0.000558045082934197
29223.5429129655,-1.18965810154601e-06,0.000126552883789915,5.17182753261106e-07,0.000803862175890853,5.61406253921473e-08,8.72566390367909e-05,-9.14507274291522e-07,0.000554201652397059
29426.2125203191,-1.17332799123069e-06,0.000125681370382436,5.10084479553612e-07,0.00079832550866763,5.53700751617208e-08,8.66556547879401e-05,-9.01953746424192e-07,0.00055038469222089
29630.2876714792,-1.15722203011251e-06,0.000124815857271088,5.03083611707012e-07,0.000792826977881873,5.46100995108832e-08,8.60588100419001e-05,-8.89572539098066e-07,0.000546594020110961
29835.7781141006,-1.14133714175645e-06,0.000123956303173664,4.96178813539184e-07,0.000787366320805863,5.38605533611745e-08,8.54660762822988e-05,-8.77361286972613e-07,0.000542829455027737
30042.6936634399,-1.12567029194415e-06,0.000123102667091373,4.89368767184572e-07,0.00078194327652277,5.31212936234298e-08,8.48774251892901e-05,-8.65317657172724e-07,0.000539090817178229
30251.0442028234,-1.11021848809476e-06,0.000122254908306917,4.82652172843468e-07,0.000776557585914156,5.23921791705354e-08,8.42928286381995e-05,-8.53439348843196e-07,0.000535377928007426
30460.8396841202,-1.09497877869378e-06,0.000121412986382562,4.76027748534677e-07,0.000771208991647555,5.16730708105523e-08,8.37122586981757e-05,-8.41724092709269e-07,0.000531690610189764
30672.0901282168,-1.0799482527297e-06,0.000120576861158233,4.69494229851597e-07,0.000765897238164154,5.09638312602113e-08,8.31356876308552e-05,-8.30169650643256e-07,0.000528028687620678
30884.8056254963,-1.06512403913837e-06,0.000119746492749621,4.63050369721592e-07,0.000760622071666539,5.02643251187663e-08,8.2563087889032e-05,-8.18773815237055e-07,0.000524391985408184
31098.9963363199,-1.05050330625497e-06,0.000118921841546297,4.56694938168684e-07,0.00075538324010655,4.95744188422091e-08,8.19944321153408e-05,-8.07534409380589e-07,0.00052078032986455
31314.6724915125,-1.03608326127352e-06,0.000118102868209849,4.50426722079455e-07,0.000750180493173195,4.88939807178327e-08,8.14296931409454e-05,-7.96449285845969e-07,0.000517193548497991
31531.8443928511,-1.0218611497138e-06,0.000117289533672015,4.44244524972181e-07,0.000745013582280675,4.82228808391461e-08,8.08688439842394e-05,-7.85516326877421e-07,0.000513631470004456
31750.5224135575,-1.00783425489553e-06,0.000116481799132848,4.38147166769073e-07,0.000739882260556459,4.75609910811282e-08,8.03118578495532e-05,-7.74733443786781e-07,0.000510093924259438
31970.7169987928,-9.93999897419859e-07,0.00011567962605888,4.32133483571684e-07,0.00073478628282948,4.6908185075824e-08,7.97587081258728e-05,-7.64098576554603e-07,0.000506580742309868
32192.4386661572,-9.80355434657831e-07,0.000114882976181298,4.26202327439329e-07,0.000729725405618374,4.62643381882708e-08,7.92093683855641e-05,-7.53609693436673e-07,0.00050309175636604
32415.6980061919,-9.66898260245987e-07,0.000114091811494144,4.20352566170577e-07,0.000724699387119837,4.56293274927564e-08,7.86638123831094e-05,-7.43264790575987e-07,0.000499626799793619
32640.5056828852,-9.53625803588797e-07,0.000113306094252514,4.14583083087694e-07,0.000719707987197029,4.50030317493998e-08,7.81220140538499e-05,-7.33061891619995e-07,0.000496185707105676
32866.8724341813,-9.40535529367972e-07,0.000112525786970776,4.08892776824059e-07,0.000714750967368085,4.43853313810544e-08,7.75839475127391e-05,-7.2299904734315e-07,0.0004927683139548
33094.8090724944,-9.27624937058456e-07,0.0001117508524208,4.03280561114459e-07,0.00070982809079469,4.37761084505241e-08,7.70495870531028e-05,-7.13074335274583e-07,0.000489374457125246
33324.3264852235,-9.14891560451101e-07,0.000110981253630194,3.97745364588271e-07,0.000704939122270742,4.31752466380945e-08,7.65189071454096e-05,-7.03285859330941e-07,0.000486003974525157
33555.4356352742,-9.0233296718184e-07,0.000110216953880562,3.92286130565455e-07,0.000700083828211083,4.25826312193682e-08,7.59918824360481e-05,-6.93631749454209e-07,0.000482656705178817
33788.1475615808,-8.89946758267366e-07,0.000109457916705765,3.86901816855346e-07,0.000695261976640321,4.19981490434055e-08,7.54684877461144e-05,-6.84110161254554e-07,0.000479332489218979
34022.4733796346,-8.77730567647125e-07,0.000108704105890194,3.81591395558182e-07,0.000690473337181719,4.14216885111627e-08,7.49486980702061e-05,-6.74719275658018e-07,0.000476031167879227
34258.4242820144,-8.65682061731642e-07,0.000107955485467064,3.76353852869364e-07,0.000685717681046169,4.08531395542265e-08,7.44324885752264e-05,-6.65457298559098e-07,0.000472752583486405
34496.0115389212,-8.5379893895699e-07,0.000107212019716705,3.71188188886367e-07,0.000680994781021231,4.02923936138378e-08,7.39198345991949e-05,-6.56322460478039e-07,0.000469496579453086
34735.2464987164,-8.4207892934542e-07,0.00010647367316488,3.66093417418319e-07,0.000676304411460264,3.97393436202046e-08,7.34107116500683e-05,-6.47313016222885e-07,0.000466263000270107
34976.1405884643,-8.30519794071961e-07,0.0001057404105811,3.61068565798155e-07,0.000671646348271616,3.91938839720955e-08,7.29050954045671e-05,-6.38427244556111e-07,0.000463051691499137
35218.7053144771,-8.19119325037022e-07,0.000105012196976962,3.5611267469736e-07,0.000667020368907903,3.86559105167145e-08,7.24029617070131e-05,-6.29663447865883e-07,0.000459862499765317
35462.9522628655,-8.07875344444795e-07,0.000104288997604487,3.5122479794323e-07,0.000662426252355346,3.81253205298492e-08,7.1904286568172e-05,-6.21019951841782e-07,0.00045669527274993
35708.8931000911,-7.96785704387501e-07,0.000103570777954485,3.46404002338644e-07,0.000657863779123203,3.76020126962932e-08,7.1409046164107e-05,-6.12495105155017e-07,0.000453549859183137
35956.5395735246,-7.85848286435274e-07,0.000102857503754912,3.41649367484289e-07,0.000653332731233251,3.7085887090533e-08,7.09172168350372e-05,-6.04087279142993e-07,0.000450426108836754
36205.9035120061,-7.75061001231733e-07,0.000102149140969253,3.36959985603325e-07,0.000648832892209361,3.65768451577029e-08,7.04287750842073e-05,-5.95794867498239e-07,0.000447323872517086
36456.9968264106,-7.64421788095046e-07,0.000101445655794907,3.32334961368441e-07,0.000644364047067131,3.60747896947971e-08,6.99436975767616e-05,-5.87616285961571e-07,0.000444243002057802
36709.831510217,-7.53928614624492e-07,0.000100747014661589,3.27773411731274e-07,0.000639925982303597,3.55796248321412e-08,6.94619611386285e-05,-5.79549972019494e-07,0.000441183350312861
36964.4196400802,-7.43579476312436e-07,0.000100053184229742,3.23274465754181e-07,0.000635518485887017,3.50912560151169e-08,6.89835427554121e-05,-5.71594384605749e-07,0.000438144771149498
37220.7733764093,-7.33372396161572e-07,9.93641313889498e-05,3.18837264444276e-07,0.000631141347246718,3.46095899861356e-08,6.85084195712897e-05,-5.63748003806934e-07,0.000435127119441238
37478.9049639467,-7.23305424307479e-07,9.86798232563787e-05,3.14460960589772e-07,0.000626794357263024,3.41345347668605e-08,6.80365688879198e-05,-5.56009330572206e-07,0.000432130251060976
37738.8267323548,-7.133766376463e-07,9.80002271752123e-05,3.10144718598538e-07,0.000622477308257242,3.36659996406703e-08,6.75679681633551e-05,-5.4837688642692e-07,0.000429154022874095
38000.5510968034,-7.03584139467569e-07,9.73253107131076e-05,3.0588771433888e-07,0.000618189993981728,3.32038951353648e-08,6.71025950109647e-05,-5.40849213190241e-07,0.000426198292731633
38264.0905585636,-6.93926059092036e-07,9.66550416606568e-05,3.01689134982485e-07,0.000613932209610011,3.2748133006105e-08,6.66404271983627e-05,-5.33424872696593e-07,0.0004232629194635
38529.4577056047,-6.84400551514503e-07,9.59893880298619e-05,2.97548178849528e-07,0.000609703751727,3.22986262185889e-08,6.61814426463451e-05,-5.26102446520965e-07,0.00042034776287174
38796.6652131954,-6.7500579705151e-07,9.53283180526175e-05,2.93464055255888e-07,0.000605504418319237,3.18552889324563e-08,6.57256194278329e-05,-5.18880535707952e-07,0.000417452683723834
39065.7258445091,-6.65740000993901e-07,9.4671800179206e-05,2.89435984362458e-07,0.000601334008765248,3.14180364849213e-08,6.52729357668241e-05,-5.11757760504552e-07,0.00041457754374606
39336.6524512341,-6.56601393264109e-07,9.40198030768006e-05,2.85463197026517e-07,0.00059719232382592,3.09867853746285e-08,6.48233700373508e-05,-5.0473276009659e-07,0.000411722205616887
39609.4579741865,-6.47588228078192e-07,9.33722956279816e-05,2.81544934655136e-07,0.000593079165634993,3.05614532457308e-08,6.43769007624463e-05,-4.97804192348795e-07,0.000408886532960426
39884.1554439296,-6.38698783612451e-07,9.27292469292588e-05,2.77680449060586e-07,0.000588994337689569,3.01419588721844e-08,6.39335066131159e-05,-4.90970733548418e-07,0.000406070390339914
40160.7579813948,-6.29931361674674e-07,9.20906262896079e-05,2.73869002317732e-07,0.000584937644840726,2.97282221422602e-08,6.34931664073185e-05,-4.84231078152387e-07,0.000403273643251254
40439.2787985098,-6.21284287379836e-07,9.14564032290137e-05,2.70109866623366e-07,0.000580908893284172,2.93201640432651e-08,6.3055859108952e-05,-4.77583938537911e-07,0.000400496158116589
40719.7311988284,-6.12755908830304e-07,9.08265474770251e-05,2.66402324157485e-07,0.000576907890550979,2.8917706646475e-08,6.26215638268482e-05,-4.71028044756533e-07,0.00039773780227793
41002.1285781671,-6.0434459680037e-07,9.02010289713187e-05,2.62745666946442e-07,0.000572934445498366,2.85207730922722e-08,6.21902598137725e-05,-4.64562144291531e-07,0.000394998443990821
41286.4844252437,-5.96048744425167e-07,8.95798178562733e-05,2.59139196727992e-07,0.000568988368300563,2.81292875754876e-08,6.17619264654326e-05,-4.58185001818673e-07,0.000392277952418053
41572.812322323,-5.87866766893806e-07,8.89628844815525e-05,2.55582224818176e-07,0.000565069470439723,2.77431753309423e-08,6.13365433194922e-05,-4.51895398970231e-07,0.000389576197623411
41861.1259458642,-5.79797101146755e-07,8.8350199400699e-05,2.52074071980022e-07,0.000561177564696908,2.73623626191888e-08,6.09140900545931e-05,-4.4569213410226e-07,0.000386893050565481
42151.4390671752,-5.71838205577347e-07,8.77417333697361e-05,2.48614068294052e-07,0.000557312465143125,2.69867767124463e-08,6.04945464893824e-05,-4.39574022065042e-07,0.000384228383091478
42443.7655530697,-5.63988559737404e-07,8.71374573457811e-05,2.45201553030563e-07,0.000553473987130441,2.66163458807291e-08,6.00778925815483e-05,-4.33539893976709e-07,0.000381582067931142
42738.1193665299,-5.5624666404687e-07,8.65373424856653e-05,2.4183587452364e-07,0.000549661947283141,2.62509993781646e-08,5.96641084268605e-05,-4.27588596999945e-07,0.000378953978690648
43034.5145673733,-5.48611039507464e-07,8.59413601445668e-05,2.38516390046916e-07,0.000545876163488965,2.58906674294996e-08,5.92531742582195e-05,-4.21718994121782e-07,0.000376343989846584
43332.9653129246,-5.41080227420226e-07,8.53494818746489e-05,2.35242465691013e-07,0.000542116454890385,2.55352812167902e-08,5.884507044471e-05,-4.15929963936387e-07,0.000373751976739951
43633.4858586911,-5.33652789106963e-07,8.47616794237111e-05,2.3201347624268e-07,0.000538382641875964,2.51847728662749e-08,5.84397774906633e-05,-4.10220400430855e-07,0.000371177815570214
43936.0905590448,-5.263273056355e-07,8.41779247338467e-05,2.28828805065562e-07,0.000534674546071759,2.48390754354272e-08,5.80372760347238e-05,-4.04589212773927e-07,0.000368621383389391
44240.7938679069,-5.19102377548716e-07,8.35981899401113e-05,2.25687843982631e-07,0.000530991990332791,2.44981229001859e-08,5.76375468489245e-05,-3.9903532510762e-07,0.000366082558096188
44547.6103394389,-5.11976624597274e-07,8.3022447369199e-05,2.22589993160195e-07,0.000527334798734569,2.41618501423595e-08,5.72405708377659e-05,-3.93557676341695e-07,0.000363561218430161
44856.5546287376,-5.04948685476049e-07,8.24506695381288e-05,2.19534660993524e-07,0.000523702796564682,2.3830192937204e-08,5.68463290373044e-05,-3.88155219950978e-07,0.000361057243965936
45167.641492535,-4.98017217564138e-07,8.18828291529385e-05,2.16521263994018e-07,0.000520095810314431,2.35030879411706e-08,5.64548026142442e-05,-3.82826923775428e-07,0.000358570515107451
45480.8857899031,-4.91180896668467e-07,8.13188991073896e-05,2.1354922667794e-07,0.000516513667670544,2.3180472679821e-08,5.60659728650378e-05,-3.77571769822981e-07,0.000356100913082255
45796.3024829641,-4.84438416770888e-07,8.07588524816782e-05,2.10617981456657e-07,0.00051295619750692,2.28622855359087e-08,5.56798212149906e-05,-3.72388754075066e-07,0.00035364831993583
46113.9066376045,-4.77788489778779e-07,8.02026625411576e-05,2.07726968528398e-07,0.000509423229876458,2.25484657376233e-08,5.52963292173739e-05,-3.67276886294828e-07,0.000351212618525964
46433.713424195,-4.71229845279021e-07,7.96503027350671e-05,2.04875635771475e-07,0.000505914596002919,2.22389533469957e-08,5.49154785525415e-05,-3.62235189837947e-07,0.000348793692517155
46755.7381183149,-4.647612302954e-07,7.91017466952716e-05,2.02063438638995e-07,0.000502430128272862,2.19336892484631e-08,5.45372510270551e-05,-3.57262701466081e-07,0.000346391426375063
47079.9961014825,-4.58381409049293e-07,7.85569682350074e-05,1.99289840054982e-07,0.000498969660227617,2.1632615137589e-08,5.41616285728132e-05,-3.5235847116285e-07,0.000344005705360984
47406.5028618884,-4.52089162723672e-07,7.80159413476393e-05,1.96554310311949e-07,0.000495533026555339,2.13356735099395e-08,5.37885932461883e-05,-3.47521561952361e-07,0.000341636415526383
47735.2739951367,-4.45883289230316e-07,7.74786402054234e-05,1.9385632696985e-07,0.000492120063083086,2.1042807650111e-08,5.34181272271677e-05,-3.42751049720207e-07,0.000339283443707442
48066.3252049891,-4.39762602980249e-07,7.69450391582807e-05,1.91195374756438e-07,0.000488730606768984,2.07539616209087e-08,5.30502128185029e-05,-3.38046023036942e-07,0.000336946677519669
48399.6723041153,-4.33725934657292e-07,7.64151127325771e-05,1.8857094546897e-07,0.000485364495694415,2.04690802526726e-08,5.2684832444862e-05,-3.33405582983959e-07,0.000334626005352523
48735.331214848,-4.27772130994756e-07,7.58888356299135e-05,1.85982537877269e-07,0.000482021569056287,2.01881091327514e-08,5.23219686519909e-05,-3.28828842981778e-07,0.00033232131636409
49073.317969944,-4.21900054555168e-07,7.53661827259224e-05,1.83429657628104e-07,0.000478701667159333,1.99109945951186e-08,5.19616041058774e-05,-3.24314928620668e-07,0.000330032500475786
49413.6487133493,-4.1610858351305e-07,7.48471290690742e-05,1.80911817150896e-07,0.000475404631408483,1.96376837101327e-08,5.16037215919235e-05,-3.19862977493615e-07,0.000327759448367111
49756.3397009709,-4.10396611440645e-07,7.43316498794903e-05,1.78428535564697e-07,0.000472130304301274,1.93681242744363e-08,5.12483040141216e-05,-3.15472139031567e-07,0.000325502051470415
50101.4073014524,-4.04763047096616e-07,7.38197205477658e-05,1.75979338586457e-07,0.000468878529420326,1.9102264800995e-08,5.0895334394238e-05,-3.11141574340952e-07,0.00032326020196573
50448.8679969571,-3.99206814217618e-07,7.33113166337986e-05,1.73563758440542e-07,0.00046564915142585,1.88400545092716e-08,5.05447958710003e-05,-3.06870456043414e-07,0.000321033792775607
50798.7383839539,-3.93726851312745e-07,7.28064138656279e-05,1.71181333769491e-07,0.000462442016048238,1.85814433155355e-08,5.01966716992921e-05,-3.02657968117759e-07,0.000318822717560016
51151.0351740109,-3.8832211146079e-07,7.23049881382794e-05,1.68831609545998e-07,0.000459256970080668,1.83263818233052e-08,4.98509452493519e-05,-2.98503305744065e-07,0.000316626870711261
51505.7751945938,-3.82991562110291e-07,7.18070155126194e-05,1.66514136986098e-07,0.00045609386137179,1.8074821313921e-08,4.95076000059783e-05,-2.94405675149932e-07,0.000314446147348938
51862.9753898685,-3.7773418488232e-07,7.13124722142164e-05,1.64228473463549e-07,0.000452952538818449,1.78267137372481e-08,4.91666195677406e-05,-2.90364293458845e-07,0.000312280443314933
52222.6528215118,-3.72548975375971e-07,7.08213346322096e-05,1.61974182425371e-07,0.000449832852358456,1.75820117025056e-08,4.88279876461944e-05,-2.86378388540611e-07,0.00031012965516844
52584.8246695256,-3.67434942976533e-07,7.03335793181869e-05,1.59750833308565e-07,0.000446734652963421,1.73406684692227e-08,4.84916880651035e-05,-2.82447198863863e-07,0.000307993680181031
52949.5082330576,-3.62391110666271e-07,6.98491829850683e-05,1.57558001457952e-07,0.000443657792631616,1.71026379383179e-08,4.81577047596657e-05,-2.78569973350566e-07,0.000305872416331743
53316.7209312277,-3.5741651483783e-07,6.93681225059996e-05,1.55395268045151e-07,0.00044060212438091,1.68678746433008e-08,4.7826021775746e-05,-2.74745971232547e-07,0.000303765762302212
53686.4803039601,-3.52510205110178e-07,6.88903749132508e-05,1.53262219988661e-07,0.000437567502241734,1.66363337415943e-08,4.74966232691128e-05,-2.70974461909968e-07,0.000301673617471831
54058.8040128205,-3.47671244147089e-07,6.84159173971244e-05,1.51158449875044e-07,0.000434553781250109,1.64079710059766e-08,4.71694935046815e-05,-2.67254724811764e-07,0.000299595881912951
54433.709841861,-3.42898707478103e-07,6.79447273048694e-05,1.49083555881179e-07,0.000431560817440706,1.61827428161389e-08,4.68446168557614e-05,-2.63586049257976e-07,0.000297532456386103
54811.215698468,-3.38191683321957e-07,6.74767821396042e-05,1.47037141697591e-07,0.000428588467839973,1.59606061503606e-08,4.65219778033097e-05,-2.59967734323994e-07,0.000295483242335265
55191.3396142186,-3.33549272412429e-07,6.70120595592454e-05,1.45018816452824e-07,0.000425636590459292,1.57415185772973e-08,4.62015609351885e-05,-2.56399088706643e-07,0.000293448141883153
55574.0997457415,-3.28970587826578e-07,6.65505373754455e-05,1.43028194638855e-07,0.000422705044288195,1.55254382478822e-08,4.58833509454296e-05,-2.52879430592126e-07,0.000291427057826548
55959.5143755845,-3.24454754815331e-07,6.60921935525359e-05,1.41064896037525e-07,0.00041979368928762,1.53123238873377e-08,4.55673326335011e-05,-2.49408087525761e-07,0.000289419893631654
56347.6019130871,-3.20000910636409e-07,6.56370062064795e-05,1.39128545647986e-07,0.000416902386383221,1.5102134787298e-08,4.52534909035824e-05,-2.45984396283524e-07,0.000287426553429489
56738.380895261,-3.15608204389533e-07,6.51849536038279e-05,1.37218773615133e-07,0.000414030997458712,1.48948307980374e-08,4.49418107638418e-05,-2.4260770274534e-07,0.000285446942011309
57131.8699876742,-3.11275796853899e-07,6.47360141606881e-05,1.35335215159024e-07,0.000411179385349269,1.46903723208078e-08,4.46322773257201e-05,-2.39277361770124e-07,0.000283480964824058
57528.0879853436,-3.07002860327876e-07,6.42901664416941e-05,1.33477510505264e-07,0.000408347413834974,1.4488720300279e-08,4.43248758032187e-05,-2.35992737072527e-07,0.000281528527965857
57927.053813632,-3.02788578470916e-07,6.38473891589878e-05,1.31645304816347e-07,0.000405534947634298,1.42898362170838e-08,4.40195915121936e-05,-2.32753201101389e-07,0.000279589538181516
58328.7865291527,-2.98632146147616e-07,6.34076611712042e-05,1.29838248123932e-07,0.000402741852397639,1.40936820804654e-08,4.37164098696524e-05,-2.29558134919836e-07,0.000277663902858084
58733.3053206791,-2.94532769273939e-07,6.29709614824667e-05,1.28055995262056e-07,0.000399967994700898,1.39002204210249e-08,4.34153163930586e-05,-2.26406928087053e-07,0.000275751530020427
59140.6295100621,-2.90489664665523e-07,6.25372692413857e-05,1.26298205801252e-07,0.000397213242039097,1.37094142835689e-08,4.3116296699638e-05,-2.23298978541652e-07,0.000273852328326833
59550.7785531519,-2.86502059888101e-07,6.21065637400677e-05,1.24564543983585e-07,0.000394477462820052,1.35212272200547e-08,4.28193365056928e-05,-2.20233692486659e-07,0.000271966207064653
59963.7720407286,-2.82569193109938e-07,6.16788244131275e-05,1.22854678658559e-07,0.000391760526358077,1.33356232826326e-08,4.25244216259171e-05,-2.17210484276069e-07,0.000270093076145967
60379.6296994364,-2.78690312956328e-07,6.12540308367112e-05,1.21168283219923e-07,0.000389062302867741,1.31525670167834e-08,4.22315379727209e-05,-2.14228776302971e-07,0.000268232846103286
60798.3713927276,-2.74864678366058e-07,6.08321627275214e-05,1.19505035543327e-07,0.000386382663457658,1.297202345455e-08,4.19406715555548e-05,-2.11287998889187e-07,0.000266385428085274
61220.0171218097,-2.71091558449867e-07,6.04131999418533e-05,1.17864617924843e-07,0.000383721480124334,1.27939581078618e-08,4.1651808480243e-05,-2.08387590176452e-07,0.000264550733852512
61644.5870266023,-2.67370232350824e-07,5.99971224746343e-05,1.1624671702032e-07,0.000381078625746042,1.26183369619509e-08,4.13649349483182e-05,-2.05526996019063e-07,0.000262728675773276
62072.1013866976,-2.63699989106642e-07,5.95839104584719e-05,1.14651023785582e-07,0.000378453974076751,1.24451264688581e-08,4.10800372563627e-05,-2.02705669878024e-07,0.000260919166819361
62502.5806223305,-2.60080127513868e-07,5.91735441627071e-05,1.13077233417435e-07,0.000375847399740083,1.22742935410283e-08,4.07971017953529e-05,-1.99923072716619e-07,0.000259122120561919
62936.0452953524,-2.56509955993945e-07,5.87660039924755e-05,1.11525045295487e-07,0.000373258778223333,1.2105805544994e-08,4.05161150500096e-05,-1.97178672897449e-07,0.000257337451167336
63372.5161102152,-2.52988792461102e-07,5.83612704877729e-05,1.09994162924767e-07,0.000370687985871505,1.19396302951444e-08,4.02370635981514e-05,-1.94471946080849e-07,0.000255565073393128
63812.0139149584,-2.49515964192075e-07,5.79593243225297e-05,1.08484293879128e-07,0.000368134899881408,1.17757360475811e-08,3.99599341100537e-05,-1.91802375124728e-07,0.000253804902583876
64254.5597022062,-2.46090807697589e-07,5.75601463036893e-05,1.06995149745429e-07,0.000365599398295785,1.16140914940575e-08,3.96847133478114e-05,-1.89169449985761e-07,0.000252056854667179
64700.1746101695,-2.42712668595635e-07,5.71637173702947e-05,1.05526446068479e-07,0.000363081359997486,1.14546657560013e-08,3.94113881647063e-05,-1.8657266762196e-07,0.000250320846149642
65148.8799236562,-2.39380901486456e-07,5.67700185925798e-05,1.04077902296737e-07,0.000360580664703674,1.12974283786191e-08,3.91399455045788e-05,-1.84011531896556e-07,0.000248596794112888
65600.697075087,-2.36094869829275e-07,5.63790311710687e-05,1.02649241728759e-07,0.000358097192960082,1.11423493250818e-08,3.88703724012041e-05,-1.81485553483225e-07,0.000246884616209598
66055.6476455202,-2.32853945820691e-07,5.59907364356788e-05,1.01240191460376e-07,0.000355630826135298,1.09893989707897e-08,3.86026559776723e-05,-1.78994249772597e-07,0.000245184230659579
66513.7533656814,-2.29657510274764e-07,5.56051158448326e-05,9.98504823325966e-08,0.000353181446415099,1.08385480977166e-08,3.83367834457732e-05,-1.76537144780063e-07,0.000243495556245858
66975.0361170023,-2.26504952504731e-07,5.52221509845734e-05,9.84798488802259e-08,0.000350748936796818,1.06897678888306e-08,3.80727421053848e-05,-1.74113769054829e-07,0.000241818512310804
67439.5179326655,-2.23395670206356e-07,5.48418235676887e-05,9.71280292811889e-08,0.000348333181083754,1.05430299225927e-08,3.78105193438672e-05,-1.71723659590241e-07,0.000240153018752276
67907.2209986571,-2.20329069342871e-07,5.44641154328384e-05,9.57947653065443e-08,0.000345934063879615,1.03983061675296e-08,3.75501026354586e-05,-1.69366359735316e-07,0.000238498996019799
68378.167654826,-2.17304564031505e-07,5.408900854369e-05,9.44798022711916e-08,0.000343551470583007,1.02555689768818e-08,3.72914795406781e-05,-1.67041419107514e-07,0.000236856365110764
68852.3803959518,-2.14321576431563e-07,5.37164849880583e-05,9.31828889852454e-08,0.000341185287381953,1.01147910833244e-08,3.70346377057301e-05,-1.64748393506681e-07,0.000235225047566652
69329.8818728181,-2.11379536634047e-07,5.33465269770533e-05,9.19037777060843e-08,0.000338835401248456,9.97594559376139e-09,3.67795648619145e-05,-1.62486844830193e-07,0.000233604965469295
69810.6948932956,-2.08477882552788e-07,5.29791168442309e-05,9.06422240910507e-08,0.000336501699933096,9.83900598418981e-09,3.65262488250404e-05,-1.60256340989256e-07,0.000231996041437147
70294.8424234306,-2.05616059817072e-07,5.26142370447526e-05,8.93979871508058e-08,0.000334184071959668,9.70394609463587e-09,3.62746774948437e-05,-1.58056455826357e-07,0.000230398198621594
70782.3475885425,-2.02793521665741e-07,5.22518701545482e-05,8.81708292033171e-08,0.00033188240661985,9.57074012415937e-09,3.60248388544089e-05,-1.55886769033841e-07,0.000228811360703281
71273.2336743282,-2.00009728842751e-07,5.18919988694861e-05,8.69605158284842e-08,0.000329596593967916,9.43936262592749e-09,3.57767209695949e-05,-1.53746866073623e-07,0.000227235451888469
71767.5241279742,-1.97264149494151e-07,5.15346060045483e-05,8.57668158233801e-08,0.000327326524815477,9.30978850235544e-09,3.55303119884647e-05,-1.51636338097981e-07,0.000225670396905414
72265.2425592773,-1.94556259066491e-07,5.11796744930116e-05,8.4589501158111e-08,0.000325072090726268,9.18199300031426e-09,3.5285600140719e-05,-1.49554781871451e-07,0.000224116121000774
72766.4127417709,-1.91885540206618e-07,5.08271873856344e-05,8.34283469322808e-08,0.000322833184010966,9.05595170640426e-09,3.50425737371337e-05,-1.47501799693791e-07,0.000222572549936037
73271.058613862,-1.89251482662842e-07,5.04771278498481e-05,8.22831313320492e-08,0.000320609697722034,8.93164054229303e-09,3.48012211690015e-05,-1.45476999323993e-07,0.000221039609983979
73779.2042799737,-1.86653583187465e-07,5.01294791689557e-05,8.11536355877848e-08,0.000318401525648626,8.80903576011785e-09,3.45615309075771e-05,-1.43479993905356e-07,0.000219517227925137
74290.8740116972,-1.84091345440648e-07,4.97842247413343e-05,8.00396439322912e-08,0.000316208562311495,8.6881139379505e-09,3.43234915035261e-05,-1.41510401891568e-07,0.000218005331044321
74806.0922489501,-1.81564279895594e-07,4.94413480796445e-05,7.89409435596148e-08,0.000314030702957963,8.56885197532523e-09,3.40870915863784e-05,-1.39567846973817e-07,0.000216503847127133
75324.8836011454,-1.7907190374503e-07,4.91008328100434e-05,7.78573245844088e-08,0.000311867843556912,8.45122708882698e-09,3.38523198639841e-05,-1.37651958008896e-07,0.000215012704456523
75847.2728483651,-1.76613740808981e-07,4.87626626714055e-05,7.67885800018624e-08,0.000309719880793813,8.33521680774111e-09,3.36191651219748e-05,-1.35762368948296e-07,0.000213531831809362
76373.2849425456,-1.74189321443803e-07,4.84268215145461e-05,7.57345056481729e-08,0.000307586712065783,8.22079896976204e-09,3.33876162232269e-05,-1.3389871876827e-07,0.000212061158453043
76902.9450086679,-1.71798182452464e-07,4.80932933014527e-05,7.46949001615658e-08,0.000305468235476693,8.10795171676134e-09,3.31576621073301e-05,-1.32060651400865e-07,0.000210600614142102
77436.2783459591,-1.69439866996061e-07,4.77620621045193e-05,7.36695649438437e-08,0.000303364349832289,7.99665349061341e-09,3.29292917900584e-05,-1.30247815665887e-07,0.000209150129114858
77973.3104290997,-1.6711392450655e-07,4.74331121057881e-05,7.26583041224689e-08,0.000301274954635363,7.88688302907877e-09,3.27024943628457e-05,-1.28459865203817e-07,0.000207709634090093
78514.0669094413,-1.64819910600667e-07,4.71064275961947e-05,7.16609245131592e-08,0.000299199950080942,7.77861936174352e-09,3.2477258992264e-05,-1.26696458409629e-07,0.00020627906026373
79058.5736162311,-1.62557386995043e-07,4.67819929748192e-05,7.06772355830041e-08,0.00029713923705153,7.67184180601496e-09,3.22535749195064e-05,-1.24957258367536e-07,0.000204858339305558
79606.8565578463,-1.60325921422471e-07,4.64597927481428e-05,6.97070494140797e-08,0.000295092717112361,7.56652996317146e-09,3.20314314598725e-05,-1.23241932786611e-07,0.000203447403355963
80158.9419230357,-1.58125087549334e-07,4.61398115293087e-05,6.87501806675686e-08,0.000293060292506704,7.46266371446725e-09,3.18108180022579e-05,-1.21550153937314e-07,0.000202046185022687
80714.8560821713,-1.55954464894155e-07,4.58220340373884e-05,6.78064465483677e-08,0.000291041866151183,7.36022321729007e-09,3.15917240086476e-05,-1.19881598588867e-07,0.000200654617377612
81274.6255885071,-1.53813638747274e-07,4.55064450966537e-05,6.68756667701848e-08,0.000289037341631147,7.25918890137195e-09,3.13741390136122e-05,-1.1823594794751e-07,0.000199272633953563
81838.2771794484,-1.51702200091621e-07,4.51930296358522e-05,6.59576635211106e-08,0.000287046623196053,7.15954146505164e-09,3.11580526238074e-05,-1.1661288759559e-07,0.000197900168741132
82405.8377778279,-1.49619745524584e-07,4.48817726874894e-05,6.50522614296666e-08,0.000285069615754901,7.06126187158856e-09,3.09434545174785e-05,-1.15012107431492e-07,0.000196537156185528
82977.3344931927,-1.47565877180938e-07,4.45726593871145e-05,6.4159287531315e-08,0.000283106224871681,6.96433134552718e-09,3.07303344439661e-05,-1.13433301610391e-07,0.000195183531183444
83552.7946230977,-1.45540202656844e-07,4.42656749726119e-05,6.32785712354318e-08,0.000281156356760867,6.86873136911139e-09,3.05186822232169e-05,-1.11876168485825e-07,0.00019383922907995
84132.2456544116,-1.43542334934882e-07,4.3960804783497e-05,6.24099442927287e-08,0.000279219918282931,6.77444367874789e-09,3.03084877452971e-05,-1.10340410552059e-07,0.000192504185665402
84715.7152646274,-1.41571892310116e-07,4.36580342602173e-05,6.15532407631269e-08,0.000277296816939895,6.68145026151835e-09,3.00997409699097e-05,-1.08825734387251e-07,0.000191178337172379
85303.2313231867,-1.39628498317177e-07,4.33573489434578e-05,6.0708296984066e-08,0.000275386960870911,6.58973335173912e-09,2.9892431925914e-05,-1.07331850597387e-07,0.000189861620272634
85894.8218928089,-1.37711781658343e-07,4.30587344734517e-05,5.98749515392532e-08,0.00027349025884787,6.49927542756846e-09,2.96865507108501e-05,-1.05858473760999e-07,0.000188553972074075
86490.5152308334,-1.35821376132603e-07,4.27621765892955e-05,5.90530452278359e-08,0.000271606620271046,6.41005920766e-09,2.9482087490465e-05,-1.04405322374625e-07,0.000187255330117755
87090.3397905676,-1.33956920565707e-07,4.24676611282687e-05,5.82424210340025e-08,0.000269735955164764,6.32206764786241e-09,2.92790324982434e-05,-1.02972118799038e-07,0.000185965632374891
87694.3242226474,-1.32118058741156e-07,4.21751740251585e-05,5.74429240969948e-08,0.000267878174173099,6.23528393796409e-09,2.90773760349403e-05,-1.01558589206191e-07,0.000184684817243905
88302.4973764047,-1.30304439332162e-07,4.18847013115891e-05,5.6654401681537e-08,0.000266033188555614,6.1496914984828e-09,2.88771084681185e-05,-1.0016446352691e-07,0.000183412823547479
88914.8883012464,-1.28515715834522e-07,4.15962291153551e-05,5.58767031486659e-08,0.00026420091018311,6.06527397749896e-09,2.86782202316872e-05,-9.87894753992908e-08,0.000182149590529631
89531.5262480405,-1.26751546500431e-07,4.13097436597602e-05,5.51096799269647e-08,0.000262381251533423,5.98201524753287e-09,2.84807018254462e-05,-9.74333621178126e-08,0.00018089505785282
90152.440670515,-1.25011594273184e-07,4.10252312629599e-05,5.43531854841885e-08,0.000260574125687238,5.8998994024643e-09,2.82845438146311e-05,-9.60958645831455e-08,0.000179649165595056
90777.661226663,-1.23295526722793e-07,4.07426783373091e-05,5.36070752992823e-08,0.000258779446323937,5.81891075449477e-09,2.8089736829463e-05,-9.47767272526504e-08,0.000178411854247046
91407.217780161,-1.21603015982473e-07,4.04620713887137e-05,5.28712068347795e-08,0.000256997127717473,5.73903383115111e-09,2.78962715647004e-05,-9.34756980915541e-08,0.000177183064709347
92041.1404017939,-1.19933738686014e-07,4.01833970159872e-05,5.21454395095817e-08,0.000255227084732278,5.66025337233051e-09,2.77041387791952e-05,-9.21925285247998e-08,0.000175962738289544
92679.4593708925,-1.18287375905993e-07,3.99066419102113e-05,5.14296346721101e-08,0.00025346923281919,5.5825543273858e-09,2.75133292954506e-05,-9.09269733895528e-08,0.000174750816699449
93322.2051767786,-1.1666361309286e-07,3.96317928541012e-05,5.07236555738275e-08,0.000251723488011416,5.505921852251e-09,2.73238339991829e-05,-8.96787908883643e-08,0.000173547242052315
93969.4085202226,-1.15062140014832e-07,3.93588367213749e-05,5.002736734312e-08,0.000249989766920522,5.43034130660598e-09,2.7135643838886e-05,-8.84477425429719e-08,0.000172351956860072
94621.1003149089,-1.13482650698636e-07,3.90877604761273e-05,4.93406369595414e-08,0.000248267986732443,5.35579825108042e-09,2.69487498253992e-05,-8.723359314874e-08,0.000171164904030583
95277.3116889132,-1.11924843371049e-07,3.88185511722079e-05,4.86633332284068e-08,0.000246558065203532,5.28227844449576e-09,2.67631430314771e-05,-8.60361107297202e-08,0.000169986026864914
95938.0739861886,-1.10388420401249e-07,3.85511959526039e-05,4.79953267557383e-08,0.000244859920656629,5.20976784114526e-09,2.65788145913638e-05,-8.4855066494334e-08,0.000168815269054629
96603.4187680637,-1.08873088243954e-07,3.82856820488259e-05,4.73364899235512e-08,0.000243173471977153,5.13825258811122e-09,2.63957557003687e-05,-8.36902347916581e-08,0.0001676525746791
97273.3778147489,-1.07378557383343e-07,3.80219967802999e-05,4.66866968654827e-08,0.000241498638609236,5.06771902261917e-09,2.62139576144463e-05,-8.25413930683157e-08,0.000166497888202834
97947.983126856,-1.05904542277745e-07,3.77601275537612e-05,4.60458234427513e-08,0.000239835340551867,4.99815366942811e-09,2.60334116497781e-05,-8.14083218259539e-08,0.000165351154472825
98627.2669269249,-1.04450761305089e-07,3.75000618626544e-05,4.54137472204496e-08,0.000238183498355071,4.92954323825688e-09,2.58541091823583e-05,-8.02908045793093e-08,0.000164212318715915
99311.2616609643,-1.03016936709098e-07,3.72417872865366e-05,4.47903474441594e-08,0.000236543033116115,4.86187462124558e-09,2.56760416475807e-05,-7.91886278148462e-08,0.000163081326536182
100000,-1.01602794546233e-07,3.69852914904844e-05,4.41755050168898e-08,0.000234913866475737,4.79513489045197e-09,2.54992005398308e-05,-7.81015809499648e-08,0.00016195812391234
