Frequency_Hz,Y11_Real,Y11_Imag,Y12_Real,Y12_Imag,Y21_Real,Y21_Imag,Y22_Real,Y22_Imag
0.1,0.601403820733188,-0.00592944629515799,-0.316671257845421,-0.000601428512475969,0.136856219797897,-0.00060162725746517,-0.780494555990842,-5.6672769908693e-05
0.100693514841637,0.601403328091379,-0.0059705896615596,-0.316671361509233,-0.000605605042194458,0.136856293352365,-0.000605807945669959,-0.780495784599072,-5.70061428761121e-05
0.10139183931163,0.60140282853587,-0.00601201881561788,-0.316671466627449,-0.000609810652069502,0.136856367916793,-0.000610017800968658,-0.780497030229535,-5.73405816060718e-05
0.102095006765465,0.601402321968849,-0.00605373574865165,-0.316671573220634,-0.000614045546169877,0.136856443504852,-0.00061425702924498,-0.780498293116974,-5.76760675101498e-05
0.102803050789954,0.6014018082911,-0.00609574246598072,-0.31667168130965,-0.000618309930028978,0.136856520130395,-0.000618525837885071,-0.780499573499336,-5.8012581331153e-05
0.103516005204838,0.601401287401977,-0.00613804098702671,-0.316671790915657,-0.000622604010655984,0.136856597807455,-0.000622824435789432,-0.780500871617821,-5.83501031275122e-05
0.104233904064403,0.601400759199391,-0.00618063334541492,-0.31667190206012,-0.000626927996547123,0.136856676550249,-0.000627153033385005,-0.780502187716919,-5.86886122570518e-05
0.104956781659108,0.601400223579781,-0.00622352158907672,-0.316672014764812,-0.000631282097697034,0.136856756373181,-0.000631511842637342,-0.780503522044459,-5.90280873605104e-05
0.105684672517218,0.601399680438097,-0.00626670778035283,-0.316672129051819,-0.000635666525610227,0.136856837290842,-0.000635901077062901,-0.78050487485165,-5.93685063447827e-05
0.106417611406461,0.601399129667778,-0.00631019399609742,-0.316672244943547,-0.000640081493312639,0.136856919318017,-0.000640320951741455,-0.780506246393129,-5.97098463656839e-05
0.10715563333568,0.601398571160725,-0.006353982327783,-0.31667236246272,-0.000644527215363313,0.136857002469681,-0.000644771683328634,-0.780507636927005,-6.00520838104218e-05
0.107898773556513,0.601398004807284,-0.00639807488160599,-0.316672481632394,-0.000649003907866142,0.136857086761006,-0.000649253490068563,-0.780509046714905,-6.03951942796874e-05
0.108647067565072,0.601397430496217,-0.00644247377859341,-0.316672602475953,-0.000653511788481765,0.136857172207361,-0.000653766591806651,-0.780510476022023,-6.07391525693571e-05
0.109400551103639,0.601396848114686,-0.00648718115470995,-0.31667272501712,-0.000658051076439517,0.136857258824315,-0.000658311210002478,-0.780511925117165,-6.10839326517856e-05
0.110159260162376,0.60139625754822,-0.0065321991609664,-0.316672849279961,-0.000662621992549536,0.136857346627642,-0.000662887567742837,-0.7805133942728,-6.1429507656717e-05
0.11092323098104,0.601395658680699,-0.00657752996352839,-0.316672975288887,-0.000667224759214941,0.136857435633318,-0.000667495889754868,-0.780514883765105,-6.17758498518001e-05
0.111692500050717,0.601395051394325,-0.00662317574382635,-0.316673103068663,-0.000671859600444126,0.136857525857529,-0.000672136402419342,-0.780516393874019,-6.21229306227156e-05
0.112467104115564,0.601394435569595,-0.0066691386986662,-0.316673232644409,-0.00067652674186319,0.136857617316668,-0.00067680933378409,-0.780517924883288,-6.2470720452748e-05
0.113247080174565,0.601393811085284,-0.00671542104034088,-0.316673364041611,-0.000681226410728432,0.136857710027344,-0.000681514913577523,-0.78051947708052,-6.28191889021634e-05
0.114032465483296,0.601393177818409,-0.00676202499674271,-0.316673497286121,-0.000685958835939014,0.136857804006378,-0.000686253373222318,-0.780521050757233,-6.31683045869275e-05
0.114823297555707,0.601392535644208,-0.00680895281147671,-0.316673632404165,-0.000690724248049671,0.136857899270811,-0.000691024945849227,-0.78052264620891,-6.35180351570841e-05
0.115619614165913,0.601391884436114,-0.00685620674397481,-0.316673769422351,-0.000695522879283614,0.136857995837903,-0.000695829866311036,-0.780524263735047,-6.38683472746274e-05
0.116421453349997,0.601391224065727,-0.0069037890696109,-0.316673908367668,-0.000700354963545482,0.136858093725135,-0.000700668371196646,-0.78052590363921,-6.42192065909708e-05
0.117228853407829,0.601390554402785,-0.00695170207981675,-0.316674049267498,-0.00070522073643445,0.136858192950218,-0.000705540698845298,-0.780527566229091,-6.45705777238825e-05
0.118041852904894,0.601389875315137,-0.00699994808219889,-0.31667419214962,-0.000710120435257444,0.136858293531085,-0.000710447089360942,-0.780529251816554,-6.49224242339833e-05
0.118860490674132,0.601389186668717,-0.00704852940065642,-0.316674337042215,-0.000715054299042478,0.136858395485904,-0.000715387784626766,-0.780530960717699,-6.52747086006475e-05
0.1196848058178,0.60138848832751,-0.00709744837549969,-0.316674483973872,-0.000720022568552106,0.136858498833075,-0.000720363028319848,-0.780532693252915,-6.56273921975578e-05
0.120514837709331,0.601387780153529,-0.00714670736356994,-0.316674632973595,-0.000725025486297019,0.136858603591234,-0.000725373065925956,-0.780534449746934,-6.59804352676346e-05
0.12135062599522,0.60138706200678,-0.00719630873835992,-0.31667478407081,-0.000730063296549738,0.136858709779255,-0.000730418144754532,-0.780536230528891,-6.6333796897404e-05
0.122192210596917,0.601386333745234,-0.00724625489013534,-0.31667493729537,-0.000735136245358455,0.136858817416255,-0.000735498513953774,-0.780538035932383,-6.66874349909974e-05
0.123039631712731,0.601385595224797,-0.00729654822605739,-0.316675092677562,-0.000740244580560987,0.136858926521595,-0.000740614424525919,-0.780539866295524,-6.70413062433747e-05
0.123892929819754,0.601384846299277,-0.00734719117030618,-0.316675250248111,-0.000745388551798877,0.136859037114881,-0.000745766129342665,-0.780541721961008,-6.73953661131932e-05
0.124752145675793,0.601384086820354,-0.00739818616420519,-0.316675410038193,-0.000750568410531601,0.136859149215972,-0.000750953883160733,-0.780543603276168,-6.774956879501e-05
0.125617320321316,0.601383316637547,-0.0074495356663466,-0.316675572079435,-0.000755784410050928,0.136859262844978,-0.000756177942637618,-0.780545510593036,-6.81038671908954e-05
0.126488495081411,0.601382535598181,-0.00750124215271776,-0.316675736403926,-0.000761036805495409,0.136859378022264,-0.00076143856634749,-0.780547444268405,-6.8458212881449e-05
0.127365711567764,0.601381743547355,-0.00755330811682856,-0.31667590304422,-0.000766325853864992,0.136859494768456,-0.000766736014797254,-0.780549404663894,-6.88125560963371e-05
0.128249011680643,0.601380940327905,-0.00760573606983979,-0.316676072033349,-0.000771651814035782,0.136859613104438,-0.000772070550442781,-0.780551392146007,-6.9166845683942e-05
0.129138437610901,0.601380125780374,-0.00765852854069257,-0.316676243404825,-0.000777014946774941,0.136859733051361,-0.000777442437705301,-0.780553407086201,-6.95210290807408e-05
0.130034031841991,0.601379299742976,-0.0077116880762389,-0.316676417192651,-0.000782415514755722,0.136859854630643,-0.000782851942987996,-0.780555449860947,-6.98750522796845e-05
0.130935837151994,0.601378462051556,-0.00776521724137303,-0.316676593431323,-0.000787853782572642,0.136859977863971,-0.000788299334692714,-0.780557520851798,-7.02288597982034e-05
0.131843896615665,0.601377612539561,-0.00781911861916399,-0.316676772155846,-0.000793330016756816,0.136860102773306,-0.000793784883236897,-0.780559620445456,-7.05823946453923e-05
0.132758253606487,0.601376751037999,-0.00787339481098926,-0.316676953401733,-0.000798844485791418,0.136860229380886,-0.000799308861070691,-0.780561749033836,-7.09355982885448e-05
0.133678951798747,0.601375877375402,-0.00792804843666939,-0.316677137205018,-0.000804397460127293,0.136860357709227,-0.000804871542694202,-0.780563907014137,-7.12884106190206e-05
0.134606035169616,0.60137499137779,-0.00798308213460363,-0.316677323602263,-0.000809989212198708,0.136860487781127,-0.000810473204674962,-0.780566094788909,-7.16407699173569e-05
0.135539548001256,0.601374092868631,-0.00803849856190688,-0.316677512630565,-0.000815620016439283,0.136860619619673,-0.000816114125665573,-0.780568312766125,-7.19926128176923e-05
0.136479534882933,0.601373181668802,-0.00809430039454754,-0.316677704327566,-0.000821290149298051,0.136860753248236,-0.000821794586421543,-0.780570561359245,-7.23438742714425e-05
0.137426040713143,0.601372257596552,-0.00815049032748652,-0.316677898731459,-0.000826999889255671,0.136860888690481,-0.000827514869819285,-0.780572840987298,-7.2694487510308e-05
0.138379110701763,0.601371320467455,-0.0082070710748173,-0.316678095880999,-0.000832749516840797,0.136861025970368,-0.000833275260874356,-0.780575152074944,-7.30443840082501e-05
0.139338790372205,0.60137037009438,-0.00826404536990731,-0.316678295815508,-0.000838539314646615,0.136861165112155,-0.000839076046759845,-0.780577495052552,-7.33934934430414e-05
0.140305125563594,0.601369406287436,-0.00832141596554019,-0.316678498574888,-0.000844369567347538,0.136861306140399,-0.000844917516824985,-0.780579870356273,-7.37417436567772e-05
0.141278162432955,0.601368428853941,-0.00837918563405937,-0.316678704199628,-0.000850240561716052,0.136861449079963,-0.000850799962613959,-0.780582278428114,-7.4089060615623e-05
0.14225794745742,0.601367437598373,-0.00843735716751279,-0.316678912730812,-0.00085615258663973,0.136861593956019,-0.000856723677884907,-0.780584719716016,-7.44353683687499e-05
0.143244527436446,0.601366432322326,-0.00849593337779864,-0.316679124210129,-0.00086210593313841,0.136861740794048,-0.000862688958629132,-0.780587194673925,-7.47805890065276e-05
0.14423794949405,0.601365412824469,-0.00855491709681244,-0.316679338679883,-0.000868100894381545,0.136861889619843,-0.000868696103090533,-0.780589703761878,-7.51246426175245e-05
0.145238261081064,0.6013643789005,-0.00861431117659538,-0.316679556183001,-0.000874137765705735,0.136862040459519,-0.000874745411785243,-0.780592247446072,-7.54674472451325e-05
0.146245509977397,0.601363330343094,-0.00867411848948341,-0.316679776763047,-0.000880216844632374,0.136862193339507,-0.000880837187521443,-0.78059482619895,-7.58089188428179e-05
0.147259744294318,0.601362266941867,-0.00873434192825823,-0.316680000464223,-0.000886338430885557,0.136862348286565,-0.000886971735419479,-0.780597440499278,-7.61489712286859e-05
0.148281012476756,0.601361188483318,-0.00879498440629884,-0.31668022733139,-0.000892502826410091,0.136862505327776,-0.000893149362932102,-0.780600090832226,-7.64875160391559e-05
0.149309363305612,0.601360094750788,-0.00885604885773472,-0.316680457410068,-0.000898710335389697,0.136862664490555,-0.000899370379864991,-0.780602777689453,-7.68244626815559e-05
0.150344845900091,0.601358985524406,-0.00891753823760012,-0.316680690746453,-0.000904961264265432,0.13686282580265,-0.000905635098397489,-0.780605501569185,-7.71597182857853e-05
0.151387509720044,0.601357860581043,-0.0089794555219897,-0.316680927387425,-0.000911255921754251,0.136862989292145,-0.000911943833103571,-0.780608262976304,-7.74931876551324e-05
0.152437404568337,0.601356719694259,-0.00904180370821524,-0.31668116738056,-0.000917594618867764,0.136863154987466,-0.000918296900973031,-0.780611062422429,-7.78247732156831e-05
0.153494580593225,0.601355562634251,-0.0091045858149637,-0.316681410774138,-0.000923977668931164,0.136863322917382,-0.000924694621432901,-0.780613900426003,-7.81543749652988e-05
0.154559088290748,0.601354389167801,-0.00916780488245685,-0.316681657617158,-0.0009304053876024,0.136863493111009,-0.000931137316369151,-0.780616777512381,-7.84818904210338e-05
0.155630978507143,0.601353199058225,-0.00923146397261161,-0.316681907959344,-0.000936878092891465,0.136863665597815,-0.000937625310148565,-0.780619694213918,-7.8807214565671e-05
0.156710302441275,0.601351992065315,-0.00929556616920238,-0.316682161851162,-0.000943396105179933,0.13686384040762,-0.000944158929640928,-0.780622651070055,-7.9130239793293e-05
0.15779711164708,0.601350767945285,-0.00936011457802412,-0.316682419343829,-0.000949959747240654,0.136864017570602,-0.000950738504241411,-0.780625648627411,-7.94508558534454e-05
0.158891458036027,0.601349526450716,-0.00942511232705711,-0.316682680489324,-0.000956569344257684,0.1368641971173,-0.000957364365893237,-0.780628687439873,-7.97689497944939e-05
0.159993393879601,0.6013482673305,-0.00949056256663295,-0.3166829453404,-0.000963225223846379,0.136864379078617,-0.000964036849110594,-0.780631768068689,-8.00844059056158e-05
0.161102971811794,0.601346990329776,-0.00955646846960186,-0.3166832139506,-0.00096992771607372,0.136864563485822,-0.000970756291001801,-0.78063489108256,-8.0397105657673e-05
0.162220244831628,0.601345695189879,-0.00962283323150136,-0.316683486374262,-0.000976677153478804,0.136864750370557,-0.000977523031292741,-0.780638057057731,-8.07069276428651e-05
0.163345266305675,0.601344381648274,-0.00968966007072665,-0.316683762666541,-0.000983473871093622,0.136864939764837,-0.000984337412350581,-0.780641266578093,-8.10137475132575e-05
0.164478089970617,0.601343049438499,-0.00975695222870171,-0.316684042883413,-0.000990318206463919,0.136865131701056,-0.000991199779207716,-0.780644520235273,-8.13174379178799e-05
0.165618769935804,0.601341698290099,-0.00982471297005257,-0.316684327081694,-0.00099721049967042,0.136865326211988,-0.000998110479586031,-0.78064781862873,-8.16178684387853e-05
0.166767360685846,0.601340327928566,-0.00989294558278139,-0.31668461531905,-0.00100415109335013,0.136865523330791,-0.00100506986392143,-0.780651162365861,-8.19149055255389e-05
0.167923917083208,0.601338938075274,-0.00996165337844231,-0.316684907654012,-0.00101114033271794,0.136865723091011,-0.00101207828538859,-0.78065455206209,-8.22084124287373e-05
0.169088494370839,0.601337528447412,-0.0100308396923188,-0.31668520414599,-0.00101817856558845,0.136865925526588,-0.00101913609992612,-0.780657988340976,-8.24982491318335e-05
0.170261148174801,0.601336098757921,-0.010100507883602,-0.316685504855285,-0.00102526614239794,0.136866130671853,-0.0010262436662619,-0.78066147183431,-8.27842722817274e-05
0.171441934506935,0.601334648715423,-0.0101706613355712,-0.316685809843107,-0.00103240341622666,0.136866338561538,-0.00103340134593874,-0.780665003182219,-8.30663351181482e-05
0.172630909767531,0.601333178024152,-0.0102413034557753,-0.316686119171584,-0.0010395907428213,0.136866549230774,-0.00104060950334039,-0.78066858303327,-8.33442874012408e-05
0.173828130748022,0.601331686383889,-0.0103124376762158,-0.316686432903782,-0.00104682848061767,0.136866762715098,-0.00104786850571774,-0.780672212044573,-8.3617975337999e-05
0.1750336546337,0.601330173489886,-0.0103840674535317,-0.316686751103716,-0.0010541169907637,0.136866979050456,-0.00105517872321547,-0.780675890881887,-8.38872415072217e-05
0.176247539006444,0.601328639032795,-0.0104561962691855,-0.316687073836369,-0.00106145663714257,0.136867198273204,-0.00106254052889888,-0.780679620219728,-8.41519247825606e-05
0.177469841847474,0.601327082698594,-0.0105288276296507,-0.316687401167703,-0.00106884778639614,0.136867420420113,-0.00106995429878113,-0.780683400741476,-8.44118602546795e-05
0.178700621540116,0.601325504168513,-0.0106019650666015,-0.31668773316468,-0.00107629080794861,0.136867645528373,-0.00107742041185071,-0.780687233139483,-8.46668791512767e-05
0.179939936872594,0.60132390311896,-0.0106756121371032,-0.316688069895272,-0.00108378607403047,0.136867873635595,-0.00108493925009929,-0.780691118115186,-8.49168087559415e-05
0.181187847040838,0.601322279221438,-0.0107497724238046,-0.316688411428482,-0.00109133395970257,0.136868104779815,-0.00109251119854993,-0.780695056379215,-8.51614723248739e-05
0.182444411651309,0.601320632142469,-0.0108244495351322,-0.31668875783436,-0.00109893484288061,0.136868338999495,-0.00110013664528553,-0.780699048651508,-8.54006890025905e-05
0.183709690723849,0.601318961543517,-0.0108996471054856,-0.316689109184017,-0.00110658910435975,0.13686857633353,-0.00110781598147764,-0.780703095661422,-8.56342737354382e-05
0.184983744694544,0.6013172670809,-0.0109753687954347,-0.316689465549646,-0.00111429712783956,0.13686881682125,-0.00111554960141574,-0.780707198147852,-8.58620371835955e-05
0.186266634418617,0.601315548405712,-0.0110516182919184,-0.316689827004536,-0.00112205929994918,0.13686906050242,-0.00112333790253661,-0.780711356859341,-8.60837856313662e-05
0.187558421173328,0.601313805163737,-0.0111283993084453,-0.316690193623093,-0.00112987601027275,0.136869307417246,-0.00113118128545432,-0.780715572554203,-8.62993208955304e-05
0.188859166660905,0.601312036995362,-0.0112057155852958,-0.316690565480856,-0.00113774765137518,0.13686955760638,-0.00113908015399043,-0.780719846000634,-8.65084402319471e-05
0.190168933011491,0.601310243535491,-0.0112835708897256,-0.316690942654514,-0.00114567461882803,0.136869811110918,-0.0011470349152045,-0.780724177976842,-8.67109362405333e-05
0.191487782786108,0.601308424413454,-0.0113619690161714,-0.316691325221931,-0.00115365731123587,0.136870067972406,-0.00115504597942514,-0.780728569271154,-8.69065967678412e-05
0.192815778979652,0.60130657925292,-0.011440913786458,-0.316691713262156,-0.00116169613026275,0.136870328232844,-0.00116311376028127,-0.780733020682151,-8.7095204808374e-05
0.194152985023894,0.601304707671799,-0.0115204090500073,-0.316692106855452,-0.00116979148065898,0.136870591934687,-0.00117123867473381,-0.780737533018782,-8.72765384033192e-05
0.195499464790516,0.601302809282155,-0.0116004586840487,-0.316692506083306,-0.00117794377028829,0.136870859120847,-0.00117942114310778,-0.78074210710049,-8.74503705377144e-05
0.196855282594159,0.601300883690107,-0.0116810665938317,-0.316692911028459,-0.0011861534101552,0.136871129834699,-0.00118766158912477,-0.780746743757339,-8.76164690354064e-05
0.198220503195496,0.601298930495729,-0.0117622367128399,-0.316693321774919,-0.0011944208144326,0.136871404120081,-0.00119596043993573,-0.78075144383014,-8.77745964520255e-05
0.199595191804325,0.601296949292957,-0.0118439730030068,-0.316693738407985,-0.00120274640048983,0.136871682021297,-0.00120431812615427,-0.780756208170578,-8.79245099657811e-05
0.200979414082682,0.601294939669485,-0.0119262794549335,-0.316694161014268,-0.00121113058892085,0.136871963583123,-0.00121273508189028,-0.780761037641341,-8.80659612661899e-05
0.202373236147981,0.601292901206663,-0.0120091600881082,-0.316694589681711,-0.00121957380357285,0.136872248850803,-0.00122121174478399,-0.780765933116247,-8.81986964404308e-05
0.203776724576168,0.601290833479392,-0.0120926189511276,-0.316695024499615,-0.00122807647157505,0.136872537870058,-0.00122974855604044,-0.780770895480382,-8.83224558579088e-05
0.205189946404906,0.60128873605602,-0.0121766601219197,-0.316695465558658,-0.00123663902336795,0.136872830687085,-0.00123834596046435,-0.780775925630225,-8.84369740519753e-05
0.206612969136771,0.601286608498232,-0.0122612877079689,-0.316695912950917,-0.0012452618927327,0.13687312734856,-0.00124700440649541,-0.780781024473788,-8.85419795998987e-05
0.208045860742482,0.601284450360942,-0.012346505846543,-0.316696366769894,-0.00125394551682102,0.136873427901642,-0.00125572434624406,-0.780786192930745,-8.86371950000187e-05
0.209488689664142,0.601282261192178,-0.0124323187049214,-0.31669682711054,-0.00126269033618517,0.13687373239397,-0.00126450623552761,-0.780791431932572,-8.87223365469425e-05
0.210941524818514,0.601280040532971,-0.0125187304806259,-0.316697294069274,-0.00127149679480847,0.136874040873673,-0.00127335053390687,-0.780796742422683,-8.87971142040506e-05
0.212404435600306,0.601277787917239,-0.0126057454016533,-0.316697767744015,-0.00128036534013604,0.136874353389364,-0.00128225770472322,-0.780802125356565,-8.88612314733778e-05
0.21387749188549,0.601275502871667,-0.0126933677267092,-0.316698248234201,-0.00128929642310585,0.136874669990148,-0.00129122821513608,-0.780807581701924,-8.8914385263511e-05
0.215360764034637,0.601273184915588,-0.012781601745445,-0.316698735640816,-0.00129829049818015,0.136874990725621,-0.00130026253616089,-0.780813112438821,-8.89562657543086e-05
0.21685432289628,0.601270833560862,-0.0128704517786955,-0.316699230066418,-0.00130734802337724,0.136875315645871,-0.00130936114270756,-0.780818718559813,-8.89865562594822e-05
0.218358239810298,0.601268448311749,-0.0129599221787192,-0.316699731615162,-0.0013164694603035,0.136875644801483,-0.00131852451361936,-0.7808244010701,-8.9004933086223e-05
0.21987258661132,0.601266028664784,-0.0130500173294407,-0.31670024039283,-0.00132565527418588,0.136875978243536,-0.00132775313171228,-0.780830160987666,-8.90110653923026e-05
0.22139743563216,0.601263574108647,-0.0131407416466942,-0.316700756506857,-0.00133490593390465,0.136876316023608,-0.00133704748381488,-0.780835999343426,-8.90046150402585e-05
0.222932859707273,0.601261084124032,-0.0132320995784703,-0.316701280066357,-0.00134422191202654,0.136876658193776,-0.0013464080608087,-0.780841917181372,-8.89852364490268e-05
0.224478932176229,0.601258558183513,-0.0133240956051634,-0.316701811182155,-0.00135360368483819,0.136877004806616,-0.00135583535766904,-0.78084791555872,-8.89525764425081e-05
0.22603572688722,0.60125599575141,-0.0134167342398224,-0.316702349966813,-0.00136305173238001,0.136877355915206,-0.00136532987350632,-0.780853995546058,-8.89062740951352e-05
0.227603318200585,0.601253396283647,-0.0135100200284022,-0.316702896534662,-0.0013725665384804,0.136877711573125,-0.00137489211160797,-0.780860158227499,-8.88459605749709e-05
0.229181780992365,0.601250759227612,-0.0136039575500183,-0.316703451001827,-0.00138214859079027,0.136878071834455,-0.00138452257948074,-0.78086640470083,-8.87712589832529e-05
0.230771190657875,0.601248084022015,-0.0136985514172031,-0.316704013486265,-0.00139179838081803,0.136878436753781,-0.00139422178889366,-0.780872736077665,-8.86817841911636e-05
0.23237162311531,0.601245370096739,-0.0137938062761637,-0.316704584107788,-0.00140151640396486,0.136878806386191,-0.00140399025592141,-0.780879153483595,-8.8577142673546e-05
0.233983154809368,0.601242616872694,-0.0138897268070427,-0.316705162988102,-0.0014113031595604,0.136879180787277,-0.00141382850098828,-0.780885658058348,-8.84569323392204e-05
0.235605862714901,0.601239823761662,-0.0139863177241804,-0.316705750250834,-0.00142115915089883,0.136879560013136,-0.00142373704891269,-0.78089225095594,-8.83207423584137e-05
0.237239824340596,0.601236990166144,-0.0140835837763796,-0.316706346021568,-0.00143108488527531,0.136879944120367,-0.00143371642895222,-0.780898933344833,-8.81681529864703e-05
0.238885117732672,0.601234115479204,-0.0141815297471719,-0.316706950427875,-0.00144108087402281,0.136880333166072,-0.00144376717484922,-0.780905706408094,-8.7998735384745e-05
0.240541821478611,0.601231199084309,-0.0142801604550868,-0.316707563599352,-0.00145114763254938,0.136880727207858,-0.00145388982487693,-0.78091257134355,-8.78120514377495e-05
0.242210014710909,0.60122824035516,-0.0143794807539226,-0.316708185667651,-0.00146128568037574,0.13688112630383,-0.00146408492188631,-0.780919529363952,-8.7607653566954e-05
0.24388977711086,0.601225238655535,-0.0144794955330193,-0.316708816766522,-0.00147149554117329,0.1368815305126,-0.00147435301335325,-0.780926581697134,-8.73850845411195e-05
0.24558118891236,0.601222193339113,-0.0145802097175339,-0.31670945703184,-0.00148177774280261,0.136881939893274,-0.00148469465142649,-0.780933729586172,-8.71438772831606e-05
0.247284330905736,0.601219103749305,-0.0146816282687179,-0.316710106601648,-0.00149213281735225,0.136882354505461,-0.00149511039297616,-0.780940974289552,-8.68835546731506e-05
0.24899928444161,0.601215969219077,-0.0147837561841966,-0.316710765616193,-0.00150256130117794,0.136882774409265,-0.00150560079964278,-0.780948317081328,-8.66036293477451e-05
0.250726131434783,0.601212789070772,-0.0148865984982514,-0.316711434217964,-0.00151306373494238,0.136883199665286,-0.00151616643788701,-0.780955759251292,-8.63036034961517e-05
0.252464954368146,0.601209562615929,-0.0149901602821029,-0.316712112551729,-0.00152364066365518,0.136883630334618,-0.00152680787903992,-0.780963302105137,-8.59829686517266e-05
0.254215836296621,0.601206289155095,-0.0150944466441979,-0.316712800764578,-0.00153429263671346,0.136884066478843,-0.00153752569935391,-0.78097094696462,-8.56412054802691e-05
0.25597886085113,0.60120296797764,-0.0151994627304974,-0.316713499005961,-0.00154502020794276,0.136884508160036,-0.00154832048005426,-0.780978695167737,-8.52777835640001e-05
0.257754112242586,0.601199598361562,-0.0153052137247669,-0.31671420742773,-0.00155582393563836,0.136884955440754,-0.00155919280739132,-0.780986548068885,-8.4892161181821e-05
0.259541675265918,0.601196179573293,-0.0154117048488697,-0.316714926184179,-0.00156670438260714,0.136885408384037,-0.00157014327269333,-0.780994507039033,-8.44837850850905e-05
0.261341635304121,0.601192710867498,-0.0155189413630618,-0.316715655432091,-0.00157766211620978,0.136885867053404,-0.00158117247241986,-0.781002573465894,-8.40520902700009e-05
0.263154078332332,0.601189191486873,-0.0156269285662888,-0.316716395330777,-0.00158869770840344,0.13688633151285,-0.00159228100821601,-0.781010748754091,-8.35964997449173e-05
0.26497909092194,0.60118562066194,-0.015735671796486,-0.316717146042122,-0.00159981173578484,0.136886801826841,-0.00160346948696711,-0.781019034325333,-8.31164242940108e-05
0.266816760244719,0.601181997610831,-0.0158451764308799,-0.316717907730632,-0.00161100477963391,0.13688727806031,-0.00161473852085428,-0.781027431618584,-8.26112622364927e-05
0.268667174076992,0.601178321539081,-0.0159554478862921,-0.316718680563477,-0.00162227742595771,0.13688776027865,-0.00162608872741051,-0.781035942090239,-8.20803991812419e-05
0.270530420803823,0.601174591639403,-0.0160664916194458,-0.316719464710538,-0.00163363026553498,0.136888248547715,-0.00163752072957749,-0.781044567214292,-8.15232077771844e-05
0.27240658942324,0.601170807091469,-0.0161783131272742,-0.31672026034446,-0.00164506389396101,0.136888742933807,-0.00164903515576318,-0.781053308482519,-8.09390474589e-05
0.274295769550488,0.601166967061684,-0.0162909179472316,-0.316721067640694,-0.00165657891169306,0.136889243503676,-0.00166063263990002,-0.781062167404643,-8.03272641878988e-05
0.276198051422303,0.601163070702952,-0.016404311657606,-0.31672188677755,-0.0016681759240962,0.136889750324511,-0.00167231382150381,-0.781071145508515,-7.96871901889984e-05
0.278113525901229,0.601159117154444,-0.0165184998778349,-0.316722717936248,-0.00167985554148965,0.136890263463934,-0.00168407934573347,-0.78108024434029,-7.90181436819415e-05
0.280042284479955,0.601155105541354,-0.0166334882688226,-0.316723561300968,-0.00169161837919355,0.136890782989996,-0.00169592986345132,-0.781089465464602,-7.83194286085032e-05
0.281984419285683,0.601151034974664,-0.0167492825332602,-0.316724417058904,-0.00170346505757623,0.136891308971163,-0.00170786603128425,-0.781098810464739,-7.75903343541023e-05
0.283940023084533,0.601146904550885,-0.016865888415948,-0.316725285400319,-0.00171539620210198,0.136891841476314,-0.00171988851168556,-0.781108280942823,-7.68301354651113e-05
0.285909189285972,0.601142713351811,-0.0169833117041195,-0.316726166518593,-0.00172741244337918,0.136892380574733,-0.00173199797299751,-0.781117878519987,-7.60380913604891e-05
0.287892011947275,0.601138460444259,-0.0171015582277683,-0.316727060610288,-0.00173951441720913,0.136892926336095,-0.00174419508951476,-0.781127604836552,-7.52134460387244e-05
0.289888585778017,0.601134144879807,-0.0172206338599768,-0.3167279678752,-0.0017517027646351,0.136893478830463,-0.00175648054154838,-0.781137461552204,-7.43554277794628e-05
0.291899006144599,0.601129765694525,-0.017340544517248,-0.316728888516414,-0.00176397813199214,0.136894038128272,-0.00176885501549083,-0.781147450346175,-7.34632488396392e-05
0.293923369074803,0.601125321908706,-0.0174612961598382,-0.316729822740371,-0.00177634117095709,0.136894604300327,-0.00178131920388156,-0.781157572917422,-7.25361051444745e-05
0.295961771262377,0.601120812526584,-0.0175828947920931,-0.31673077075692,-0.00178879253859935,0.136895177417785,-0.00179387380547347,-0.7811678309848,-7.15731759730193e-05
0.298014310071653,0.601116236536057,-0.0177053464627857,-0.316731732779384,-0.00180133289743198,0.136895757552147,-0.00180651952530018,-0.781178226287248,-7.05736236379373e-05
0.300081083542203,0.601111592908392,-0.0178286572654563,-0.316732709024621,-0.0018139629154633,0.136896344775245,-0.001819257074744,-0.78118876058396,-6.95365931599884e-05
0.302162190393513,0.60110688059794,-0.0179528333387548,-0.316733699713091,-0.00182668326624909,0.136896939159234,-0.00183208717160482,-0.781199435654573,-6.8461211936835e-05
0.304257730029708,0.601102098541832,-0.0180778808667856,-0.316734705068913,-0.00183949462894518,0.136897540776572,-0.00184501054016976,-0.781210253299335,-6.73465894055203e-05
0.306367802544292,0.601097245659676,-0.0182038060794538,-0.316735725319942,-0.00185239768836056,0.136898149700012,-0.00185802791128362,-0.781221215339291,-6.61918166998121e-05
0.308492508724934,0.601092320853246,-0.0183306152528146,-0.316736760697827,-0.00186539313501109,0.136898766002587,-0.00187114002242022,-0.781232323616459,-6.49959663013844e-05
0.31063195005828,0.601087323006171,-0.0184583147094243,-0.316737811438087,-0.00187848166517355,0.136899389757593,-0.00188434761775453,-0.781243579994005,-6.37580916845459e-05
0.312786228734801,0.601082250983608,-0.0185869108186933,-0.316738877780177,-0.00189166398094032,0.136900021038576,-0.00189765144823561,-0.781254986356423,-6.24772269555429e-05
0.314955447653674,0.601077103631918,-0.0187164099972415,-0.31673995996756,-0.00190494079027449,0.136900659919317,-0.00191105227166045,-0.781266544609712,-6.11523864854774e-05
0.317139710427697,0.601071879778332,-0.0188468187092559,-0.316741058247782,-0.00191831280706552,0.13690130647381,-0.0019245508527487,-0.781278256681551,-5.97825645364536e-05
0.319339121388238,0.60106657823061,-0.0189781434668502,-0.316742172872546,-0.00193178075118539,0.136901960776252,-0.00193814796321816,-0.781290124521475,-5.83667348818956e-05
0.321553785590219,0.601061197776699,-0.0191103908304262,-0.316743304097786,-0.00194534534854524,0.136902622901018,-0.00195184438186118,-0.781302150101051,-5.69038504207031e-05
0.323783808817133,0.601055737184374,-0.0192435674090375,-0.316744452183747,-0.00195900733115248,0.136903292922648,-0.001965640894622,-0.78131433541405,-5.5392842783844e-05
0.326029297586097,0.601050195200886,-0.0193776798607551,-0.316745617395061,-0.00197276743716852,0.136903970915821,-0.00197953829467483,-0.781326682476622,-5.3832621935479e-05
0.328290359152942,0.601044570552593,-0.0195127348930355,-0.316746800000831,-0.00198662641096686,0.136904656955343,-0.00199353738250297,-0.781339193327469,-5.22220757665226e-05
0.330567101517332,0.601038861944588,-0.0196487392630894,-0.316748000274709,-0.00200058500319177,0.136905351116117,-0.00200763896597867,-0.781351870028016,-5.0560069682265e-05
0.332859633427924,0.60103306806032,-0.0197856997782541,-0.316749218494984,-0.00201464397081745,0.136906053473127,-0.00202184386044406,-0.781364714662578,-4.88454461819443e-05
0.335168064387565,0.601027187561209,-0.0199236232963665,-0.316750454944665,-0.00202880407720766,0.136906764101413,-0.0020361528887928,-0.781377729338535,-4.7077024432754e-05
0.337492504658521,0.601021219086253,-0.0200625167261384,-0.316751709911566,-0.00204306609217589,0.136907483076047,-0.00205056688155275,-0.781390916186495,-4.52535998357734e-05
0.339833065267741,0.601015161251624,-0.0202023870275336,-0.3167529836884,-0.00205743079204596,0.136908210472107,-0.00206508667696955,-0.781404277360461,-4.33739435851954e-05
0.342189858012163,0.601009012650266,-0.0203432412121467,-0.316754276572863,-0.00207189895971319,0.136908946364658,-0.00207971312109104,-0.781417815037997,-4.14368022201711e-05
0.344562995464054,0.601002771851475,-0.0204850863435839,-0.316755588867732,-0.00208647138470601,0.136909690828714,-0.00209444706785269,-0.78143153142039,-3.94408971696042e-05
0.346952590976386,0.600996437400476,-0.020627929537845,-0.316756920880956,-0.002101148863248,0.136910443939223,-0.00210928937916392,-0.781445428732813,-3.73849242893687e-05
0.349358758688252,0.600990007817997,-0.0207717779637077,-0.316758272925753,-0.00211593219832057,0.136911205771029,-0.0021242409249953,-0.781459509224484,-3.52675533920599e-05
0.351781613530314,0.600983481599826,-0.0209166388431126,-0.316759645320705,-0.00213082219972589,0.136911976398848,-0.00213930258346679,-0.781473775168819,-3.30874277691129e-05
0.354221271230298,0.600976857216365,-0.021062519451551,-0.316761038389862,-0.00214581968415053,0.136912755897234,-0.00215447524093683,-0.781488228863595,-3.08431637054962e-05
0.356677848318515,0.600970133112177,-0.0212094271184527,-0.316762452462843,-0.00216092547522934,0.136913544340551,-0.00216975979209237,-0.781502872631099,-2.8533349986648e-05
0.359151462133436,0.600963307705521,-0.0213573692275766,-0.316763887874934,-0.00217614040361001,0.136914341802936,-0.00218515714003991,-0.781517708818276,-2.61565473972936e-05
0.361642230827288,0.600956379387883,-0.0215063532174017,-0.316765344967203,-0.00219146530701784,0.136915148358269,-0.00220066819639745,-0.781532739796884,-2.37112882126023e-05
0.364150273371703,0.600949346523493,-0.0216563865815202,-0.3167668240866,-0.0022069010303212,0.136915964080135,-0.00221629388138734,-0.781547967963636,-2.11960756815455e-05
0.366675709563398,0.600942207448837,-0.0218074768690308,-0.31676832558607,-0.00222244842559723,0.136916789041791,-0.00223203512393015,-0.781563395740341,-1.86093835015944e-05
0.369218660029898,0.60093496047216,-0.0219596316849346,-0.316769849824666,-0.00223810835219812,0.136917623316126,-0.00224789286173945,-0.781579025574048,-1.5949655286035e-05
0.371779246235299,0.60092760387296,-0.0221128586905308,-0.31677139716766,-0.00225388167681771,0.136918466975621,-0.00226386804141757,-0.781594859937181,-1.32153040224847e-05
0.374357590486067,0.60092013590147,-0.0222671656038142,-0.316772967986665,-0.00226976927355855,0.136919320092315,-0.0022799616185523,-0.781610901327675,-1.04047115231931e-05
0.376953815936883,0.600912554778135,-0.0224225601998733,-0.316774562659748,-0.00228577202399935,0.136920182737756,-0.00229617455781449,-0.781627152269101,-7.51622786698825e-06
0.379568046596523,0.600904858693075,-0.0225790503112899,-0.316776181571554,-0.00230189081726289,0.136921054982965,-0.00231250783305676,-0.781643615310802,-4.54817083306303e-06
0.382200407333782,0.600897045805542,-0.022736643828538,-0.316777825113431,-0.00231812655008415,0.13692193689839,-0.0023289624274129,-0.781660293028006,-1.49882532562984e-06
0.384851023883439,0.600889114243368,-0.0228953487003857,-0.316779493683553,-0.00233448012687904,0.136922828553857,-0.00234553933339854,-0.781677188021956,1.63355720966818e-06
0.387520022852263,0.600881062102397,-0.0230551729342956,-0.316781187687049,-0.00235095245981327,0.136923730018528,-0.00236223955301249,-0.781694302920016,4.85075937808888e-06
0.390207531725059,0.600872887445912,-0.0232161245968269,-0.316782907536137,-0.00236754446887172,0.136924641360853,-0.00237906409783918,-0.78171164037579,8.15459843700461e-06
0.392913678870758,0.600864588304055,-0.0233782118140376,-0.316784653650252,-0.00238425708192809,0.136925562648514,-0.00239601398915203,-0.781729203069226,1.15469269058588e-05
0.395638593548549,0.600856162673225,-0.023541442771887,-0.316786426456189,-0.00240109123481486,0.136926493948382,-0.00241309025801772,-0.781746993706716,1.5029633185254e-05
0.398382405914052,0.600847608515479,-0.0237058257166387,-0.316788226388236,-0.00241804787139357,0.136927435326458,-0.00243029394540141,-0.781765015021199,1.86046421847552e-05
0.401145247025537,0.600838923757913,-0.023871368955263,-0.316790053888319,-0.00243512794362538,0.136928386847821,-0.00244762610227291,-0.781783269772252,2.22739159599639e-05
0.403927248850181,0.600830106292035,-0.0240380808558404,-0.316791909406143,-0.00245233241164191,0.136929348576572,-0.00246508778971379,-0.781801760746177,2.6039454358584e-05
0.406728544270374,0.600821153973131,-0.024205969847964,-0.316793793399346,-0.00246966224381632,0.136930320575775,-0.00248268007902532,-0.781820490756083,2.99032956757594e-05
0.409549267090063,0.600812064619608,-0.0243750444231423,-0.316795706333638,-0.00248711841683468,0.136931302907399,-0.00250040405183754,-0.781839462641966,3.38675173186809e-05
0.412389552041149,0.600802836012341,-0.0245453131352012,-0.316797648682967,-0.00250470191576747,0.136932295632255,-0.00251826080021896,-0.78185867927078,3.79342364806023e-05
0.415249534789915,0.600793465894,-0.0247167846006859,-0.316799620929662,-0.00252241373414133,0.136933298809935,-0.00253625142678738,-0.7818781435365,4.21056108237394e-05
0.418129351943512,0.60078395196836,-0.0248894674992618,-0.316801623564603,-0.00254025487401097,0.136934312498744,-0.00255437704482152,-0.781897858360184,4.63838391723259e-05
0.421029141056481,0.600774291899614,-0.0250633705741151,-0.316803657087377,-0.00255822634603126,0.136935336755638,-0.00257263877837352,-0.781917826690025,5.07711622147466e-05
0.423949040637325,0.600764483311659,-0.0252385026323519,-0.316805722006442,-0.0025763291695294,0.136936371636149,-0.00259103776238237,-0.7819380515014,5.52698632148019e-05
0.426889190155123,0.600754523787378,-0.0254148725453969,-0.316807818839302,-0.00259456437257723,0.136937417194321,-0.00260957514278814,-0.781958535796907,5.98822687335743e-05
0.429849730046193,0.600744410867911,-0.0255924892493906,-0.316809948112671,-0.00261293299206361,0.136938473482632,-0.00262825207664718,-0.781979282606398,6.46107493600667e-05
0.432830801720801,0.600734142051903,-0.0257713617455843,-0.316812110362654,-0.00263143607376678,0.136939540551921,-0.00264706973224793,-0.782000294987008,6.94577204514712e-05
0.435832547569911,0.600723714794754,-0.025951499100736,-0.316814306134923,-0.00265007467242699,0.136940618451314,-0.0026660292892279,-0.782021576023169,7.44256428839574e-05
0.438855110971994,0.600713126507845,-0.0261329104475013,-0.316816535984898,-0.00266884985181873,0.136941707228139,-0.00268513193869112,-0.782043128826623,7.95170238122311e-05
0.441898636299867,0.600702374557752,-0.0263156049848252,-0.316818800477933,-0.00268776268482326,0.136942806927852,-0.0027043788833266,-0.782064956536422,8.47344174392528e-05
0.444963268927599,0.600691456265456,-0.0264995919783305,-0.316821100189507,-0.00270681425350094,0.136943917593948,-0.00272377133752753,-0.782087062318928,9.00804257960297e-05
0.448049155237445,0.600680368905526,-0.0266848807607041,-0.316823435705412,-0.00272600564916345,0.136945039267878,-0.00274331052751125,-0.78210944936779,9.55576995307073e-05
0.451156442626847,0.600669109705299,-0.0268714807320814,-0.316825807621956,-0.00274533797244592,0.136946171988961,-0.00276299769143988,-0.782132120903928,0.00010116893870768
0.454285279515466,0.600657675844042,-0.0270594013604273,-0.316828216546156,-0.00276481233337877,0.136947315794294,-0.00278283407954184,-0.782155080175497,0.000106916893616776
0.457435815352278,0.6006460644521,-0.0272486521819151,-0.316830663095945,-0.00278442985145959,0.136948470718658,-0.00280282095423395,-0.782178330457846,0.000112804365591801
0.46060820062271,0.60063427261003,-0.0274392428013024,-0.316833147900381,-0.00280419165572446,0.136949636794423,-0.00282295959024427,-0.782201875053471,0.000118834207839341
0.463802586855826,0.600622297347722,-0.0276311828923023,-0.316835671599857,-0.00282409888481921,0.136950814051454,-0.00284325127473558,-0.782225717291946,0.00012500932627707
0.467019126631568,0.600610135643507,-0.0278244821979543,-0.316838234846317,-0.00284415268707029,0.136952002517006,-0.00286369730742963,-0.782249860529859,0.00013133268038254
0.470257973588042,0.600597784423243,-0.0280191505309876,-0.316840838303476,-0.00286435422055518,0.136953202215623,-0.00288429900073178,-0.782274308150727,0.000137807284050856
0.473519282428857,0.600585240559397,-0.0282151977741837,-0.316843482647044,-0.00288470465317251,0.136954413169035,-0.00290505767985642,-0.782299063564905,0.0001444362064629
0.476803208930514,0.600572500870102,-0.028412633880733,-0.316846168564955,-0.00290520516271164,0.136955635396046,-0.00292597468295291,-0.782324130209479,0.000151222572962767
0.480109909949849,0.600559562118206,-0.028611468874588,-0.316848896757596,-0.0029258569369217,0.136956868912427,-0.00294705136123205,-0.782349511548157,0.00015816956594597
0.483439543431522,0.600546421010303,-0.0288117128508112,-0.316851667938049,-0.00294666117358013,0.1369581137308,-0.00296828907909299,-0.782375211071136,0.000165280425755754
0.486792268415562,0.600533074195749,-0.029013375975919,-0.31685448283233,-0.00296761908056063,0.136959369860524,-0.00298968921425084,-0.782401232294967,0.000172558451590754
0.490168245044966,0.600519518265658,-0.0292164684882192,-0.316857342179634,-0.00298873187590026,0.136960637307572,-0.00301125315786443,-0.782427578762405,0.000180007002421129
0.493567634573345,0.600505749751894,-0.0294210006981442,-0.316860246732587,-0.00301000078786602,0.136961916074412,-0.00303298231466471,-0.782454254042239,0.000187629497914815
0.496990599372628,0.600491765126033,-0.029626982988578,-0.3168631972575,-0.00303142705502052,0.136963206159883,-0.00305487810308341,-0.782481261729124,0.000195429419373117
0.500437302940819,0.60047756079832,-0.0298344258151774,-0.316866194534628,-0.00305301192628688,0.136964507559061,-0.00307694195538217,-0.782508605443382,0.000203410310675611
0.503907909909802,0.6004631331166,-0.0300433397066869,-0.316869239358439,-0.00307475666101264,0.136965820263136,-0.0030991753177818,-0.782536288830805,0.000211575779234974
0.50740258605321,0.600448478365245,-0.0302537352652465,-0.316872332537879,-0.00309666252903269,0.136967144259269,-0.00312157965059191,-0.782564315562433,0.000219929496960258
0.510921498294339,0.600433592764051,-0.0304656231666943,-0.316875474896648,-0.00311873081073133,0.136968479530462,-0.00314415642834084,-0.782592689334323,0.000228475201229955
0.514464814714125,0.600418472467128,-0.0306790141608598,-0.316878667273479,-0.00314096279710301,0.136969826055412,-0.00316690713990561,-0.782621413867303,0.00023721669587401
0.518032704559168,0.60040311356177,-0.0308939190718512,-0.316881910522426,-0.00316335978981197,0.13697118380837,-0.0031898332886421,-0.782650492906705,0.000246157852164697
0.52162533824982,0.600387512067308,-0.0311103487983346,-0.316885205513148,-0.00318592310125068,0.136972552758991,-0.00321293639251536,-0.782679930222093,0.000255302609816294
0.525242887388322,0.600371663933946,-0.0313283143138045,-0.316888553131212,-0.00320865405459688,0.136973932872185,-0.00323621798422986,-0.782709729606968,0.00026465497799405
0.528885524767003,0.600355565041579,-0.0315478266668468,-0.316891954278384,-0.0032315539838692,0.136975324107963,-0.00325967961135988,-0.782739894878454,0.000274219036330681
0.532553424376533,0.600339211198597,-0.0317688969813922,-0.316895409872943,-0.00325462423398144,0.136976726421277,-0.00328332283647969,-0.782770429876976,0.000283998935952295
0.536246761414231,0.600322598140665,-0.0319915364569608,-0.31689892084999,-0.00327786616079506,0.136978139761863,-0.00330714923729374,-0.782801338465915,0.00029399890051221
0.539965712292437,0.600305721529496,-0.0322157563688973,-0.316902488161764,-0.00330128113117013,0.136979564074071,-0.00333116040676671,-0.782832624531246,0.000304223227232642
0.543710454646936,0.600288576951593,-0.0324415680685962,-0.316906112777963,-0.00332487052301465,0.136980999296699,-0.00335535795325322,-0.782864291981164,0.00031467628795509
0.547481167345445,0.600271159916988,-0.0326689829837164,-0.316909795686078,-0.0033486357253317,0.136982445362821,-0.0033797435006274,-0.782896344745678,0.000325362530197437
0.551278030496154,0.60025346585795,-0.0328980126183861,-0.316913537891723,-0.00337257813826511,0.13698390219961,-0.00340431868841203,-0.782928786776207,0.000336286478219344
0.55510122545633,0.60023549012768,-0.0331286685533957,-0.316917340418976,-0.00339669917314266,0.136985369728161,-0.00342908517190735,-0.782961622045136,0.000347452734094755
0.558950934840979,0.600217227998993,-0.0333609624463802,-0.316921204310724,-0.00342100025251751,0.136986847863303,-0.00345404462231948,-0.782994854545368,0.000358865978791811
0.56282734253157,0.600198674662975,-0.033594906031989,-0.31692513062902,-0.00344548281020714,0.136988336513415,-0.00347919872688812,-0.783028488289851,0.000370530973258731
0.566730633684818,0.600179825227623,-0.0338305111220443,-0.316929120455436,-0.00347014829133016,0.136989835580231,-0.00350454918901385,-0.783062527311081,0.000382452559517604
0.570660994741526,0.600160674716471,-0.0340677896056861,-0.316933174891428,-0.00349499815234051,0.136991344958649,-0.00353009772838469,-0.783096975660589,0.000394635661763704
0.574618613435493,0.600141218067193,-0.034306753449505,-0.316937295058712,-0.00352003386105925,0.136992864536528,-0.00355584608110201,-0.78313183740841,0.000407085287471021
0.578603678802477,0.600121450130188,-0.0345474146976612,-0.316941482099636,-0.00354525689670356,0.136994394194486,-0.0035817959998055,-0.783167116642521,0.000419806528503791
0.582616381189231,0.60010136566715,-0.0347897854719893,-0.316945737177566,-0.00357066874991305,0.136995933805693,-0.00360794925379739,-0.783202817468267,0.000432804562233491
0.586656912262587,0.600080959349616,-0.0350338779720892,-0.316950061477274,-0.00359627092277313,0.136997483235655,-0.0036343076291657,-0.783238944007761,0.000446084652661355
0.590725465018618,0.6000602257575,-0.0352797044754026,-0.316954456205338,-0.00362206492883528,0.136999042342004,-0.00366087292890645,-0.783275500399257,0.00045965215154492
0.594822233791852,0.600039159377599,-0.0355272773372736,-0.316958922590546,-0.00364805229313435,0.137000610974272,-0.00368764697304469,-0.78331249079651,0.000473512499529982
0.598947414264556,0.600017754602094,-0.0357766089909934,-0.3169634618843,-0.0036742345522023,0.13700218897367,-0.00371463159875443,-0.783349919368105,0.000487671227286574
0.603101203476082,0.599996005727021,-0.0360277119478307,-0.316968075361042,-0.00370061325407882,0.137003776172855,-0.00374182866047729,-0.78338779029676,0.000502133956648526
0.607283799832281,0.599973906950727,-0.0362805987970431,-0.316972764318671,-0.00372718995831815,0.137005372395702,-0.00376924003003969,-0.783426107778617,0.000516906401756473
0.611495403114975,0.599951452372312,-0.0365352822058733,-0.316977530078978,-0.00375396623599227,0.137006977457062,-0.0037968675967687,-0.783464876022495,0.000531994370204403
0.615736214491506,0.599928635990044,-0.0367917749195269,-0.316982373988081,-0.00378094366969037,0.137008591162518,-0.00382471326760627,-0.783504099249122,0.00054740376418802
0.620006436524339,0.599905451699765,-0.0370500897611326,-0.316987297416874,-0.00380812385351414,0.137010213308144,-0.00385277896722177,-0.78354378169035,0.000563140581656268
0.624306273180741,0.599881893293268,-0.0373102396316831,-0.316992301761476,-0.00383550839306898,0.137011843680248,-0.00388106663812297,-0.783583927588331,0.000579210917463935
0.628635929842521,0.599857954456665,-0.0375722375099585,-0.316997388443693,-0.00386309890545101,0.137013482055117,-0.003909578240765,-0.783624541194676,0.000595620964525811
0.632995613315842,0.599833628768733,-0.0378360964524289,-0.317002558911482,-0.00389089701922947,0.13701512819876,-0.00393831575365745,-0.783665626769583,0.000612377014971549
0.637385531841099,0.599808909699239,-0.0381018295931377,-0.31700781463943,-0.00391890437442461,0.137016781866636,-0.00396728117346947,-0.783707188580942,0.000629485461301565
0.641805895102865,0.599783790607249,-0.0383694501435634,-0.317013157129233,-0.00394712262248063,0.13701844280339,-0.00399647651513258,-0.783749230903409,0.000646952797541178
0.646256914239905,0.599758264739424,-0.0386389713924626,-0.317018587910184,-0.00397555342623402,0.137020110742573,-0.00402590381194149,-0.783791758017454,0.000664785620396124
0.650738801855265,0.599732325228285,-0.038910406705689,-0.317024108539672,-0.00400419845987622,0.137021785406369,-0.00405556511565227,-0.783834774208379,0.000682990630405195
0.655251772026422,0.599705965090476,-0.0391837695259918,-0.317029720603689,-0.00403305940891152,0.137023466505302,-0.00408546249657827,-0.783878283765313,0.000701574633091784
0.659796040315516,0.599679177224996,-0.0394590733727914,-0.317035425717337,-0.00406213797010908,0.137025153737955,-0.00411559804368334,-0.783922290980169,0.000720544540113055
0.664371823779638,0.59965195441142,-0.0397363318419315,-0.317041225525352,-0.00409143585144943,0.13702684679067,-0.00414597386467239,-0.783966800146583,0.00073990737040619
0.668979340981204,0.599624289308103,-0.0400155586054083,-0.31704712170263,-0.0041209547720651,0.137028545337252,-0.00417659208607911,-0.784011815558814,0.000759670251330502
0.673618811998395,0.59959617445036,-0.040296767411075,-0.317053115954766,-0.00415069646217515,0.137030249038665,-0.00420745485335085,-0.784057341510619,0.000779840419806221
0.678290458435663,0.59956760224864,-0.0405799720823221,-0.317059210018594,-0.00418066266301342,0.137031957542724,-0.0042385643309303,-0.784103382294096,0.000800425223447837
0.682994503434323,0.599538564986669,-0.0408651865177323,-0.317065405662739,-0.00421085512675037,0.137033670483779,-0.00426992270233409,-0.784149942198501,0.000821432121691945
0.687731171683206,0.59950905481959,-0.0411524246907092,-0.317071704688179,-0.00424127561640819,0.1370353874824,-0.00430153217022804,-0.784197025509025,0.000842868686919185
0.692500689429393,0.599479063772077,-0.0414417006490812,-0.317078108928813,-0.00427192590576914,0.137037108145049,-0.00433339495649906,-0.784244636505551,0.000864742605568819
0.697303284489026,0.599448583736435,-0.0417330285146771,-0.317084620252034,-0.00430280777927659,0.137038832063757,-0.00436551330232334,-0.78429277946137,0.00088706167924632
0.70213918625818,0.599417606470686,-0.0420264224828748,-0.317091240559315,-0.00433392303192898,0.137040558815788,-0.00439788946823099,-0.784341458641872,0.000909833825821993
0.70700862572383,0.599386123596636,-0.0423218968221229,-0.317097971786801,-0.00436527346916607,0.137042287963301,-0.00443052573416679,-0.784390678303203,0.000933067080520794
0.71191183547488,0.599354126597931,-0.0426194658734327,-0.317104815905909,-0.00439686090674747,0.137044019053008,-0.00446342439954697,-0.78444044269089,0.00095676959700236
0.716849049713269,0.599321606818089,-0.0429191440498428,-0.317111774923938,-0.00442868717062328,0.137045751615823,-0.00449658778331191,-0.784490756038429,0.000980949648429541
0.721820504265165,0.599288555458529,-0.0432209458358523,-0.317118850884683,-0.00446075409679637,0.137047485166515,-0.00453001822397464,-0.784541622565853,0.00100561562852688
0.726826436592224,0.599254963576573,-0.0435248857868264,-0.317126045869061,-0.0044930635311762,0.137049219203344,-0.00456371807966493,-0.784593046478252,0.00103077605262544
0.731867085802933,0.599220822083443,-0.0438309785283695,-0.317133361995748,-0.00452561732942412,0.137050953207702,-0.0045976897281688,-0.78464503196427,0.00105643955869492
0.736942692664033,0.599186121742238,-0.0441392387556677,-0.317140801421815,-0.00455841735678932,0.137052686643744,-0.00463193556696348,-0.784697583194568,0.00108261490836198
0.742053499612018,0.5991508531659,-0.0444496812328014,-0.317148366343383,-0.00459146548793609,0.137054418958017,-0.00466645801324756,-0.784750704320247,0.00110931098791336
0.747199750764715,0.599115006815167,-0.0447623207920234,-0.317156058996277,-0.00462476360676115,0.137056149579082,-0.00470125950396607,-0.78480439947125,0.00113653680928325
0.752381691932944,0.599078572996508,-0.0450771723330063,-0.317163881656694,-0.00465831360620158,0.137057877917132,-0.00473634249583062,-0.784858672754715,0.00116430151102373
0.757599570632259,0.599041541860055,-0.0453942508220557,-0.31717183664188,-0.00469211738803257,0.137059603363604,-0.00477170946533413,-0.78491352825331,0.00119261435925797
0.762853636094773,0.599003903397512,-0.0457135712912906,-0.317179926310811,-0.00472617686265505,0.137061325290791,-0.00480736290876032,-0.784968970023522,0.00122148474861428
0.768144139281058,0.598965647440059,-0.0460351488377899,-0.317188153064884,-0.00476049394887275,0.13706304305144,-0.00484330534218752,-0.785025002093919,0.00125092220314088
0.773471332892138,0.598926763656243,-0.0463589986227028,-0.317196519348617,-0.00479507057365842,0.137064755978359,-0.00487953930148693,-0.78508162846338,0.00128093637720034
0.778835471381553,0.598887241549858,-0.0466851358703267,-0.317205027650357,-0.00482990867190914,0.137066463384005,-0.00491606734231485,-0.785138853099285,0.00131153705634163
0.784236810967519,0.598847070457812,-0.0470135758671468,-0.317213680502996,-0.00486501018619,0.137068164560076,-0.00495289204009902,-0.785196679935673,0.0013427341581505
0.78967560964516,0.598806239547988,-0.0473443339608425,-0.317222480484695,-0.0049003770664665,0.137069858777098,-0.00499001599001882,-0.785255112871374,0.00137453773307583
0.795152127198837,0.598764737817093,-0.0476774255592546,-0.317231430219617,-0.00493601126982474,0.137071545284004,-0.00502744180697901,-0.785314155768096,0.00140695796523094
0.800666625214554,0.5987225540885,-0.0480128661293187,-0.317240532378664,-0.00497191476017954,0.137073223307712,-0.00506517212557722,-0.785373812448488,0.00144000517316983
0.806219367092452,0.598679677010078,-0.0483506711959579,-0.317249789680231,-0.00500808950796998,0.137074892052697,-0.00510320960006455,-0.785434086694167,0.00147368981063656
0.811810618059391,0.598636095052014,-0.0486908563409411,-0.317259204890955,-0.00504453748984221,0.13707655070056,-0.00514155690429967,-0.785494982243705,0.00150802246728626
0.817440645181619,0.598591796504636,-0.0490334372017004,-0.317268780826486,-0.0050812606883191,0.137078198409588,-0.00518021673169569,-0.7855565027906,0.00154301386937716
0.823109717377527,0.598546769476214,-0.0493784294701114,-0.317278520352252,-0.0051182610914565,0.137079834314321,-0.0052191917951602,-0.785618651981195,0.00157867488043417
0.828818105430497,0.59850100189077,-0.0497258488912347,-0.317288426384246,-0.00515554069248571,0.137081457525101,-0.00525848482702783,-0.785681433412577,0.0016150165018784
0.834566082001833,0.598454481485871,-0.0500757112620169,-0.317298501889806,-0.00519310148944209,0.137083067127627,-0.0052980985789856,-0.785744850630442,0.00165204987362683
0.840353921643785,0.598407195810422,-0.0504280324299525,-0.317308749888413,-0.00523094548477918,0.137084662182504,-0.00533803582199054,-0.785808907126925,0.00168978627465782
0.846181900812664,0.598359132222453,-0.0507828282917062,-0.317319173452493,-0.00526907468496821,0.137086241724786,-0.00537829934617961,-0.785873606338404,0.00172823712354092
0.852050297882047,0.598310277886902,-0.0511401147916942,-0.317329775708228,-0.00530749110008268,0.137087804763516,-0.00541889196077195,-0.785938951643266,0.00176741397893315
0.857959393156072,0.598260619773396,-0.0514999079206245,-0.317340559836367,-0.00534619674336757,0.137089350281268,-0.00545981649396274,-0.78600494635965,0.00180732854003607
0.863909468882829,0.598210144654023,-0.0518622237139969,-0.317351529073057,-0.00538519363079307,0.137090877233672,-0.00550107579280923,-0.786071593743156,0.00184799264701652
0.86990080926784,0.598158839101113,-0.05222707825056,-0.317362686710667,-0.0054244837805922,0.137092384548954,-0.00554267272310813,-0.786138896984526,0.00188941828138739
0.875933700487633,0.598106689485005,-0.0525944876507292,-0.317374036098628,-0.00546406921278232,0.137093871127459,-0.00558461016926476,-0.786206859207292,0.00193161756634747
0.882008430703416,0.598053681971822,-0.0529644680749595,-0.317385580644279,-0.00550395194867,0.137095335841174,-0.00562689103415335,-0.786275483465405,0.00197460276708139
0.888125290074835,0.597999802521241,-0.0533370357220794,-0.317397323813714,-0.00554413401033902,0.137096777533252,-0.00566951823896881,-0.786344772740828,0.00201838629101514
0.894284570773836,0.597945036884264,-0.0537122068275792,-0.317409269132642,-0.00558461742012099,0.137098195017533,-0.0057124947230692,-0.786414729941104,0.00206298068802835
0.900486566998624,0.597889370600992,-0.0540899976618582,-0.317421420187246,-0.00562540420004856,0.137099587078053,-0.00575582344380948,-0.786485357896901,0.00210839865062212
0.906731574987708,0.597832788998399,-0.0544704245284292,-0.317433780625056,-0.0056664963712907,0.137100952468565,-0.0057995073763658,-0.786556659359529,0.00215465301403933
0.913019893034057,0.597775277188109,-0.0548535037620794,-0.317446354155823,-0.00570789595356962,0.137102289912046,-0.00584354951355057,-0.78662863699843,0.00220175675633849
0.919351821499347,0.597716820064171,-0.0552392517269871,-0.317459144552395,-0.00574960496455923,0.137103598100208,-0.00588795286561787,-0.786701293398651,0.00224972299841936
0.925727662828307,0.597657402300849,-0.0556276848147972,-0.317472155651608,-0.00579162541926475,0.137104875693005,-0.00593272046005936,-0.786774631058291,0.00229856500399733
0.932147721563161,0.597597008350404,-0.0560188194426505,-0.317485391355177,-0.00583395932938306,0.137106121318138,-0.0059778553413904,-0.786848652385919,0.00234829617952886
0.938612304358183,0.597535622440887,-0.0564126720511703,-0.317498855630586,-0.00587660870264312,0.137107333570559,-0.00602336057092611,-0.786923359697983,0.0023989300740837
0.945121719994339,0.597473228573938,-0.0568092591024066,-0.317512552511994,-0.00591957554212734,0.137108511011972,-0.00606923922654764,-0.786998755216196,0.00245048037916434
0.951676279394036,0.597409810522591,-0.0572085970777329,-0.317526486101139,-0.00596286184557168,0.137109652170335,-0.00611549440245804,-0.787074841064892,0.00250296092847191
0.958276295635973,0.597345351829082,-0.0576107024757029,-0.317540660568244,-0.00600646960464611,0.137110755539361,-0.00616212920892804,-0.787151619268383,0.00255638569761552
0.964922083970099,0.597279835802668,-0.0580155918098594,-0.317555080152936,-0.00605040080421355,0.137111819578015,-0.00620914677203128,-0.787229091748284,0.00261076880376637
0.971613961832666,0.597213245517456,-0.0584232816065018,-0.317569749165154,-0.00609465742156793,0.13711284271001,-0.00625655023336908,-0.78730726032083,0.00266612450525411
0.978352248861393,0.59714556381024,-0.058833788402408,-0.317584671986081,-0.00613924142565055,0.137113823323311,-0.0063043427497847,-0.787386126694177,0.00272246720110536
0.985137266910738,0.597076773278341,-0.0592471287425122,-0.317599853069055,-0.00618415477624471,0.137114759769625,-0.00635252749306664,-0.787465692465696,0.00277981143052131
0.991969340067262,0.597006856277467,-0.0596633191775387,-0.317615296940505,-0.006229399423148,0.137115650363902,-0.00640110764964124,-0.787545959119242,0.00283817187229646
0.998848794665118,0.596935794919578,-0.0600823762615915,-0.317631008200873,-0.00627497730532214,0.137116493383834,-0.00645008642025439,-0.787626928022429,0.00289756334417546
1.00577595930163,0.596863571070766,-0.0605043165496994,-0.317646991525548,-0.00632089035002009,0.137117287069345,-0.00649946701964206,-0.787708600423886,0.00295800080214731
1.01275116485301,0.596790166349141,-0.0609291565953178,-0.317663251665797,-0.00636714047188983,0.137118029622098,-0.00654925267618991,-0.787790977450512,0.00301949933967693
1.01977474449012,0.59671556212274,-0.0613569129477847,-0.317679793449701,-0.00641372957205491,0.137118719204987,-0.00659944663158141,-0.787874060104721,0.00308207418687256
1.02684703369442,0.596639739507437,-0.0617876021497346,-0.31769662178309,-0.00646065953717099,0.137119353941641,-0.00665005214043503,-0.787957849261686,0.00314574070958784
1.033968370274,0.596562679364878,-0.0622212407344679,-0.317713741650476,-0.00650793223845856,0.13711993191592,-0.00670107246992974,-0.788042345666581,0.00321051440845876
1.04113909437969,0.596484362300424,-0.0626578452232756,-0.317731158115993,-0.00655554953071111,0.137120451171422,-0.00675251089941936,-0.788127549931821,0.00327641091787406
1.0483595485213,0.596404768661113,-0.0630974321227209,-0.317748876324332,-0.00660351325127871,0.137120909710987,-0.00680437072003518,-0.788213462534306,0.00334344600487801
1.05563007758401,0.596323878533632,-0.0635400179218783,-0.317766901501679,-0.0066518252190267,0.137121305496197,-0.0068566552342772,-0.788300083812664,0.00341163556800644
1.06295102884484,0.596241671742314,-0.0639856190895271,-0.317785238956647,-0.00670048723326901,0.13712163644689,-0.00690936775559369,-0.788387413964504,0.00348099563605286
1.07032275198921,0.596158127847141,-0.0644342520713038,-0.317803894081213,-0.00674950107267601,0.137121900440669,-0.00696251160794914,-0.788475453043671,0.00355154236676686
1.07774559912768,0.596073226141778,-0.0648859332868096,-0.317822872351652,-0.00679886849415665,0.137122095312414,-0.00701609012538044,-0.78856420095751,0.00362329204548217
1.08521992481272,0.59598694565161,-0.0653406791266763,-0.317842179329464,-0.00684859123171443,0.137122218853797,-0.00707010665154154,-0.788653657464149,0.00369626108367521
1.0927460860557,0.595899265131808,-0.0657985059495886,-0.317861820662307,-0.00689867099527701,0.137122268812804,-0.00712456453923593,-0.788743822169781,0.00377046601745229
1.1003244423439,0.595810163065409,-0.066259430079264,-0.317881802084917,-0.0069491094694993,0.137122242893255,-0.00717946714993797,-0.78883469452597,0.00384592350596752
1.10795535565772,0.595719617661417,-0.0667234678013904,-0.317902129420038,-0.00699990831253973,0.137122138754334,-0.00723481785330177,-0.788926273826974,0.0039226503297673
1.11563919048792,0.595627606852924,-0.0671906353605219,-0.317922808579332,-0.0070510691548093,0.137121954010112,-0.00729062002665885,-0.789018559207079,0.00400066338906579
1.12337631385307,0.595534108295247,-0.0676609489569317,-0.317943845564302,-0.00710259359769348,0.13712168622909,-0.00734687705450355,-0.789111549637965,0.00407997970194734
1.13116709531708,0.595439099364094,-0.0681344247434235,-0.317965246467194,-0.00715448321224631,0.137121332933732,-0.00740359232796694,-0.789205243926086,0.0041606164024976
1.13901190700682,0.595342557153742,-0.068611078822102,-0.317987017471906,-0.00720673953785693,0.137120891600011,-0.00746076924427875,-0.789299640710076,0.00424259073886202
1.14691112362992,0.595244458475238,-0.0690909272411008,-0.318009164854887,-0.00725936408088801,0.137120359656954,-0.0075184112062177,-0.789394738458191,0.00432592007123433
1.15486512249268,0.59514477985463,-0.0695739859912705,-0.318031694986028,-0.00731235831328591,0.137119734486204,-0.00757652162154996,-0.789490535465769,0.00441062186977148
1.16287428351806,0.595043497531207,-0.0700602710028243,-0.318054614329547,-0.0073657236711626,0.137119013421569,-0.00763510390245593,-0.789587029852734,0.00449671371243782
1.17093898926384,0.594940587455772,-0.0705497981419439,-0.318077929444872,-0.00741946155334867,0.137118193748596,-0.00769416146494542,-0.78968421956112,0.00458421328277797
1.1790596249409,0.59483602528893,-0.0710425832073443,-0.318101646987508,-0.00747357331991796,0.137117272704137,-0.00775369772826116,-0.789782102352648,0.00467313836761873
1.18723657843162,0.594729786399406,-0.0715386419267986,-0.318125773709903,-0.0075280602906828,0.137116247475929,-0.00781371611427072,-0.78988067580633,0.00476350685469901
1.19547024030838,0.594621845862375,-0.0720379899536217,-0.318150316462298,-0.00758292374366027,0.137115115202176,-0.00787422004684692,-0.789979937316115,0.00485533673023142
1.20376100385228,0.594512178457831,-0.0725406428631147,-0.318175282193578,-0.00763816491350937,0.137113872971144,-0.00793521295123691,-0.79007988408859,0.004948646076393
1.21210926507183,0.594400758668962,-0.0730466161489693,-0.3182006779521,-0.00769378498993841,0.137112517820755,-0.00799669825341971,-0.790180513140708,0.00504345306874621
1.22051542272196,0.594287560680564,-0.0735559252196321,-0.318226510886525,-0.00774978511608302,0.137111046738195,-0.00805867937945267,-0.790281821297587,0.00513977597359316
1.22897987832301,0.594172558377466,-0.074068585394629,-0.318252788246623,-0.00780616638685425,0.137109456659528,-0.0081211597548066,-0.790383805190339,0.00523763314526127
1.23750303617991,0.59405572534299,-0.074584611900851,-0.318279517384084,-0.00786292984725721,0.137107744469314,-0.00818414280368979,-0.790486461253965,0.00533704302332078
1.24608530340153,0.593937034857426,-0.0751040198687996,-0.3183067057533,-0.00792007649067922,0.137105907000243,-0.00824763194836126,-0.790589785725303,0.00543802412973965
1.25472708992008,0.593816459896536,-0.0756268243287936,-0.318334360912148,-0.00797760725714837,0.13710394103277,-0.00831163060843285,-0.790693774641031,0.00554059506597004
1.26342880851072,0.593693973130082,-0.0761530402071357,-0.318362490522751,-0.0080355230315617,0.13710184329476,-0.00837614220016078,-0.790798423835732,0.00564477450997392
1.27219087481126,0.593569546920375,-0.0766826823222406,-0.318391102352229,-0.00809382464188319,0.137099610461149,-0.00844117013572639,-0.790903728940024,0.00575058121318395
1.28101370734203,0.593443153320854,-0.0772157653807239,-0.318420204273433,-0.00815251285731141,0.137097239153605,-0.00850671782250664,-0.791009685378752,0.00585803399740531
1.28989772752585,0.59331476407468,-0.0777523039734511,-0.318449804265668,-0.00821158838641697,0.1370947259402,-0.00857278866233399,-0.791116288369249,0.00596715175165591
1.29884335970818,0.59318435061337,-0.0782923125715471,-0.318479910415398,-0.00827105187524929,0.137092067335102,-0.00863938605074614,-0.791223532919664,0.00607795342894901
1.30785103117738,0.593051884055433,-0.0788358055223683,-0.318510530916931,-0.00833090390541318,0.137089259798258,-0.00870651337622599,-0.791331413827367,0.00619045804302026
1.31692117218509,0.592917335205056,-0.0793827970454321,-0.318541674073096,-0.00839114499211459,0.137086299735109,-0.00877417401943112,-0.791439925677425,0.00630468466499651
1.32605421596686,0.592780674550792,-0.0799333012283102,-0.318573348295892,-0.00845177558217637,0.137083183496295,-0.00884237135241427,-0.791549062841153,0.00642065242001555
1.33525059876274,0.592641872264284,-0.080487332022479,-0.318605562107129,-0.00851279605202285,0.137079907377389,-0.00891110873783351,-0.791658819474747,0.00653838048379057
1.34451075983821,0.592500898199014,-0.0810449032391327,-0.318638324139043,-0.00857420670563437,0.137076467618624,-0.00898038952815374,-0.791769189517999,0.00665788807912765
1.3538351415051,0.592357721889069,-0.0816060285449541,-0.318671643134896,-0.00863600777247113,0.137072860404647,-0.00905021706483834,-0.791880166693086,0.00677919447239445
1.36322418914273,0.592212312547941,-0.082170721457847,-0.318705527949551,-0.00869819940536644,0.137069081864275,-0.00912059467753232,-0.791991744503455,0.00690231896994398
1.37267835121923,0.592064639067339,-0.0827389953426262,-0.318739987550035,-0.00876078167838967,0.137065128070262,-0.00919152568323645,-0.792103916232792,0.00702728091449578
1.38219807931287,0.591914670016037,-0.0833108634066671,-0.318775031016072,-0.00882375458467855,0.137060995039086,-0.00926301338547262,-0.792216674944071,0.00715409968147479
1.39178382813373,0.591762373638737,-0.0838863386955145,-0.318810667540598,-0.00888711803424123,0.137056678730737,-0.00933506107344108,-0.792330013478711,0.00728279467531323
1.40143605554534,0.591607717854965,-0.0844654340884479,-0.318846906430255,-0.0089508718517278,0.137052175048526,-0.00940767202116932,-0.792443924455806,0.00741338532571617
1.4111552225866,0.59145067025798,-0.0850481622940069,-0.318883757105862,-0.00901501577417186,0.137047479838902,-0.00948084948665295,-0.792558400271466,0.00754589108389292
1.42094179349378,0.591291198113717,-0.0856345358454714,-0.318921229102857,-0.00907954944870138,0.13704258889128,-0.00955459671098895,-0.792673433098246,0.00768033141875868
1.43079623572268,0.591129268359749,-0.0862245670962995,-0.318959332071722,-0.00914447243021994,0.137037497937885,-0.00962891691750109,-0.792789014884673,0.00781672581310772
1.440719019971,0.590964847604274,-0.0868182682155219,-0.318998075778378,-0.00920978417905744,0.13703220265361,-0.00970381331085838,-0.792905137354871,0.00795509375976111
1.45071062020079,0.590797902125123,-0.0874156511830911,-0.319037470104557,-0.0092754840585913,0.137026698655879,-0.00977928907618615,-0.793021792008299,0.00809545475769241
1.46077151366109,0.590628397868801,-0.0880167277851853,-0.319077525048147,-0.00934157133283748,0.137020981504534,-0.00985534737817043,-0.793138970119568,0.00823782830813391
1.47090218091073,0.590456300449539,-0.0886215096094663,-0.319118250723512,-0.00940804516401193,0.137015046701725,-0.00993199136015558,-0.793256662738385,0.00838223391066689
1.48110310584131,0.590281575148382,-0.0892300080402915,-0.319159657361779,-0.0094749046100623,0.13700888969182,-0.0100092241432357,-0.79337486068959,0.00852869105929799
1.49137477570027,0.590104186912292,-0.089842234253877,-0.319201755311106,-0.00954214862217038,0.137002505861329,-0.0100870488253398,-0.793493554573295,0.00867721923852582
1.50171768111418,0.589924100353284,-0.0904581992134129,-0.319244555036913,-0.00960977604222499,0.136995890538832,-0.0101654684803108,-0.793612734765142,0.00882783791940056
1.5121323161122,0.589741279747579,-0.0910779136641297,-0.31928806712209,-0.00967778560026567,0.136989038994935,-0.0102444861569796,-0.793732391416656,0.0089805665555811
1.52261917814963,0.589555689034783,-0.0917013881283133,-0.319332302267169,-0.00974617591189741,0.136981946442229,-0.0103241048782326,-0.793852514455718,0.00913542457939015
1.53317876813171,0.589367291817097,-0.0923286329002694,-0.319377271290473,-0.00981494547567638,0.136974608035266,-0.0104043276400755,-0.793973093587135,0.00929243139787372
1.54381159043753,0.589176051358543,-0.0929596580412352,-0.319422985128226,-0.00988409267046683,0.136967018870551,-0.0104851574106905,-0.794094118293333,0.00945160638886805
1.55451815294413,0.588981930584224,-0.0935944733742384,-0.319469454834639,-0.00995361575276984,0.136959173986545,-0.0105665971294905,-0.794215577835146,0.00961296889707486
1.56529896705074,0.588784892079601,-0.0942330884788996,-0.319516691581954,-0.0100235128540229,0.136951068363686,-0.0106486497061674,-0.79433746125273,0.0097765382301519
1.57615454770323,0.588584898089804,-0.0948755126861816,-0.31956470666047,-0.0100937819778718,0.136942696924417,-0.0107313180197374,-0.794459757366576,0.0099423336548205
1.58708541341869,0.588381910518966,-0.0955217550730791,-0.319613511478518,-0.0101644209974144,0.136934054533239,-0.0108146049175813,-0.794582454778638,0.0101103743929929
1.5980920863102,0.588175890929583,-0.0961718244572514,-0.319663117562414,-0.0102354276524165,0.136925135996768,-0.0108985132144821,-0.794705541873576,0.0102806796179274
1.60917509211179,0.587966800541903,-0.0968257293915958,-0.319713536556372,-0.0103067995464994,0.136915936063813,-0.0109830456916582,-0.794829006820104,0.0104532684504075
1.62033496020352,0.587754600233346,-0.0974834781587582,-0.319764780222387,-0.0103785341443014,0.136906449425465,-0.0110682050957941,-0.794952837572448,0.0106281599549562
1.63157222363676,0.587539250537946,-0.0981450787655837,-0.319816860440072,-0.0104506287686101,0.136896670715204,-0.011153994138068,-0.795077021871919,0.0108053731360861
1.64288741915971,0.58732071164583,-0.0988105389375008,-0.319869789206469,-0.0105230805974693,0.136886594509013,-0.0112404154931761,-0.795201547248594,0.0109849269345866
1.65428108724297,0.587098943402723,-0.0994798661128429,-0.319923578635816,-0.0105958866612578,0.136876215325519,-0.0113274717983549,-0.7953264010231,0.0111668402238564
1.6657537721054,0.586873905309483,-0.100153067437101,-0.319978240959279,-0.0106690438397422,0.136865527626134,-0.0114151656524013,-0.795451570308514,0.0113511318062828
1.67730602174008,0.586645556521675,-0.100830149757107,-0.320033788524645,-0.0107425488591027,0.136854525815222,-0.0115034996146904,-0.795577042012364,0.0115378204096705
1.68893838794052,0.586413855849172,-0.101511119615152,-0.320090233795976,-0.010816398288933,0.136843204240276,-0.0115924762041911,-0.795702802838741,0.0117269246837269
1.70065142632699,0.586178761755793,-0.102195983243028,-0.320147589353221,-0.0108905885392139,0.136831557192106,-0.011682097898481,-0.79582883929051,0.0119184631966028
1.71244569637308,0.585940232358973,-0.102884746555997,-0.320205867891792,-0.0109651158572607,0.13681957890505,-0.011772367132759,-0.795955137671629,0.0121124544314976
1.72432176143241,0.585698225429478,-0.10357741514669,-0.320265082222095,-0.0110399763246461,0.136807263557193,-0.0118632862988573,-0.796081684089566,0.0123089167833286
1.73628018876552,0.585452698391149,-0.104273994278924,-0.320325245269022,-0.0111151658540959,0.136794605270598,-0.0119548577442519,-0.796208464457823,0.0125078685554699
1.74832154956701,0.585203608320692,-0.10497448888144,-0.320386370071399,-0.0111906801863608,0.136781598111564,-0.0120470837710729,-0.796335464498546,0.0127093279565637
1.7604464189928,0.584950911947508,-0.105678903541572,-0.320448469781391,-0.011266514887063,0.136768236090881,-0.0121399666351135,-0.796462669745245,0.0129133130974088
1.77265537618758,0.584694565653559,-0.106387242498819,-0.320511557663866,-0.011342665343517,0.136754513164115,-0.0122335085448393,-0.7965900655456,0.013119841987928
1.78494900431252,0.584434525473297,-0.107099509638345,-0.320575647095711,-0.0114191267615275,0.136740423231897,-0.0123277116603965,-0.796717637064364,0.0133289325342195
1.79732789057308,0.584170747093611,-0.107815708484391,-0.320640751565105,-0.0114958941621612,0.136725960140231,-0.0124225780926211,-0.796845369286349,0.0135406025356947
1.80979262624709,0.583903185853856,-0.108535842193601,-0.320706884670748,-0.0115729623784956,0.136711117680816,-0.0125181099020473,-0.796973247019507,0.0137548696823065
1.82234380671297,0.583631796745901,-0.109259913548253,-0.320774060121042,-0.0116503260523435,0.13669588959138,-0.0126143090979167,-0.797101254898095,0.0139717515518701
1.83498203147818,0.583356534414251,-0.109987924949412,-0.320842291733223,-0.0117279796309537,0.13668026955603,-0.0127111776371873,-0.797229377385916,0.0141912656074818
1.84770790420785,0.583077353156218,-0.110719878409983,-0.320911593432447,-0.0118059173636883,0.136664251205617,-0.0128087174235442,-0.797357598779646,0.014413429195036
1.86052203275364,0.582794206922143,-0.11145577554767,-0.320981979250832,-0.0118841332986768,0.136647828118113,-0.0129069303064095,-0.797485903212233,0.0146382595408462
1.87342502918271,0.58250704931569,-0.112195617577847,-0.321053463326443,-0.0119626212794473,0.136630993819001,-0.0130058180799544,-0.797614274656374,0.0148657737493704
1.88641750980704,0.582215833594188,-0.112939405306322,-0.321126059902235,-0.0120413749415345,0.136613741781684,-0.0131053824821116,-0.797742696928057,0.0150959888010465
1.89950009521279,0.581920512669053,-0.113687139122013,-0.321199783324937,-0.0121203877090655,0.136596065427902,-0.0132056251935889,-0.797871153690172,0.0153289215502381
1.91267341029,0.581621039106269,-0.114438818989521,-0.321274648043891,-0.0121996527913233,0.136577958128165,-0.0133065478368838,-0.797999628456187,0.0155645887232941
1.92593808426241,0.581317365126936,-0.115194444441593,-0.321350668609839,-0.0122791631792877,0.136559413202204,-0.0134081519752998,-0.798128104593882,0.0158030069167256
1.93929475071751,0.58100944260791,-0.115954014571499,-0.321427859673653,-0.0123589116421552,0.136540423919429,-0.0135104391119641,-0.798256565329138,0.0160441925955015
1.95274404763682,0.580697223082496,-0.116717528025286,-0.321506235985014,-0.0124388907238364,0.136520983499405,-0.0136134106888462,-0.798384993749781,0.0162881620914644
1.96628661742637,0.580380657741244,-0.117484982993943,-0.321585812391037,-0.0125190927394333,0.136501085112337,-0.0137170680857788,-0.798513372809476,0.016534931601871
1.97992310694735,0.580059697432812,-0.118256377205448,-0.321666603834835,-0.0125995097716933,0.136480721879579,-0.01382141261948,-0.798641685331657,0.0167845171880589
1.99365416754703,0.579734292664928,-0.119031707916708,-0.32174862535404,-0.0126801336674456,0.136459886874143,-0.0139264455425773,-0.798769914013514,0.0170369347742378
2.00748045508988,0.579404393605439,-0.119810971905397,-0.321831892079249,-0.0127609560340139,0.136438573121231,-0.0140321680426334,-0.798898041429998,0.017292200146413
2.0214026299889,0.579069950083452,-0.120594165461675,-0.321916419232426,-0.0128419682356109,0.136416773598779,-0.0141385812411737,-0.799026050037869,0.0175503289514385
2.03542135723711,0.57873091159058,-0.121381284379797,-0.32200222212524,-0.012923161389712,0.13639448123801,-0.014245686192716,-0.799153922179776,0.0178113366962031
2.0495373064394,0.578387227282289,-0.122172323949616,-0.322089316157345,-0.0130045263634095,0.136371688924007,-0.0143534838838021,-0.799281640088349,0.0180752387469483
2.06375115184445,0.57803884597935,-0.12296727894796,-0.322177716814591,-0.0130860537697473,0.136348389496295,-0.0144619752320309,-0.79940918589032,0.0183420503287263
2.07806357237695,0.577685716169402,-0.12376614362991,-0.322267439667189,-0.013167733964037,0.136324575749436,-0.0145711610850942,-0.799536541610656,0.0186117865249865
2.09247525167004,0.57732778600864,-0.124568911719947,-0.322358500367797,-0.0132495570401548,0.136300240433643,-0.0146810422198142,-0.799663689176703,0.0188844622773072
2.10698687809795,0.576965003323609,-0.125375576402998,-0.322450914649553,-0.0133315128268202,0.136275376255398,-0.014791619341183,-0.799790610422336,0.0191600923852589
2.12159914480891,0.576597315613134,-0.126186130315356,-0.322544698324037,-0.0134135908838572,0.136249975878096,-0.0149028930814045,-0.799917287092111,0.0194386915064098
2.1363127497582,0.576224670050378,-0.127000565535488,-0.322639867279175,-0.0134957804984366,0.136224031922691,-0.015014863998938,-0.800043700845411,0.0197202741564691
2.15112839574156,0.575847013485029,-0.127818873574726,-0.32273643747706,-0.0135780706813029,0.136197536968362,-0.0151275325775444,-0.800169833260592,0.020004854709569
2.1660467904287,0.575464292445634,-0.128641045367836,-0.322834424951728,-0.0136604501629828,0.13617048355319,-0.0152408992253339,-0.80029566583911,0.0202924473986871
2.18106864639712,0.575076453142074,-0.129467071263482,-0.322933845806842,-0.0137429073899785,0.136142864174852,-0.0153549642738167,-0.800421180009631,0.0205830663162086
2.19619468116618,0.574683441468187,-0.130296941014561,-0.323034716213321,-0.0138254305209443,0.136114671291323,-0.0154697279769548,-0.800546357132124,0.020876725414626
2.21142561723131,0.57428520300455,-0.131130643768429,-0.323137052406889,-0.0139080074228482,0.136085897321598,-0.0155851905102171,-0.800671178501926,0.0211734385073802
2.22676218209858,0.57388168302142,-0.131968168057006,-0.323240870685559,-0.0139906256671187,0.136056534646422,-0.0157013519696353,-0.800795625353774,0.021473219269838
2.24220510831939,0.573472826481842,-0.132809501786774,-0.32334618740703,-0.0140732725257769,0.136026575609041,-0.0158182123708635,-0.800919678865805,0.0217760812404089
2.25775513352553,0.573058578044924,-0.13365463222865,-0.323453018986025,-0.0141559349675551,0.135996012515961,-0.0159357716482381,-0.801043320163513,0.022082037821798
2.27341300046436,0.572638882069297,-0.134503546007753,-0.323561381891536,-0.0142385996540023,0.135964837637723,-0.0160540296538421,-0.801166530323662,0.0223911022823964
2.28917945703428,0.572213682616747,-0.135356229093057,-0.323671292644006,-0.0143212529355765,0.135933043209693,-0.0161729861565692,-0.801289290378154,0.0227032877578044
2.30505525632052,0.571782923456052,-0.136212666786929,-0.323782767812419,-0.014403880847726,0.135900621432868,-0.0162926408411919,-0.801411581317835,0.0230186072524909
2.32104115663104,0.571346548066995,-0.137072843714562,-0.323895824011315,-0.0144864691069586,0.135867564474693,-0.0164129933074305,-0.801533384096251,0.0233370736415828
2.33713792153279,0.570904499644592,-0.137936743813298,-0.324010477897728,-0.0145690031069014,0.135833864469894,-0.0165340430690253,-0.801654679633336,0.0236586996727873
2.35334631988814,0.570456721103516,-0.138804350321841,-0.324126746168025,-0.0146514679143496,0.135799513521331,-0.0166557895528101,-0.801775448819032,0.0239834979684417
2.36966712589169,0.570003155082749,-0.139675645769376,-0.324244645554678,-0.0147338482653077,0.135764503700856,-0.0167782320977888,-0.801895672516848,0.0243114810276902
2.38610111910714,0.56954374395043,-0.14055061196457,-0.324364192822938,-0.0148161285610216,0.135728827050198,-0.0169013699542132,-0.802015331567324,0.0246426612287873
2.40264908450462,0.569078429808953,-0.14142922998449,-0.32448540476742,-0.0148982928640046,0.135692475581854,-0.0170252022826638,-0.802134406791437,0.024977050831522
2.41931181249812,0.568607154500278,-0.142311480163409,-0.324608298208609,-0.0149803248940563,0.135655441280002,-0.0171497281531332,-0.802252878993904,0.025314661979765
2.43609009898327,0.568129859611488,-0.14319734208153,-0.324732889989263,-0.015062208024277,0.135617716101428,-0.0172749465441106,-0.802370728966412,0.0256555067041315
2.45298474537537,0.567646486480589,-0.144086794553612,-0.32485919697073,-0.0151439252770778,0.135579291976467,-0.0174008563416702,-0.802487937490743,0.0259995969247619
2.46999655864764,0.567156976202562,-0.144979815617506,-0.324987236029169,-0.0152254593201875,0.135540160809968,-0.0175274563385611,-0.802604485341812,0.0263469444542137
2.48712635136979,0.566661269635667,-0.145876382522616,-0.325117024051671,-0.0153067924626584,0.135500314482264,-0.0176547452333004,-0.802720353290599,0.026697561000464
2.50437494174681,0.566159307408016,-0.146776471718265,-0.325248577932292,-0.0153879066508703,0.135459744850173,-0.017782721629268,-0.802835522106987,0.0270514581700191
2.52174315365806,0.565651029924414,-0.147680058842001,-0.325381914567977,-0.0154687834645363,0.135418443748003,-0.0179113840338056,-0.802949972562477,0.0274086474711281
2.53923181669665,0.565136377373473,-0.148587118707815,-0.325517050854385,-0.01554940411271,0.135376402988589,-0.018040730857317,-0.80306368543281,0.0277691403170974
2.55684176620901,0.564615289735015,-0.1494976252943,-0.325654003681619,-0.0156297494297963,0.135333614364334,-0.0181707604123729,-0.803176641500461,0.0281329480297015
2.57457384333485,0.564087706787761,-0.150411551732744,-0.325792789929837,-0.0157097998715676,0.135290069648277,-0.0183014709128177,-0.803288821557024,0.0285000818426899
2.59242889504728,0.563553568117312,-0.151328870295165,-0.325933426464775,-0.0157895355111849,0.135245760595183,-0.0184328604728802,-0.803400206405471,0.0288705529053824
2.61040777419332,0.56301281312444,-0.152249552382291,-0.326075930133144,-0.0158689360352293,0.135200678942638,-0.0185649271062873,-0.803510776862295,0.0292443722863528
2.6285113395346,0.562465381033682,-0.153173568511493,-0.326220317757931,-0.015947980739741,0.135154816412181,-0.0186976687253824,-0.803620513759515,0.0296215509771953
2.64674045578839,0.561911210902254,-0.154100888304679,-0.326366606133582,-0.0160266485262712,0.135108164710443,-0.0188310831402462,-0.803729397946566,0.0300020998963691
2.6650959936689,0.561350241629276,-0.155031480476143,-0.326514812021073,-0.0161049178979469,0.135060715530316,-0.018965168057823,-0.803837410292043,0.0303860298931215
2.68357882992886,0.560782411965338,-0.155965312820397,-0.32666495214287,-0.0161827669555509,0.135012460552131,-0.0190999210810506,-0.803944531685319,0.0307733517514795
2.70218984740145,0.56020766052239,-0.156902352199967,-0.326817043177763,-0.0162601733936192,0.134963391444871,-0.0192353397079949,-0.804050743038028,0.0311640761943101
2.72092993504239,0.559625925783977,-0.157842564533181,-0.326971101755595,-0.0163371144965577,0.134913499867393,-0.0193714213309899,-0.804156025285398,0.0315582138874445
2.73979998797246,0.559037146115819,-0.158785914781942,-0.327127144451856,-0.01641356713478,0.134862777469684,-0.0195081632357822,-0.804260359387458,0.0319557754438612
2.75880090752022,0.558441259776741,-0.159732366939502,-0.327285187782172,-0.0164895077608694,0.134811215894125,-0.019645562600682,-0.804363726330083,0.0323567714279239
2.77793360126509,0.557838204929962,-0.160681884018239,-0.327445248196652,-0.0165649124057673,0.134758806776794,-0.0197836164957191,-0.804466107125916,0.0327612123596707
2.79719898308069,0.557227919654752,-0.161634428037449,-0.327607342074126,-0.0166397566749886,0.134705541748779,-0.0199223218818063,-0.80456748281512,0.0331691087191491
2.81659797317847,0.556610341958451,-0.162589960011158,-0.327771485716248,-0.01671401574487,0.134651412437523,-0.0200616756099082,-0.804667834466004,0.0335804709507946
2.83613149815172,0.55598540978887,-0.163548439935965,-0.327937695341467,-0.0167876643588502,0.134596410468187,-0.0202016744202188,-0.804767143175475,0.033995309467845
2.85580049101974,0.555353061047065,-0.16450982677892,-0.32810598707888,-0.0168606768237878,0.134540527465045,-0.0203423149413451,-0.804865390069364,0.0344136346567897
2.87560589127251,0.55471323360051,-0.165474078465456,-0.328276376961941,-0.016933027006317,0.134483755052894,-0.0204835936895003,-0.804962556302578,0.0348354568818472
2.89554864491548,0.554065865296641,-0.166441151867369,-0.328448880922039,-0.017004688329246,0.1344260848585,-0.0206255070677045,-0.805058623059112,0.0352607864894673
2.91562970451479,0.553410893976818,-0.167411002790874,-0.32862351478195,-0.0170756337680002,0.134367508512063,-0.0207680513649955,-0.805153571551902,0.0356896338128529
2.93585002924278,0.552748257490669,-0.168383585964727,-0.328800294249138,-0.0171458358471133,0.134308017648711,-0.0209112227556486,-0.805247383022519,0.0361220091764975
2.95621058492378,0.552077893710854,-0.169358855028442,-0.328979234908933,-0.0172152666367697,0.13424760391002,-0.0210550172984075,-0.805340038740717,0.0365579229007343
2.97671234408028,0.551399740548227,-0.170336762520597,-0.329160352217556,-0.017283897749401,0.134186258945559,-0.0211994309357256,-0.805431520003813,0.0369973853062898
2.99735628597932,0.550713735967422,-0.171317259867255,-0.32934366149501,-0.0173517003363408,0.13412397441447,-0.0213444594930192,-0.805521808135922,0.0374404067188419
3.01814339667932,0.550019818002851,-0.172300297370496,-0.329529177917833,-0.0174186450845405,0.134060741987063,-0.0214900986779333,-0.805610884487026,0.037886997473574
3.03907466907719,0.549317924775127,-0.173285824197084,-0.329716916511698,-0.0174847022133498,0.133996553346456,-0.0216363440796202,-0.805698730431887,0.0383371679197221
3.06015110295567,0.54860799450791,-0.174273788367269,-0.329906892143872,-0.0175498414713663,0.133931400190229,-0.0217831911680318,-0.805785327368812,0.0387909284251108
3.08137370503119,0.547889965545185,-0.17526413674375,-0.330099119515535,-0.0176140321333566,0.133865274232112,-0.021930635293227,-0.805870656718248,0.039248289380674
3.10274348900188,0.547163776368971,-0.176256815020793,-0.330293613153942,-0.0176772429972546,0.133798167203708,-0.022078671684694,-0.805954699921234,0.0397092612049534
3.12426147559604,0.546429365617463,-0.177251767713535,-0.330490387404446,-0.0177394423812388,0.133730070856239,-0.0222272954506891,-0.806037438437684,0.0401738543485751
3.14592869262085,0.545686672103615,-0.178248938147471,-0.330689456422363,-0.0178005981208945,0.133660976962324,-0.0223765015775931,-0.806118853744525,0.0406420792986951
3.16774617501149,0.54493563483416,-0.179248268448148,-0.330890834164701,-0.0178606775664649,0.133590877317787,-0.0225262849292845,-0.806198927333674,0.0411139465834106
3.18971496488059,0.54417619302907,-0.180249699531069,-0.331094534381718,-0.0179196475801935,0.133519763743499,-0.0226766402465334,-0.806277640709866,0.041589466776138
3.21183611156796,0.543408286141466,-0.181253171091834,-0.331300570608353,-0.0179774745337647,0.133447628087245,-0.0228275621464136,-0.806354975388321,0.0420686504999438
3.23411067169074,0.542631853877963,-0.182258621596515,-0.331508956155484,-0.0180341243058456,0.133374462225628,-0.0229790451217374,-0.806430912892269,0.0425515084318324
3.25653970919388,0.541846836219468,-0.183265988272293,-0.331719704101045,-0.0180895622797339,0.133300258066002,-0.0231310835405105,-0.806505434750315,0.0430380513069838
3.27912429540095,0.541053173442424,-0.184275207098362,-0.331932827280989,-0.0181437533411162,0.133225007548436,-0.0232836716454119,-0.80657852249366,0.0435282899229357
3.30186550906528,0.540250806140492,-0.185286212797121,-0.332148338280096,-0.0181966618759424,0.133148702647711,-0.0234368035532961,-0.806650157653171,0.0440222351437084
3.32476443642155,0.539439675246692,-0.186298938825658,-0.332366249422628,-0.0182482517684201,0.133071335375346,-0.0235904732547221,-0.806720321756306,0.0445198979038667
3.3478221712376,0.538619722055977,-0.187313317367558,-0.332586572762833,-0.0182984863991341,0.132992897781662,-0.0237446746135075,-0.806788996323888,0.0450212892125165
3.37103981486675,0.537790888248261,-0.188329279325031,-0.332809320075293,-0.0183473286432969,0.132913381957872,-0.0238994013663114,-0.806856162866746,0.0455264201572305
3.39441847630035,0.536953115911888,-0.189346754311388,-0.333034502845121,-0.018394740869134,0.132832780038206,-0.0240546471222448,-0.806921802882201,0.0460353019079009
3.41795927222076,0.536106347567537,-0.190365670643874,-0.333262132258007,-0.0184406849364099,0.132751084202069,-0.0242104053625118,-0.806985897850421,0.0465479457205133
3.44166332705473,0.535250526192577,-0.191385955336877,-0.333492219190107,-0.0184851221950999,0.132668286676228,-0.0243666694400821,-0.807048429230632,0.047064362940842
3.46553177302703,0.534385595245853,-0.192407534095528,-0.333724774197786,-0.0185280134842141,0.132584379737033,-0.0245234325793955,-0.807109378457199,0.047584565008057
3.48956575021462,0.533511498692901,-0.193430331309701,-0.333959807507208,-0.0185693191307766,0.132499355712672,-0.0246806878761005,-0.807168726935564,0.048108563458246
3.51376640660105,0.532628181031606,-0.194454270048446,-0.334197329003775,-0.018608998948968,0.132413206985451,-0.0248384282968282,-0.807226456038059,0.0486363699278427
3.53813489813128,0.531735587318273,-0.195479272054847,-0.334437348221421,-0.0186470122394346,0.132325925994117,-0.0249966466790024,-0.807282547099584,0.0491679961569609
3.56267238876697,0.530833663194128,-0.196505257741348,-0.334679874331754,-0.0186833177887728,0.132237505236196,-0.0251553357306878,-0.807336981413161,0.0497034539926308
3.58738005054197,0.529922354912233,-0.197532146185533,-0.33492491613306,-0.0187178738691898,0.13214793727038,-0.0253144880304771,-0.807389740225361,0.0502427553919316
3.61225906361841,0.529001609364814,-0.19855985512641,-0.33517248203915,-0.018750638238352,0.132057214718932,-0.0254740960274197,-0.807440804731604,0.0507859124250225
3.63731061634298,0.52807137411099,-0.199588300961188,-0.335422580068079,-0.0187815681394215,0.131965330270126,-0.0256341520409908,-0.807490156071346,0.0513329372780632
3.66253590530377,0.527131597404906,-0.200617398742575,-0.335675217830714,-0.0188106203012911,0.131872276680715,-0.0257946482611061,-0.807537775323144,0.0518838422560259
3.68793613538733,0.52618222822425,-0.201647062176616,-0.335930402519166,-0.01883775093902,0.131778046778431,-0.0259555767481793,-0.8075836434996,0.0524386397853919
3.71351251983634,0.525223216299163,-0.202677203621083,-0.336188140895093,-0.0188629157544786,0.131682633464514,-0.0261169294332282,-0.807627741542203,0.0529973424167329
3.73926628030746,0.524254512141518,-0.203707734084435,-0.336448439277855,-0.0188860699372073,0.131586029716263,-0.0262786981180271,-0.807670050316052,0.0535599628271731
3.76519864692972,0.523276067074563,-0.204738563225364,-0.336711303532553,-0.0189071681654956,0.131488228589625,-0.0264408744753091,-0.807710550604475,0.0541265138227288
3.7913108583633,0.522287833262929,-0.205769599352943,-0.336976739057934,-0.0189261646076868,0.131389223221801,-0.0266034500490196,-0.807749223103543,0.0546970083405242
3.81760416185865,0.52128976374298,-0.2068007494274,-0.337244750774166,-0.0189430129237154,0.131289006833883,-0.0267664162546222,-0.80778604841648,0.0552714594508804
3.84407981331609,0.5202818124535,-0.207831919061524,-0.337515343110502,-0.0189576662668829,0.131187572733517,-0.0269297643794577,-0.807821007047979,0.0558498803592739
3.87073907734582,0.519263934266703,-0.208863012522725,-0.337788519992819,-0.018970077285877,0.131084914317589,-0.0270934855831597,-0.807854079398412,0.0564322844081654
3.89758322732826,0.518236085019561,-0.209893932735765,-0.338064284831046,-0.0189801981270414,0.130981025074933,-0.0272575708981261,-0.807885245757958,0.0570186850786929
3.92461354547494,0.517198221545428,-0.210924581286173,-0.338342640506479,-0.0189879804369021,0.130875898589061,-0.0274220112300494,-0.807914486300633,0.057609095992229
3.95183132288971,0.516150301705957,-0.211954858424368,-0.338623589358994,-0.0189933753649558,0.130769528540923,-0.0275867973585075,-0.807941781078231,0.058203530911801
3.97923785963041,0.515092284423281,-0.212984663070492,-0.338907133174156,-0.0189963335667255,0.130661908711673,-0.0277519199376144,-0.807967110014192,0.0588020037433692
4.00683446477099,0.514024129712468,-0.214013892819988,-0.339193273170233,-0.0189968052070919,0.130553032985466,-0.0279173694967357,-0.807990452897371,0.059404528536964
4.03462245646401,0.512945798714203,-0.21504244394992,-0.339482009985116,-0.0189947399639029,0.130442895352266,-0.0280831364412666,-0.808011789375745,0.0600111194876783
4.06260316200361,0.511857253727715,-0.216070211426063,-0.339773343663154,-0.0189900870318698,0.130331489910673,-0.0282492110534772,-0.80803109895003,0.0606217909365134
4.09077791788892,0.510758458243904,-0.217097088910773,-0.340067273641911,-0.0189827951267553,0.130218810870768,-0.028415583493424,-0.808048360967241,0.0612365573710794
4.11914806988789,0.509649376978671,-0.218122968771653,-0.340363798738838,-0.0189728124898576,0.130104852556961,-0.0285822437999304,-0.808063554614165,0.0618554334261425
4.14771497310157,0.508529975906419,-0.219147742091033,-0.340662917137886,-0.0189600868927986,0.129989609410865,-0.0287491818916377,-0.808076658910785,0.0624784338840254
4.17647999202884,0.507400222293718,-0.220171298676274,-0.340964626376049,-0.0189445656426188,0.129873075994169,-0.0289163875681267,-0.808087652703627,0.0631055736748506
4.20544450063156,0.506260084733111,-0.221193527070908,-0.34126892332985,-0.018926195587188,0.129755246991528,-0.0290838505111124,-0.808096514659055,0.0637368678766347
4.23460988240025,0.505109533177034,-0.222214314566636,-0.34157580420178,-0.0189049231209331,0.129636117213453,-0.0292515602857133,-0.808103223256504,0.0643723317152227
4.26397753042013,0.50394853897184,-0.223233547216197,-0.341885264506687,-0.0188806941908914,0.129515681599209,-0.0294195063417949,-0.808107756781666,0.0650119805640686
4.29354884743766,0.502777074891908,-0.224251109847104,-0.342197299058136,-0.0188534543030933,0.129393935219719,-0.029587678015391,-0.808110093319614,0.0656558299438563
4.32332524592758,0.501595115173795,-0.225266886076285,-0.342511901954731,-0.0188231485292785,0.129270873280467,-0.0297560645302017,-0.80811021074789,0.0663038955219616
4.35330814816033,0.500402635550438,-0.226280758325624,-0.34282906656642,-0.0187897215139525,0.129146491124396,-0.0299246549991713,-0.808108086729542,0.0669561931117546
4.38349898627002,0.499199613285359,-0.227292607838415,-0.343148785520787,-0.0187531174817859,0.129020784234812,-0.0300934384261454,-0.808103698706118,0.0676127386717396
4.41389920232282,0.497986027206865,-0.228302314696752,-0.343471050689333,-0.0187132802453628,0.128893748238276,-0.03026240370761,-0.80809702389063,0.0682735483045324
4.44451024838583,0.496761857742204,-0.229309757839843,-0.343795853173759,-0.0186701532132814,0.128765378907489,-0.0304315396345116,-0.80808803926047,0.0689386382556753
4.47533358659646,0.495527086951669,-0.230314815083287,-0.344123183292267,-0.0186236793986122,0.128635672164174,-0.0306008348941615,-0.80807672155031,0.069608024912287
4.50637068923228,0.494281698562613,-0.231317363139297,-0.344453030565873,-0.0185738014277156,0.12850462408194,-0.0307702780722235,-0.808063047244954,0.0702817248015462
4.53762303878129,0.493025678003351,-0.232317277637893,-0.344785383704744,-0.0185204615494259,0.128372230889133,-0.0309398576547863,-0.808046992572184,0.070959754589011
4.56909212801278,0.491759012436926,-0.233314433149066,-0.345120230594589,-0.0184636016446012,0.128238488971669,-0.0311095620305221,-0.808028533495565,0.0716421310767715
4.60077946004862,0.490481690794709,-0.23430870320593,-0.345457558283073,-0.0184031632360472,0.128103394875854,-0.0312793794929308,-0.808007645707245,0.0723288712014321
4.63268654843505,0.489193703809799,-0.235299960328852,-0.34579735296631,-0.0183390874988135,0.127966945311175,-0.0314492982426716,-0.807984304620731,0.0730199920319295
4.66481491721498,0.487895044050218,-0.236288076050582,-0.346139599975404,-0.0182713152708681,0.127829137153067,-0.031619306389982,-0.80795848536365,0.0737155107671794
4.69716610100076,0.486585705951835,-0.237272920942379,-0.346484283763077,-0.0181997870641514,0.12768996744566,-0.0317893919571848,-0.807930162770504,0.0744154447335555
4.72974164504755,0.485265685851026,-0.238254364641141,-0.34683138789038,-0.0181244430760137,0.127549433404488,-0.0319595428812834,-0.807899311375418,0.0751198113821974
4.76254310532705,0.483934982017016,-0.239232275877543,-0.347180895013494,-0.0180452232010352,0.127407532419168,-0.0321297470166459,-0.807865905404879,0.0758286282861498
4.79557204860185,0.482593594683887,-0.240206522505178,-0.347532786870649,-0.0179620670432332,0.127264262056045,-0.0322999921377782,-0.807829918770478,0.0765419131373294
4.82883005250031,0.481241526082209,-0.241176971530712,-0.347887044269154,-0.0178749139286571,0.127119620060793,-0.0324702659421862,-0.807791325061653,0.0772596837433235
4.86231870559183,0.479878780470279,-0.242143489145058,-0.348243647072552,-0.0177837029183714,0.126973604360987,-0.0326405560533272,-0.807750097538433,0.0779819580240142
4.89603960746281,0.478505364164915,-0.243105940755543,-0.348602574187925,-0.0176883728218282,0.12682621306861,-0.0328108500236505,-0.807706209124198,0.0787087540080346
4.92999436879299,0.477121285571796,-0.244064191019104,-0.348963803553341,-0.0175888622106311,0.126677444482537,-0.0329811353377265,-0.807659632398441,0.0794400898290497
4.96418461143244,0.475726555215298,-0.245018103876482,-0.349327312125464,-0.017485109432688,0.126527297090943,-0.0331513994154657,-0.807610339589551,0.0801759837218691
4.99861196847899,0.474321185767805,-0.24596754258742,-0.349693075867341,-0.0173770526267547,0.126375769573682,-0.0333216296154249,-0.80755830256761,0.0809164540183848
5.03327808435624,0.472905192078454,-0.246912369766865,-0.350061069736374,-0.0172646297373688,0.126222860804588,-0.0334918132382023,-0.807503492837207,0.0816615191433385
5.06818461489212,0.471478591201289,-0.247852447422169,-0.350431267672481,-0.0171477785301711,0.126068569853728,-0.0336619375299194,-0.807445881530279,0.0824111976099165
5.10333322739797,0.47004140242278,-0.248787636991265,-0.350803642586479,-0.0170264366076164,0.125912895989591,-0.0338319896857907,-0.807385439398978,0.0831655080151726
5.13872560074817,0.468593647288691,-0.249717799381845,-0.351178166348674,-0.016900541425069,0.125755838681205,-0.0340019568537779,-0.807322136808567,0.0839244690352782
5.17436342546036,0.467135349630237,-0.250642795011492,-0.351554809777691,-0.0167700303072834,0.12559739760019,-0.0341718261383311,-0.807255943730341,0.0846880994206014
5.21024840377617,0.465666535589529,-0.251562483848785,-0.351933542629548,-0.0166348404652659,0.125437572622732,-0.0343415846042123,-0.807186829734593,0.0854564179906134
5.24638224974252,0.464187233644242,-0.252476725455358,-0.352314333586983,-0.0164949090135162,0.12527636383149,-0.0345112192804036,-0.807114763983608,0.0862294436286232
5.2827666892935,0.462697474631499,-0.253385379028892,-0.352697150249049,-0.0163501729876447,0.125113771517415,-0.0346807171640961,-0.807039715224707,0.0870071952763416
5.31940346033281,0.461197291770914,-0.25428830344704,-0.353081959120998,-0.0162005693623617,0.124949796181488,-0.0348500652247597,-0.806961651783325,0.0877896919282717
5.35629431281677,0.459686720686777,-0.255185357312264,-0.353468725604446,-0.016046035069836,0.124784438536376,-0.0350192504082918,-0.806880541556144,0.0885769526259309
5.39344100883792,0.458165799429343,-0.256076398997565,-0.353857413987847,-0.015886507018417,0.124617699507998,-0.0351882596412432,-0.806796352004266,0.0893689964518995
5.43084532270915,0.456634568495189,-0.256961286693099,-0.354247987437293,-0.0157219221117166,0.124449580236993,-0.0353570798351201,-0.806709050146448,0.0901658425237005
5.4685090410485,0.455093070846603,-0.257839878453648,-0.354640407987624,-0.0155522172680449,0.124280082080101,-0.0355256978907592,-0.806618602552382,0.090967509987508
5.50643396286443,0.453541351929988,-0.258712032246944,-0.355034636533899,-0.0153773294401947,0.124109206611436,-0.0356941007027752,-0.806524975336042,0.0917740180116862
5.54462189964184,0.451979459693219,-0.259577606002801,-0.355430632823203,-0.015197195635569,0.123936955623668,-0.0358622751640777,-0.806428134149083,0.0925853857801586
5.58307467542852,0.450407444601959,-0.260436457663062,-0.35582835544683,-0.0150117529366432,0.123763331129089,-0.0360302081704553,-0.806328044174313,0.0934016324856085
5.6217941269223,0.448825359654867,-0.261288445232311,-0.356227761832839,-0.0148209385217581,0.123588335360582,-0.0361978866252254,-0.80622467011922,0.0942227773225105
5.66078210355879,0.447233260397687,-0.262133426829343,-0.356628808238993,-0.0146246896862338,0.123411970772467,-0.0363652974439459,-0.806117976209574,0.0950488394799936
5.70004046759971,0.445631204936177,-0.262971260739362,-0.357031449746104,-0.0144229438637978,0.123234240041242,-0.0365324275591872,-0.806007926183106,0.0958798381345373
5.73957109422183,0.444019253947863,-0.263801805466877,-0.357435640251785,-0.0142156386483191,0.123055146066206,-0.0366992639253616,-0.805894483283251,0.0967157924425004
5.77937587160657,0.442397470692561,-0.264624919789271,-0.357841332464627,-0.0140027118158395,0.122874691969957,-0.036865793523606,-0.805777610252972,0.0975567215324826
5.81945670103016,0.440765921021667,-0.265440462811009,-0.358248477898803,-0.0137841013468932,0.122692881098775,-0.0370320033667175,-0.805657269328672,0.098402644497521
5.85981549695445,0.439124673386169,-0.266248294018466,-0.358657026869122,-0.0135597454491055,0.122509717022871,-0.0371978805041358,-0.805533422234173,0.0992535803871208
5.90045418711838,0.437473798843353,-0.267048273335326,-0.359066928486532,-0.0133295825800597,0.122325203536517,-0.0373634120269707,-0.805406030174797,0.100109548199121
5.94137471263004,0.435813371062191,-0.267840261178537,-0.359478130654091,-0.0130935514704234,0.122139344658037,-0.0375285850730721,-0.805275053831524,0.100970566871399
5.9825790280594,0.434143466327361,-0.26862411851477,-0.359890580063409,-0.0128515911473223,0.121952144629674,-0.0376933868321367,-0.805140453355245,0.101836655273403
6.02406910153166,0.432464163541903,-0.269399706917365,-0.360304222191576,-0.0126036409579509,0.121763607917311,-0.03785780455085,-0.805002188361109,0.102707832197535
6.06584691482126,0.430775544228457,-0.270166888623715,-0.360719001298586,-0.0123496405934091,0.121573739210067,-0.0380218255380584,-0.804860217922965,0.103584116350363
6.10791446344653,0.429077692529085,-0.270925526593047,-0.361134860425257,-0.0120895301127514,0.121382543419739,-0.0381854371699689,-0.804714500567903,0.104465526343671
6.15027375676503,0.427370695203631,-0.271675484564579,-0.361551741391666,-0.0118232499672382,0.121190025680116,-0.0383486268953703,-0.804564994270897,0.105352080685354
6.19292681806951,0.425654641626628,-0.272416627116,-0.36196958479611,-0.0115507410247755,0.120996191346139,-0.0385113822408748,-0.804411656449555,0.106243797770153
6.23587568468454,0.423929623782697,-0.273148819722226,-0.362388330014584,-0.0112719445945305,0.120801045992919,-0.0386736908161727,-0.804254443958969,0.107140695870225
6.27912240806387,0.422195736260449,-0.273871928814412,-0.362807915200801,-0.0109868024517087,0.120604595414607,-0.0388355403192987,-0.804093313086682,0.108042793125563
6.32266905388835,0.420453076244855,-0.274585821839154,-0.363228277286756,-0.0106952568624812,0.120406845623119,-0.0389969185419027,-0.803928219547762,0.108950107534253
6.36651770216467,0.418701743508072,-0.275290367317855,-0.363649351983838,-0.0103972506090459,0.120207802846702,-0.0391578133745238,-0.803759118479994,0.10986265694258
6.41067044732463,0.416941840398718,-0.275985434906201,-0.364071073784498,-0.0100927270148093,0.120007473528359,-0.0393182128118595,-0.803585964439188,0.110780459034971
6.45512939832527,0.41517347182957,-0.276670895453703,-0.364493375964482,-0.00978162996967435,0.119805864324109,-0.0394781049580285,-0.803408711394607,0.111703531323796
6.49989667874954,0.413396745263678,-0.277346621063259,-0.364916190585631,-0.00946390395541993,0.119602982101104,-0.03963747803182,-0.803227312724518,0.112631891139
6.54497442690774,0.41161177069889,-0.278012485150699,-0.365339448499254,-0.00913949407115536,0.119398833935586,-0.0397963203719267,-0.803041721211866,0.113565555617597
6.5903647959397,0.409818660650771,-0.278668362504245,-0.36576307935008,-0.00880834605883657,0.119193427110686,-0.0399546204421548,-0.80285188904008,0.114504541693002
6.63606995391757,0.408017530133913,-0.279314129343858,-0.366187011580791,-0.00847040632882673,0.118986769114076,-0.0401123668366072,-0.802657767789007,0.115448866084219
6.68209208394941,0.406208496641626,-0.279949663380414,-0.366611172437147,-0.008125621985487,0.118778867635451,-0.0402695482848351,-0.802459308430977,0.116398545284873
6.72843338428345,0.404391680124013,-0.280574843874658,-0.367035487973688,-0.00777394085277949,0.118569730563868,-0.0404261536569516,-0.802256461327005,0.117353595552104
6.77509606841313,0.402567202964414,-0.281189551695891,-0.367459883060041,-0.00741531149986846,0.118359365984922,-0.0405821719687039,-0.802049176223136,0.118314032895299
6.82208236518274,0.400735189954237,-0.281793669380342,-0.367884281387813,-0.00704968326670186,0.118147782177762,-0.0407375923864976,-0.801837402246919,0.119279873064689
6.86939451889399,0.398895768266152,-0.282387081189165,-0.368308605478084,-0.00667700628955806,0.117934987611955,-0.0408924042323685,-0.801621087904037,0.120251131539797
6.91703478941313,0.397049067425675,-0.282969673166018,-0.36873277668949,-0.00629723152653902,0.117720990944199,-0.041046596988897,-0.801400181075072,0.121227823517739
6.96500545227891,0.395195219281128,-0.283541333194174,-0.369156715226914,-0.00591031078299664,0.117505801014869,-0.0412001603040589,-0.801174629012427,0.122209963901383
7.0133087988113,0.393334357971989,-0.284101951053107,-0.369580340150762,-0.00551619673687223,0.117289426844421,-0.0413530839960088,-0.80094437833739,0.123197567287369
7.06194713622089,0.391466619895639,-0.284651418474508,-0.370003569386843,-0.0051148429639345,0.11707187762963,-0.0415053580577891,-0.800709375037363,0.124190647953981
7.11092278771915,0.389592143672516,-0.285189629197671,-0.370426319736844,-0.00470620396289861,0.116853162739693,-0.0416569726619613,-0.800469564463232,0.125189219848883
7.16023809262934,0.387711070109685,-0.285716479024213,-0.370848506889393,-0.00429023518040889,0.116633291712164,-0.041807918165152,-0.80022489132691,0.126193296576718
7.20989540649828,0.38582354216284,-0.28623186587206,-0.371270045431717,-0.0038668930358699,0.116412274248752,-0.0419581851125111,-0.799975299699029,0.127202891386563
7.25989710120885,0.383929704896744,-0.286735689828657,-0.371690848861889,-0.00343613494610781,0.116190120210964,-0.0421077642420747,-0.799720733006808,0.128218017159248
7.31024556509332,0.382029705444144,-0.287227853203354,-0.372110829601655,-0.00299791934984564,0.115966839615611,-0.0422566464890286,-0.799461134032072,0.129238686394547
7.36094320304735,0.380123692963156,-0.287708260578915,-0.372529899009845,-0.00255220573197734,0.115742442630166,-0.0424048229898669,-0.799196444909457,0.130264911198221
7.41199243664497,0.378211818593154,-0.288176818862089,-0.372947967396358,-0.00209895464762105,0.11551693956798,-0.0425522850864412,-0.79892660712477,0.13129670326894
7.46339570425412,0.376294235409184,-0.288633437333218,-0.373364944036716,-0.00163812774593897,0.115290340883364,-0.0426990243298945,-0.798651561513537,0.132334073885063
7.51515546115323,0.374371098374929,-0.289078027694811,-0.373780737187184,-0.00116968779370522,0.115062657166534,-0.0428450324844751,-0.798371248259719,0.13337703389129
7.56727417964842,0.372442564294233,-0.289510504119044,-0.37419525410045,-0.000693598698606468,0.114833899138426,-0.0429903015312259,-0.798085606894608,0.134425593685186
7.61975434919166,0.370508791761245,-0.289930783294145,-0.37460840104185,-0.0002098255322599,0.114604077645377,-0.0431348236715441,-0.797794576295911,0.135479763203574
7.67259847649959,0.368569941109183,-0.290338784469604,-0.37502008330614,0.000281665447067675,0.114373203653684,-0.043278591330606,-0.797498094687013,0.136539551908794
7.72580908567334,0.366626174357753,-0.290734429500173,-0.375430205234808,0.000780906772054057,0.114141288244042,-0.0434215971606532,-0.79719609963643,0.137604968774846
7.77938871831903,0.364677655159281,-0.291117642888607,-0.375838670233899,0.00128792974424483,0.11390834260586,-0.0435638340441344,-0.796888528057451,0.138676022273398
7.83333993366922,0.362724548743555,-0.291488351827101,-0.376245380792374,0.00180276441231944,0.113674378031465,-0.0437052950966997,-0.796575316207974,0.139752720359675
7.8876653087051,0.360767021861443,-0.291846486237386,-0.376650238500967,0.00232543955071537,0.113439405910193,-0.0438459736700414,-0.796256399690541,0.140835070458221
7.94236743827963,0.35880524272731,-0.292191978809431,-0.377053144071539,0.00285598263862358,0.113203437722377,-0.0439858633545793,-0.795931713452564,0.141923079448539
7.99744893524145,0.356839380960278,-0.292524765038726,-0.377453997356925,0.00339441983936942,0.112966485033228,-0.0441249579819833,-0.795601191786761,0.143016753650613
8.0529124305597,0.354869607524368,-0.292844783262089,-0.37785269737125,0.00394077598019188,0.112728559486628,-0.0442632516275324,-0.79526476833179,0.144116098810307
8.10876057344967,0.35289609466757,-0.293151974691973,-0.37824914231072,0.004495074532434,0.112489672798814,-0.0444007386123043,-0.794922376073098,0.145221120084644
8.16499603149936,0.350919015859876,-0.293446283449237,-0.378643229574849,0.00505733759215729,0.112249836751996,-0.0445374135051923,-0.794573947343972,0.146331822026972
8.22162149079689,0.348938545730339,-0.293727656594329,-0.379034855788142,0.00562758586119133,0.112009063187871,-0.0446732711247467,-0.794219413826808,0.147448208572011
8.27863965605879,0.346954860003176,-0.293996044156865,-0.379423916822198,0.00620583862863061,0.111767364001074,-0.0448083065408359,-0.793858706554601,0.148570283020782
8.33605325075921,0.344968135432999,-0.294251399163571,-0.379810307818221,0.00679211375278907,0.111524751132547,-0.0449425150761252,-0.793491755912646,0.149698048025431
8.39386501726,0.342978549739186,-0.294493677664543,-0.380193923209946,0.00738642764362418,0.111281236562853,-0.0450758923073701,-0.793118491640469,0.150831505573929
8.45207771694168,0.340986281539474,-0.294722838757809,-0.380574656746934,0.007988795245638,0.111036832305414,-0.0452084340665202,-0.79273884283398,0.151970656974671
8.51069413033537,0.338991510282799,-0.294938844612168,-0.380952401518256,0.00859923002126708,0.110791550399703,-0.0453401364416323,-0.792352737947862,0.153115502840958
8.56971705725559,0.33699441618146,-0.295141660488266,-0.381327049976517,0.00921774393476957,0.110545402904386,-0.0454709957775891,-0.791960104798184,0.154266043075374
8.62914931693396,0.334995180142637,-0.295331254757902,-0.381698493962242,0.00984434743661569,0.110298401890415,-0.0456010086766223,-0.791560870565259,0.155422276854059
8.68899374815392,0.332993983699332,-0.295507598921532,-0.382066624728568,0.0104790494483936,0.110050559434086,-0.0457301719986363,-0.79115496179674,0.156584202610866
8.74925320938629,0.33099100894079,-0.295670667623956,-0.382431332966271,0.011121857348233,0.109801887610067,-0.045858482861333,-0.790742304410951,0.157751818021427
8.80993057892579,0.328986438442434,-0.295820438668167,-0.38279250882907,0.0117727769567568,0.109552398484399,-0.0459859386401334,-0.790322823700482,0.158925119987105
8.87102875502857,0.326980455195407,-0.295956893027345,-0.383150041959224,0.0124318125235656,0.109302104107472,-0.0461125369678959,-0.789896444336019,0.160104104618853
8.93255065605059,0.324973242535738,-0.296080014854993,-0.383503821513392,0.0130989667142588,0.109051016507,-0.0462382757344302,-0.789463090370439,0.16128876722097
8.99449922058705,0.32296498407322,-0.296189791493185,-0.383853736188741,0.0137742405980006,0.108799147680975,-0.0463631530858048,-0.789022685243158,0.162479102274755
9.05687740761275,0.320955863620043,-0.29628621347893,-0.384199674249283,0.0144576336356312,0.108546509590634,-0.0464871674234478,-0.788575151784746,0.163675103422078
9.11968819662343,0.318946065119242,-0.296369274548642,-0.384541523552441,0.01514914366833,0.108293114153423,-0.0466103174030403,-0.788120412221804,0.164876763448838
9.18293458777804,0.316935772573029,-0.296438971640704,-0.384879171575806,0.0158487669068314,0.108038973235978,-0.0467326019332018,-0.787658388182119,0.166084074268346
9.2466196020421,0.314925169971042,-0.296495304896127,-0.38521250544408,0.0165564979211975,0.107784098647124,-0.0468540201739671,-0.787189000700082,0.167297026904604
9.31074628133199,0.312914441218608,-0.296538277657304,-0.385541411956193,0.0172723296311475,0.107528502130899,-0.0469745715350559,-0.786712170222401,0.168515611475507
9.3753176886602,0.310903770065045,-0.296567896464852,-0.385865777612567,0.0179962532969458,0.107272195359615,-0.0470942556739337,-0.786227816614085,0.169739817175945
9.44033690828169,0.308893340032074,-0.296584171052556,-0.386185488642522,0.0187282585108504,0.107015189926951,-0.0472130724936655,-0.785735859164718,0.170969632260833
9.50580704584117,0.306883334342413,-0.296587114340402,-0.386500431031797,0.019468333189119,0.106757497341099,-0.0473310221405629,-0.785236216595035,0.172205044028052
9.57173122852146,0.304873935848584,-0.29657674242573,-0.38681049055018,0.0202164635645742,0.106499129017954,-0.0474481050016252,-0.784728807063782,0.173446038801311
9.63811260519287,0.302865326962017,-0.296553074572489,-0.387115552779227,0.0209726341797256,0.106240096274374,-0.0475643217017755,-0.784213548174889,0.17469260191293
9.70495434656358,0.300857689582498,-0.296516133198627,-0.38741550314005,0.0217368278804467,0.10598041032149,-0.0476796731008939,-0.783690356984944,0.175944717686555
9.7722596453311,0.298851205028014,-0.296465943861608,-0.387710226921174,0.0225090258102047,0.105720082258104,-0.0477941602906485,-0.783159150010977,0.177202369419788
9.84003171633479,0.296846053965058,-0.296402535242098,-0.387999609306421,0.0232892074048396,0.105459123064156,-0.0479077845911267,-0.782619843238571,0.17846553936676
9.90827379670937,0.294842416339457,-0.296325939125802,-0.388283535402843,0.0240773503878896,0.105197543594273,-0.048020547547268,-0.782072352130281,0.17973420872063
9.97698914603959,0.292840471307758,-0.296236190383501,-0.388561890268649,0.0248734307664577,0.10493535457142,-0.0481324509251013,-0.78151659163439,0.181008357596018
10.0461810465159,0.290840397169252,-0.296133326949294,-0.388834558941144,0.0256774228276159,0.104672566580634,-0.0482434967077892,-0.780952476193994,0.18228796501139
10.1158528030912,0.28884237129867,-0.296017389797067,-0.389101426464652,0.026489299135341,0.104409190062875,-0.048353687091481,-0.780379919756425,0.183573008871366
10.1860077436388,0.286846570079616,-0.295888422915224,-0.389362377918408,0.0273090305279767,0.104145235308976,-0.0484630244809781,-0.779798835783014,0.184863465948994
10.2566492191112,0.284853168838783,-0.29574647327969,-0.389617298444413,0.0281365861162154,0.103880712453714,-0.0485715114852146,-0.779209137259212,0.186159311867955
10.3277806037004,0.282862341781007,-0.295591590825229,-0.38986607327523,0.0289719332815944,0.10361563147,-0.0486791509125564,-0.778610736705053,0.187460521084741
10.3994052949988,0.280874261925207,-0.295423828415097,-0.39010858776172,0.0298150376754968,0.103350002163197,-0.0487859457659226,-0.778003546185982,0.18876706687077
10.4715267141616,0.278889101041261,-0.295243241809062,-0.390344727400693,0.0306658632186531,0.103083834165573,-0.0488918992377313,-0.777387477324058,0.190078921294479
10.5441483060703,0.276907029587862,-0.295049889629834,-0.390574377862478,0.0315243721011317,0.102817136930884,-0.0489970147046765,-0.776762441309509,0.191396055203374
10.6172735394972,0.274928216651407,-0.294843833327916,-0.390797425018384,0.0323905247828144,0.102549919729111,-0.0491012957223369,-0.776128348912684,0.192718438206052
10.6909059072708,0.27295282988596,-0.294625137144941,-0.39101375496805,0.0332642799943438,0.102282191641342,-0.0492047460196233,-0.775485110496377,0.194046038654197
10.7650489264432,0.270981035454331,-0.294393868075508,-0.391223254066685,0.0341455947385373,0.102013961554802,-0.0493073694930673,-0.774832636028544,0.195378823624561
10.8397061384575,0.269012997970315,-0.294150095827574,-0.391425808952155,0.0350344242922563,0.101745238158054,-0.0494091702009571,-0.774170835095415,0.196716758900922
10.9148811093176,0.267048880442136,-0.293893892781421,-0.391621306571956,0.0359307222087216,0.101476029936354,-0.0495101523573241,-0.773499616915007,0.198059808956037
10.9905774297578,0.265088844217126,-0.293625333947265,-0.391809634210015,0.0368344403202664,0.101206345167179,-0.0496103203257855,-0.772818890351052,0.199407936933595
11.0667987154147,0.263133048927686,-0.293344496921522,-0.391990679513346,0.0377455287415144,0.100936191915928,-0.049709678613248,-0.772128563927327,0.200761104630159
11.1435486070002,0.261181652438558,-0.293051461841804,-0.392164330518544,0.0386639358729751,0.100665578031796,-0.049808231863478,-0.771428545842413,0.202119272477132
11.2208307704748,0.259234810795445,-0.292746311340652,-0.392330475678098,0.0395896084050449,0.100394511143842,-0.0499059848505421,-0.770718743984885,0.203482399522725
11.2986488972231,0.257292678175015,-0.292429130498098,-0.392489003886531,0.0405224913224036,0.100122998657226,-0.0500029424721261,-0.769999065948922,0.204850443413951
11.3770067042298,0.255355406836311,-0.292100006793055,-0.39263980450636,0.0414625279087958,0.099851047749647,-0.0500991097427342,-0.769269419050369,0.206223360378648
11.4559079342577,0.253423147073608,-0.291759030053619,-0.392782767393865,0.0424096597521852,0.0995786653679733,-0.0501944917867784,-0.768529710343241,0.207601105207529
11.535356356026,0.251496047170734,-0.291406292406309,-0.392917782924657,0.0433638267502741,0.0993058582250649,-0.0502890938315592,-0.767779846636677,0.208983631236289
11.6153557643908,0.249574253356884,-0.291041888224307,-0.393044742019062,0.0443249671163732,0.0990326327967997,-0.050382921200148,-0.767019734512357,0.210370890327746
11.6959099805258,0.247657909763959,-0.290665914074735,-0.393163536167293,0.0452930173856141,0.0987589953193013,-0.0504759793041731,-0.766249280342384,0.21176283285405
11.7770228521052,0.245747158385435,-0.290278468665031,-0.393274057454424,0.046267912421492,0.0984849517863736,-0.0505682736365185,-0.765468390307635,0.213159407678958
11.8586982534876,0.243842139036801,-0.289879652788467,-0.393376198585151,0.0472495854227279,0.0982105079471436,-0.0506598097639392,-0.764676970416593,0.214560562140181
11.9409400859005,0.24194298931757,-0.289469569268861,-0.393469852908358,0.0482379679304409,0.097935669303916,-0.0507505933196011,-0.76387492652466,0.215966242031815
12.0237522776272,0.240049844574883,-0.289048322904532,-0.393554914441456,0.0492329898356174,0.097660441110241,-0.0508406299955499,-0.763062164353965,0.21737639158687
12.1071387841942,0.238162837868735,-0.288616020411562,-0.393631277894522,0.05023457938687,0.0973848283691983,-0.0509299255351174,-0.762238589513669,0.218790953459899
12.1911035885602,0.236282099938807,-0.288172770366393,-0.393698838694231,0.051242663198473,0.0971088358318982,-0.051018485725269,-0.761404107520763,0.220209868709739
12.2756507013062,0.234407759172945,-0.287718683147834,-0.393757493007566,0.0522571662586652,0.0968324679962031,-0.0511063163889016,-0.760558623821393,0.221633076782382
12.3607841608273,0.232539941577279,-0.287253870878517,-0.393807137765333,0.0532780119382114,0.0965557291056686,-0.0511934233770955,-0.75970204381268,0.223060515493969
12.4465080335254,0.230678770747988,-0.286778447365856,-0.393847670685452,0.0543051219992103,0.0962786231487083,-0.0512798125613297,-0.758834272865077,0.224492121013942
12.5328264140034,0.228824367844725,-0.286292528042562,-0.393878990296059,0.0553384166041423,0.0960011538579815,-0.0513654898256642,-0.757955216345243,0.225927827848346
12.6197434252612,0.226976851565709,-0.285796229906769,-0.393900995958391,0.0563778143251449,0.0957233247100048,-0.0514504610588982,-0.757064779639452,0.2273675688233
12.7072632188919,0.225136338124466,-0.285289671461807,-0.393913587889476,0.0574232321535102,0.0954451389249894,-0.051534732146709,-0.75616286817754,0.22881127506865
12.7953899752808,0.223302941228245,-0.284772972655699,-0.393916667184629,0.0584745855093922,0.0951665994669044,-0.0516183089637793,-0.755249387457391,0.230258876001815
12.8841279038047,0.221476772058091,-0.284246254820405,-0.393910135839745,0.05953178825172,0.0948877090437651,-0.0517011973659188,-0.754324243069977,0.231710299311841
12.9734812430331,0.219657939250578,-0.283709640610884,-0.39389389677341,0.0605947526883048,0.0946084701081483,-0.0517834031821867,-0.753387340724944,0.233165470943671
13.0634542609305,0.217846548881197,-0.283163253944014,-0.393867853848824,0.0616633895861367,0.0943288848579337,-0.0518649322070223,-0.752438586276758,0.234624315082651
13.1540512550606,0.216042704449392,-0.282607219937418,-0.393831911895544,0.062737608181862,0.0940489552372711,-0.0519457901923883,-0.751477885751415,0.236086754139284
13.2452765527909,0.214246506865236,-0.282041664848252,-0.393785976731053,0.0638173161924359,0.0937686829377725,-0.0520259828399364,-0.750505145373709,0.237552708734242
13.3371345115004,0.212458054437741,-0.281466716011998,-0.393729955182159,0.064902419825944,0.0934880693999306,-0.0521055157931979,-0.749520271595081,0.239022097683662
13.4296295187868,0.210677442864791,-0.280882501781308,-0.393663755106228,0.0659928237925856,0.0932071158147598,-0.0521843946298095,-0.748523171122027,0.240494837984723
13.5227659926764,0.208904765224671,-0.280289151464951,-0.393587285412264,0.0670884313158166,0.0929258231256616,-0.052262624853777,-0.747513750945098,0.24197084480154
13.6165483818355,0.207140111969209,-0.279686795266905,-0.393500456081838,0.0681891441436444,0.0926441920305112,-0.0523402118877867,-0.746491918368469,0.243450031451378
13.7109811657822,0.205383570918486,-0.279075564225642,-0.393403178189867,0.0692948625600718,0.0923622229839652,-0.0524171610655675,-0.74545758104009,0.244932309391205
13.806068855101,0.203635227257108,-0.27845559015364,-0.393295363925263,0.0704054853966869,0.0920799161999887,-0.052493477624313,-0.744410646982428,0.246417588204602
13.9018159916578,0.201895163532037,-0.277827005577189,-0.393176926611447,0.0715209100443946,0.0917972716545994,-0.0525691666971673,-0.743351024623793,0.24790577558905
13.998227148817,0.20016345965193,-0.2771899436765,-0.393047780726745,0.0726410324652882,0.0915142890888275,-0.0526442333057818,-0.742278622830247,0.2493967773436
14.0953069316601,0.198440192888005,-0.276544538226193,-0.392907841924659,0.0737657472046572,0.0912309680118901,-0.052718682352949,-0.741193350938112,0.250890497356961
14.1930599772055,0.196725437876375,-0.275890923536176,-0.392757027054042,0.0748949474031334,0.0909473077045758,-0.0527925186153192,-0.740095118787057,0.252386837596011
14.2914909546299,0.195019266621852,-0.275229234392975,-0.392595254179164,0.0760285248089702,0.0906633072228398,-0.0528657467362051,-0.738983836753787,0.253885698094754
14.3906045654914,0.193321748503199,-0.274559606001536,-0.392422442599689,0.0771663697904576,0.0903789654016048,-0.052938371218482,-0.737859415786308,0.255386976943742
14.4904055439544,0.191632950279779,-0.273882173927552,-0.392238512870562,0.0783083713484722,0.0900942808587667,-0.0530103964175869,-0.736721767438797,0.256890570279979
14.5908986570152,0.189952936099611,-0.273197074040341,-0.392043386821825,0.0794544171291632,0.0898092519994012,-0.053081826534625,-0.73557080390705,0.258396372277337
14.6920887047298,0.188281767508776,-0.272504442456316,-0.391836987578359,0.0806043934367743,0.089523877020169,-0.0531526656095861,-0.734406438064518,0.259904275137482
14.7939805204436,0.186619503462172,-0.271804415483071,-0.391619239579561,0.0817581852466069,0.0892381539139164,-0.0532229175146784,-0.73322858349893,0.261414169081355
14.8965789710218,0.184966200335561,-0.271097129564129,-0.391390068598974,0.0829156762181231,0.0889520804744682,-0.0532925859477853,-0.732037154549499,0.262925942341211
14.999888957082,0.183321911938913,-0.270382721224372,-0.391149401763856,0.0840767487081948,0.088665654301609,-0.0533616744260481,-0.7308320663447,0.264439481153251
15.1039154132284,0.181686689530986,-0.269661327016198,-0.390897167574722,0.0852412837845001,0.08837887280625,-0.0534301862795829,-0.72961323484063,0.265954669750846
15.2086633082875,0.180060581835132,-0.268933083466407,-0.390633295924843,0.0864091612390733,0.0880917332157782,-0.0534981246453341,-0.728380576859931,0.267471390358406
15.3141376455451,0.17844363505629,-0.268198127023876,-0.39035771811972,0.0875802596020117,0.087804232579583,-0.0535654924610714,-0.727134010131282,0.268989523185886
15.4203434629857,0.176835892899138,-0.267456594008032,-0.390070366896539,0.0887544561553456,0.0875163677747568,-0.0536322924595336,-0.725873453329451,0.270508946423964
15.5272858335329,0.17523739658737,-0.266708620558141,-0.389771176443612,0.089931626947077,0.0872281355119667,-0.0536985271627254,-0.72459882611589,0.272029536239921
15.6349698652918,0.173648184884062,-0.265954342583459,-0.389460082419803,0.0911116468053929,0.0869395323414919,-0.0537641988763704,-0.723310049179888,0.273551166774227
15.7434007017931,0.17206829411311,-0.265193895714253,-0.389137021973961,0.0922943893530607,0.0866505546594228,-0.0538293096845265,-0.722007044280249,0.275073710137868
15.8525835222385,0.170497758181684,-0.264427415253707,-0.388801933764347,0.0934797270220134,0.0863611987140185,-0.0538938614443659,-0.720689734287508,0.276597036410436
15.9625235417481,0.168936608603681,-0.263655036130758,-0.38845475797807,0.094667531068132,0.0860714606122173,-0.0539578557811266,-0.719358043226655,0.278121013639001
16.07322601161,0.167384874524138,-0.262876892853855,-0.388095436350541,0.0958576715862329,0.0857813363262957,-0.0540212940832371,-0.718011896320378,0.279645507837785
16.1846962195303,0.165842582744575,-0.262093119465673,-0.387723912184931,0.0970500175252708,0.0854908217006722,-0.0540841774976202,-0.716651220032795,0.281170382988673
16.2969394898867,0.164309757749225,-0.261303849498798,-0.387340130371659,0.0982444367037652,0.0851999124588501,-0.054146506925179,-0.715275942113679,0.28269550104257
16.4099611839816,0.162786421732125,-0.260509215932394,-0.386944037407898,0.0994407958254594,0.0849086042104958,-0.0542082830164688,-0.713885991643148,0.284220721921636
16.5237667002994,0.161272594625035,-0.259709351149868,-0.386535581417101,0.100638960495225,0.0846168924586458,-0.0542695061675591,-0.712481299076819,0.285745903522419
16.6383614747635,0.159768294126139,-0.258904386897549,-0.386114712168565,0.101838795235221,0.0843247726070399,-0.054330176516089,-0.711061796291407,0.287270901719911
16.7537509809962,0.158273535729504,-0.25809445424439,-0.385681381097013,0.103040163501311,0.084032239967573,-0.0543902939375192,-0.709627416630752,0.288795570372546
16.8699407305804,0.156788332755269,-0.257279683542704,-0.38523554132221,0.10424292769977,0.0837392897678631,-0.0544498580415848,-0.708178094952263,0.290319761328168
16.9869362733223,0.155312696380504,-0.256460204389944,-0.38477714766861,0.105446949204266,0.0834459171589273,-0.0545088681689507,-0.706713767673749,0.291843324430989
17.1047431975172,0.153846635670738,-0.255636145591538,-0.384306156685032,0.106652088373147,0.083152117222963,-0.0545673233880743,-0.705234372820644,0.293366107529562
17.2233671302159,0.152390157612093,-0.254807635124782,-0.383822526664359,0.10785820456704,0.0828578849812278,-0.0546252224922766,-0.703739850073577,0.294887956485791
17.3428137374936,0.150943267144008,-0.253974800103803,-0.383326217663273,0.109065156166775,0.0825632154020126,-0.0546825639970265,-0.702230140816293,0.296408715184993
17.4630887247206,0.149505967192517,-0.253137766745589,-0.38281719152201,0.110272800591638,0.0822681034087034,-0.0547393461374395,-0.700705188183885,0.297928225547051
17.5841978368348,0.148078258704034,-0.252296660337099,-0.382295411884135,0.111480994317984,0.081972543887924,-0.0547955668659936,-0.69916493711133,0.299446327538665
17.7061468586161,0.146660140679637,-0.251451605203457,-0.381760844216342,0.112689592898201,0.0816765316977576,-0.0548512238504658,-0.697609334382297,0.300962859186728
17.8289416149627,0.145251610209784,-0.250602724677218,-0.381213455828263,0.113898450980062,0.0813800616760372,-0.0549063144720894,-0.696038328678207,0.302477656592852
17.9525879711692,0.143852662509468,-0.249750141068726,-0.380653215892288,0.115107422326449,0.0810831286487033,-0.0549608358239373,-0.694451870627519,0.303990553949056
18.0770918332073,0.142463290953739,-0.24889397563755,-0.380080095463388,0.116316359835494,0.0807857274382199,-0.0550147847095303,-0.692849912855223,0.30550138355465
18.2024591480069,0.141083487113597,-0.248034348565013,-0.379494067498937,0.117525115561123,0.0804878528720449,-0.0550681576416734,-0.691232410032497,0.307009975834318
18.3286959037413,0.139713240792194,-0.247171378927787,-0.378895106878522,0.11873354073403,0.0801894997911475,-0.0551209508415234,-0.689599318926526,0.308516159357442
18.4558081301122,0.138352540061336,-0.246305184672583,-0.378283190423735,0.119941485783098,0.0798906630585684,-0.0551731602378861,-0.687950598450424,0.310019760858661
18.5838018986386,0.137001371298243,-0.245435882591908,-0.377658296917941,0.121148800357265,0.079591337568015,-0.055224781466748,-0.686286209713261,0.311520605259707
18.7126833229461,0.135659719222538,-0.244563588300899,-0.377020407126006,0.122355333347858,0.0792915182524867,-0.0552758098710412,-0.68460611607014,0.313018515692521
18.8424585590593,0.134327566933438,-0.243688416215223,-0.376369503813982,0.123560932911413,0.078991200092924,-0.0553262405006443,-0.682910283172306,0.314513313523672
18.9731338056957,0.13300489594712,-0.24281047953004,-0.375705571768733,0.124765446492979,0.0786903781268748,-0.055376068112619,-0.681198679017246,0.316004818380096
19.1047153045619,0.131691686234221,-0.241929890200018,-0.375028597817492,0.12596872084993,0.0783890474571725,-0.055425287171685,-0.679471273998761,0.317492848176169
19.2372093406515,0.130387916257461,-0.241046758920404,-0.374338570847337,0.12717060207629,0.0780872032606185,-0.0554738918509323,-0.677728040956953,0.318977219142136
19.3706222425457,0.129093563009349,-0.24016119510913,-0.373635481824571,0.128370935627595,0.0777848407966651,-0.0555218760327717,-0.675968955228122,0.3204577458539
19.5049603827152,0.127808602049945,-0.239273306889956,-0.372919323813996,0.129569566346282,0.0774819554160889,-0.0555692333101254,-0.674193994694503,0.321934241264194
19.6402301778248,0.12653300754466,-0.238383201076631,-0.372190091998059,0.130766338487641,0.077178542569653,-0.055615956987856,-0.672403139833835,0.32340651673514
19.7764380890397,0.12526675230206,-0.237490983158079,-0.371447783695859,0.131961095746318,0.076874597816747,-0.0556620400844356,-0.670596373768711,0.324874382072226
19.9135906223344,0.124009807811653,-0.236596757284575,-0.370692398382007,0.1331536812834,0.0765701168340024,-0.0557074753338539,-0.668773682315667,0.326337645559679
20.0516943288031,0.122762144281624,-0.235700626254927,-0.369923937705297,0.134343937754076,0.0762650954238743,-0.0557522551877655,-0.666935054033979,0.32779611399728
20.1907558049731,0.121523730676516,-0.234802691504632,-0.369142405507205,0.135531707335891,0.0759595295231849,-0.0557963718178769,-0.665080480274125,0.329249592738604
20.3307816931193,0.120294534754804,-0.233903053095005,-0.368347807840167,0.1367168317576,0.0756534152116203,-0.0558398171185706,-0.663209955225868,0.330697885730709
20.4717786815819,0.119074523106362,-0.233001809703268,-0.367540152985632,0.137899152328631,0.075346748720177,-0.0558825827097685,-0.66132347596592,0.332140795555265
20.6137535050858,0.117863661189792,-0.232099058613577,-0.366719451471868,0.139078509969164,0.0750395264395494,-0.0559246599400312,-0.659421042505146,0.333578123471149
20.756712945062,0.11666191336959,-0.231194895708994,-0.365885716091504,0.140254745240837,0.074731744928452,-0.0559660398898934,-0.657502657835261,0.335009669458485
20.900663829972,0.11546924295313,-0.23028941546436,-0.365038961918773,0.141427698378071,0.0744234009218721,-0.0560067133754348,-0.65556832797498,0.336435232264163
21.0456130356336,0.114285612227451,-0.229382710940091,-0.364179206326456,0.142597209320045,0.0741144913392432,-0.0560466709520839,-0.653618062015575,0.337854609448804
21.1915674855492,0.113110982495816,-0.228474873776847,-0.363306469002483,0.143763117743302,0.0738050132925362,-0.0560859029186541,-0.651651872165786,0.3392675974352
21.338534151237,0.111945314114033,-0.227565994191089,-0.362420771966185,0.144925263094999,0.073494964094259,-0.0561243993216105,-0.649669773796061,0.340673991558215
21.4865200525637,0.110788566526514,-0.22665616097149,-0.361522139584163,0.146083484626813,0.0731843412653604,-0.0561621499595649,-0.647671785482049,0.342073586116145
21.6355322580795,0.109640698302056,-0.225745461476194,-0.360610598585755,0.147237621429487,0.0728731425430301,-0.0561991443879977,-0.645657929047328,0.343466174423531
21.7855778853565,0.10850166716932,-0.224833981630898,-0.359686178078077,0.148387512468037,0.0725613658883899,-0.0562353719242042,-0.643628229605297,0.344851548865433
21.9366641013278,0.107371430052006,-0.223921805927757,-0.358748909560608,0.149532996617605,0.0722490094940692,-0.0562708216524636,-0.641582715600205,0.346229500953137
22.0887981226306,0.106249943103689,-0.223009017425082,-0.357798826939305,0.150673912699972,0.0719360717916581,-0.0563054824294268,-0.639521418847253,0.347599821381306
22.2419872159503,0.105137161742314,-0.222095697747812,-0.356835966540202,0.151810099520714,0.0716225514590327,-0.0563393428897216,-0.637444374571722,0.348962300086551
22.396238698368,0.104033040684323,-0.221181927088765,-0.355860367122499,0.152941395907017,0.0713084474275459,-0.0563723914517727,-0.635351621447095,0.35031672630742
22.5515599377096,0.102937533978415,-0.220267784210622,-0.354872069891076,0.154067640746129,0.0709937588890771,-0.0564046163238316,-0.633243201632103,0.351662888645783
22.7079583528983,0.101850595038907,-0.219353346448651,-0.353871118508439,0.155188673024464,0.0706784853029359,-0.0564360055102155,-0.631119160806657,0.353000575129607
22.8654414143084,0.100772176678698,-0.218438689714141,-0.352857559106052,0.156304331867335,0.0703626264026125,-0.0564665468177503,-0.628979548206617,0.354329573277093
23.0240166441225,0.0997022311418111,-0.217523888498533,-0.351831440295035,0.157414456579322,0.0700461822023696,-0.0564962278624144,-0.626824416657343,0.355649670162173
23.1836916166905,0.0986407101355077,-0.21660901587823,-0.350792813176198,0.158518886685268,0.0697291530036692,-0.05652503607618,-0.624653822605992,0.356960652481321
23.3444739588916,0.0975875648619625,-0.21569414352007,-0.349741731349388,0.159617461971879,0.0694115394014292,-0.0565529587140479,-0.622467826152494,0.358262306621689
23.5063713504986,0.0965427460494843,-0.214779341687439,-0.348678250922117,0.160710022529944,0.0690933422901033,-0.0565799828612709,-0.620266491079172,0.359554418730512
23.6693915245447,0.0955062039832747,-0.213864679247019,-0.347602430517446,0.161796408797139,0.0687745628695791,-0.0566060954407625,-0.618049884878956,0.360836774785782
23.8335422676926,0.0944778885357132,-0.212950223676131,-0.346514331281098,0.162876461601422,0.0684552026508884,-0.0566312832206864,-0.615818078782135,0.362109160668139
23.9988314206069,0.0934577491961599,-0.212036041070686,-0.345414016887771,0.163950022204995,0.0681352634617238,-0.0566555328222209,-0.613571147781608,0.363371362233979
24.1652668783283,0.0924457351002663,-0.211122196153692,-0.344301553546627,0.165016932348826,0.0678147474517571,-0.0566788307274955,-0.611309170656584,0.364623165389716
24.3328565906507,0.0914417950587859,-0.210208752284335,-0.343177010005926,0.166077034297704,0.0674936570977541,-0.0567011632876923,-0.609032229994683,0.365864356167192
24.5016085625011,0.0904458775858763,-0.20929577146758,-0.342040457556782,0.167130170885836,0.0671719952084786,-0.056722516731309,-0.606740412212391,0.367094720800186
24.6715308543219,0.0894579309268859,-0.208383314364306,-0.340891970036013,0.168176185562932,0.0668497649293844,-0.0567428771725771,-0.604433807573825,0.368314045801979
24.8426315824557,0.088477903085617,-0.207471440301934,-0.339731623828059,0.16921492244079,0.0665269697470858,-0.0567622306200305,-0.602112510207771,0.369522118043959
25.0149189195333,0.0875057418510609,-0.206560207285545,-0.338559497865938,0.170246226340354,0.0662036134936054,-0.0567805629852175,-0.599776618122933,0.370718724835204
25.1884010948637,0.0865413948235964,-0.205649672009465,-0.337375673631226,0.171269942839203,0.0658797003503926,-0.0567978600915522,-0.597426233221366,0.37190365400301
25.3630863948277,0.0855848094406483,-0.204739889869293,-0.336180235153023,0.172285918319486,0.0655552348521087,-0.0568141076832976,-0.595061461310049,0.373076693974319
25.538983163273,0.0846359330018001,-0.203830914974373,-0.334973269005887,0.173294000016244,0.0652302218901744,-0.0568292914346752,-0.592682412110546,0.374237633857998
25.7160998019135,0.0836947126933562,-0.202922800160662,-0.333754864306716,0.174294036066117,0.0649046667160751,-0.0568433969590947,-0.59028919926673,0.375386263527933
25.89444477073,0.0827610956123498,-0.202015597004017,-0.332525112710544,0.175285875556399,0.0645785749444202,-0.0568564098184964,-0.587881940350524,0.376522373706868
26.0740265883745,0.0818350287899927,-0.201109355833842,-0.331284108405238,0.176269368574424,0.0642519525557521,-0.0568683155328009,-0.585460756865616,0.377645756050962
26.2548538325773,0.0809164592145635,-0.200204125747105,-0.330031948105072,0.177244366257241,0.0639248058991021,-0.0568790995894586,-0.583025774249126,0.378756203234986
26.4369351405564,0.0800053338537328,-0.199299954622707,-0.328768731043155,0.178210720841565,0.0635971416942879,-0.0568887474530919,-0.580577121871177,0.379853509038133
26.6202792094301,0.0791015996763215,-0.198396889136163,-0.327494558962691,0.179168285713961,0.0632689670339518,-0.0568972445752236,-0.57811493303235,0.38093746843036
26.8048947966327,0.0782052036734906,-0.197494974774609,-0.326209536107059,0.18011691546124,0.0629402893853334,-0.0569045764040833,-0.575639344958974,0.382007877659221
26.9907907203326,0.0773160928793624,-0.196594255852097,-0.324913769208685,0.181056465921022,0.062611116591777,-0.056910728394486,-0.573150498796242,0.383064534337124
27.1779758598533,0.0764342143910705,-0.195694775525166,-0.323607367476699,0.181986794232453,0.0622814568739683,-0.0569156860177734,-0.570648539599109,0.384107237528953
27.3664591560979,0.075559515388238,-0.194796575808676,-0.322290442583348,0.182907758887016,0.0619513188308995,-0.0569194347718126,-0.568133616320951,0.385135787840001
27.556249611976,0.0746919431518861,-0.193899697591887,-0.320963108649164,0.183819219779431,0.0616207114405595,-0.0569219601910419,-0.565605881799967,0.38614998750413
27.7473562928336,0.0738314450827687,-0.193004180654769,-0.319625482226859,0.184721038258576,0.0612896440603482,-0.0569232478565584,-0.563065492743291,0.387149640472121
27.9397883268864,0.0729779687191388,-0.192110063684518,-0.318277682283942,0.185613077178421,0.0609581264272115,-0.0569232834062374,-0.560512609708795,0.388134552500125
28.1335549056553,0.072131461753943,-0.191217384292272,-0.31691983018405,0.186495200948917,0.0606261686574966,-0.056922052544877,-0.557947397084581,0.38910453123816
28.3286652844062,0.0712918720514488,-0.190326179030013,-0.315552049666962,0.187367275586819,0.060293781246526,-0.0569195410543593,-0.555370023066115,0.390059386318585
28.5251287825912,0.0704591476633044,-0.189436483407624,-0.31417446682732,0.188229168766383,0.0599609750678882,-0.0569157348038193,-0.552780659631027,0.390998929444473
28.7229547842946,0.0696332368440336,-0.188548331910102,-0.312787210092013,0.189080749869923,0.0596277613724456,-0.056910619759815,-0.550179482511525,0.39192297447783
28.9221527386804,0.0688140880659679,-0.187661758014908,-0.311390410196245,0.189921890038162,0.0592941517870574,-0.0569041819964881,-0.547566671164451,0.392831337527566
29.1227321604441,0.0680016500336193,-0.186776794209433,-0.309984200158263,0.190752462220354,0.0589601583130186,-0.0568964077057089,-0.544942408738945,0.39372383703717
29.324702630267,0.0671958716974961,-0.185893472008566,-0.308568715252758,0.191572341224133,0.0586257933242136,-0.0568872832071962,-0.542306882041721,0.394600293872001
29.5280737952738,0.0663967022673645,-0.185011821972362,-0.307144092982916,0.19238140376504,0.0582910695649861,-0.0568767949586029,-0.539660281499964,0.395460531406119
29.7328553694936,0.0656040912249617,-0.184131873723778,-0.30571047305114,0.193179528515688,0.0579560001477234,-0.0568649295655608,-0.537002801121827,0.396304375608604
29.9390571343235,0.064817988336162,-0.183253655966474,-0.304267997328422,0.193966596154534,0.057620598550159,-0.0568516737916738,-0.534334638454545,0.39713165512926
30.1466889389963,0.0640383436626017,-0.182377196502661,-0.302816809822388,0.194742489414192,0.0572848786123908,-0.056837014568453,-0.531655994540171,0.397942201383652
30.3557607010504,0.0632651075727681,-0.181502522250988,-0.301357056644002,0.19550709312927,0.0569488545336193,-0.0568209390051836,-0.52896707386894,0.39873584863739
30.566282406804,0.0624982307525546,-0.180629659264441,-0.299888885972943,0.19626029428367,0.0566125408686056,-0.0568034343987161,-0.526268084330259,0.399512434089588
30.7782641118319,0.0617376642152908,-0.179758632748261,-0.298412448021659,0.197001982057311,0.056275952523851,-0.0567844882431727,-0.523559237161366,0.400271797955424
30.9917159414457,0.06098335931125,-0.17888946707785,-0.296927894998111,0.197732047872237,0.0559391047535011,-0.0567640882395613,-0.520840746893639,0.401013783547723
31.2066480911777,0.0602352677366414,-0.178022185816659,-0.29543538106721,0.198450385438062,0.0556020131549761,-0.0567422223052873,-0.518112831296597,0.401738237357493
31.4230708272674,0.0594933415420931,-0.177156811734049,-0.293935062310958,0.199156890796709,0.0552646936643301,-0.0567188785835559,-0.515375711319611,0.402445009133336
31.6409944871527,0.0587575331406309,-0.17629336682311,-0.29242709668732,0.199851462366401,0.0549271625513424,-0.0566940454526566,-0.512629611031334,0.403133951959656
31.8604294799627,0.0580277953151607,-0.175431872318419,-0.290911643987817,0.200534000984862,0.0545894364143441,-0.0566677115351209,-0.5098747575569,0.403804922333604
32.0813862870155,0.0573040812254602,-0.174572348713746,-0.289388865793885,0.201204409951677,0.0542515321747829,-0.0566398657067458,-0.507111381012897,0.404457780240666
32.3038754623189,0.0565863444146881,-0.173714815779665,-0.287858925431994,0.201862595069789,0.0539134670715304,-0.0566104971054743,-0.504339714440164,0.405092389228846
32.5279076330741,0.0558745388154169,-0.172859292581091,-0.286321987927562,0.202508464686061,0.0535752586549365,-0.0565795951401262,-0.501559993734444,0.405708616481349
32.7534935001834,0.0551686187551965,-0.172005797494709,-0.284778219957673,0.203141929730893,0.0532369247806328,-0.0565471494989693,-0.498772457574911,0.406306332887705
32.9806438387618,0.054468538961658,-0.171154348226302,-0.28322778980264,0.203762903756824,0.0528984836030934,-0.0565131501581256,-0.495977347350644,0.406885413113273
33.2093694986511,0.0537742545671632,-0.170304961827946,-0.281670867296409,0.204371302976106,0.052559953568954,-0.0564775873898031,-0.49317490708506,0.407445735667032
33.4396814049384,0.0530857211130095,-0.169457654715088,-0.280107623775865,0.204967046297187,0.0522213534100972,-0.0564404517703467,-0.490365383358368,0.407987182967613
33.6715905584778,0.0524028945531982,-0.168612442683477,-0.278538232029034,0.205550055360079,0.0518827021365079,-0.0564017341881008,-0.487549025228083,0.408509641407502
33.9051080364161,0.0517257312577735,-0.167769340925948,-0.276962866242237,0.206120254570566,0.0515440190289054,-0.0563614258510757,-0.484726084147661,0.409013001415338
34.1402449927217,0.0510541880157416,-0.166928364049045,-0.275381701946204,0.20667757113322,0.0512053236311565,-0.0563195182944124,-0.481896813883289,0.409497157516256
34.3770126587175,0.0503882220375796,-0.166089526089485,-0.273794915961201,0.20722193508318,0.0508666357424783,-0.0562760033876373,-0.479061470428906,0.409962008390203
34.6154223436172,0.0497277909573405,-0.165252840530434,-0.272202686341186,0.207753279316668,0.0505279754094334,-0.0562308733417018,-0.476220311919495,0.41040745692818
34.8554854350656,0.0490728528343657,-0.164418320317611,-0.270605192317039,0.208271539620204,0.0501893629177285,-0.0561841207157987,-0.473373598542712,0.410833410286337
35.0972133996824,0.0484233661546136,-0.163585977875193,-0.269002614238897,0.208776654698487,0.0498508187838189,-0.0561357384239512,-0.470521592448919,0.411239779937877
35.3406177836102,0.0477792898316121,-0.162755825121528,-0.267395133517636,0.209268566200904,0.0495123637463286,-0.0560857197413671,-0.46766455765967,0.411626481722701
35.5857102130658,0.0471405832070469,-0.161927873484629,-0.265782932565536,0.209747218746654,0.0491740187572927,-0.0560340583105531,-0.464802759974735,0.411993435894765
35.8325023948954,0.0465072060509929,-0.16110213391747,-0.264166194736165,0.210212559948434,0.0488358049732289,-0.0559807481471839,-0.46193646687771,0.412340567167072
36.081006117134,0.0458791185617998,-0.160278616913052,-0.262545104263534,0.210664540434676,0.0484977437460462,-0.0559257836457199,-0.459065947440299,0.412667804754273
36.3312332495683,0.0452562813656406,-0.159457332519245,-0.260919846200552,0.211103113870304,0.0481598566137984,-0.0558691595847707,-0.456191472225326,0.412975082412817
36.5831957443038,0.0446386555157336,-0.1586382903534,-0.259290606356836,0.211528236975983,0.0478221652912904,-0.0558108711321967,-0.453313313188563,0.413262338478618
36.8369056363357,0.044026202491247,-0.157821499616718,-0.257657571235909,0.211939869545837,0.0474846916605456,-0.0557509138499471,-0.450431743579434,0.413529515902193
37.0923750441235,0.0434188841958972,-0.157006969108382,-0.256020927971846,0.212337974463616,0.0471474577611425,-0.0556892836986287,-0.447547037840689,0.413776562281232
37.3496161701702,0.0428166629562492,-0.156194707239437,-0.254380864265398,0.212722517717294,0.0468104857804285,-0.0556259770418021,-0.444659471507106,0.414003429890572
37.6086413016048,0.0422195015197305,-0.155384722046415,-0.252737568319651,0.213093468412065,0.0464737980436206,-0.0555609906500014,-0.441769321103318,0.414210075709532
37.8694628107695,0.041627363052368,-0.154577021204709,-0.251091228775264,0.21345079878174,0.0461374170038004,-0.0554943217044747,-0.438876864040833,0.414396461446592
38.1320931558105,0.0410402111362582,-0.153771612041677,-0.249442034645341,0.213794484198515,0.0458013652318128,-0.0554259678006418,-0.435982378514331,0.414562553561373
38.3965448812729,0.0404580097667803,-0.152968501549488,-0.24779017524997,0.214124503181096,0.0454656654060774,-0.0553559269512667,-0.433086143397328,0.414708323283918
38.6628306187004,0.0398807233495636,-0.152167696397695,-0.246135840150505,0.214440837401179,0.045130340302321,-0.055284197589343,-0.430188438137276,0.414833746631221
38.9309630872381,0.0393083166972177,-0.151369202945539,-0.244479219083607,0.214743471688268,0.044795412783241,-0.0552107785706891,-0.427289542650199,0.414938804421016
39.2009550942403,0.0387407550258369,-0.150573027253972,-0.242820501895131,0.215032394032811,0.044460905788108,-0.0551356691762523,-0.424389737214936,0.415023482282791
39.4728195358824,0.0381780039512887,-0.149779175097415,-0.241159878473877,0.215307595587675,0.0441268423223174,-0.0550588691141201,-0.421489302367086,0.415087770666027
39.7465693977764,0.0376200294852957,-0.148987651975219,-0.239497538685284,0.215569070667927,0.0437932454468985,-0.0549803785212378,-0.418588518792733,0.415131664845637
40.0222177555915,0.037066798031322,-0.148198463122862,-0.237833672305093,0.215816816748931,0.0434601382679913,-0.0549001979648307,-0.415687667222044,0.415155164924624
40.2997777756789,0.0365182763802739,-0.147411613522855,-0.236168468953055,0.216050834462759,0.0431275439262994,-0.0548183284435323,-0.412787028322821,0.415158275833925
40.5792627157,0.035974431706024,-0.146627107915358,-0.234502118026718,0.216271127592912,0.0427954855865278,-0.0547347713882162,-0.409886882594096,0.415141007329466
40.8606859252603,0.0354352315607702,-0.145844950808524,-0.232834808635346,0.216477703067362,0.0424639864268168,-0.0546495286625331,-0.406987510259854,0.415103373986412
41.1440608465467,0.0349006438702372,-0.145065146488547,-0.231166729534038,0.216670570949903,0.0421330696281787,-0.0545626025631533,-0.404089191162971,0.415045395190637
41.4294010149697,0.0343706369287334,-0.144287699029425,-0.229498069058073,0.216849744429833,0.0418027583639481,-0.0544739958197153,-0.401192204659451,0.414967095127396
41.7167200598098,0.0338451793940692,-0.143512612302442,-0.227829015057554,0.21701523980997,0.0414730757892545,-0.0543837115944816,-0.398296829513047,0.414868502767247
42.0060317048688,0.0333242402823494,-0.142739889985356,-0.226159754832393,0.217167076493005,0.041144045030526,-0.054291753481703,-0.395403343790356,0.4147496518492
42.2973497691249,0.0328077889626476,-0.141969535571308,-0.224490475067678,0.217305276966208,0.0408156891750334,-0.0541981255066935,-0.39251202475647,0.414610580861138
42.5906881673929,0.0322957951515721,-0.14120155237744,-0.222821361769498,0.217429866784503,0.040488031260483,-0.0541028321246178,-0.389623148771254,0.414451333017523
42.8860609109892,0.0317882289077329,-0.140435943553237,-0.221152600201242,0.217540874551925,0.0401610942646683,-0.0540058782189934,-0.386736991186357,0.414271956234399
43.1834821084004,0.0312850606261191,-0.139672712088571,-0.219484374820452,0.217638331901467,0.0398349010951873,-0.05390726909991,-0.383853826243016,0.414072503101743
43.4829659659579,0.0307862610323947,-0.138911860821484,-0.217816869216253,0.217722273473347,0.0395094745792357,-0.0538070105019695,-0.380973926970751,0.413853030853167
43.7845267885158,0.0302918011771229,-0.138153392445673,-0.216150266047425,0.217792736891717,0.0391848374534831,-0.0537051085819499,-0.378097565087009,0.41361360133302
44.0881789801347,0.0298016524299272,-0.137397309517707,-0.214484746981162,0.217849762739812,0.0388610123540421,-0.0536015699161954,-0.375225010897861,0.413354280960921
44.3939370447695,0.0293157864735967,-0.136643614463966,-0.212820492632542,0.217893394533598,0.0385380218065365,-0.0534964014977386,-0.372356533199806,0.413075140693755
44.701815586962,0.0288341752981466,-0.13589230958731,-0.211157682504795,0.217923678693908,0.0382158882162783,-0.0533896107331567,-0.369492399182769,0.412776255985183
45.0118293125388,0.0283567911948388,-0.135143397073468,-0.209496494930363,0.217940664517122,0.0378946338585603,-0.0532812054391671,-0.366632874334363,0.412457706742695
45.3239930293136,0.0278836067501737,-0.134396878997172,-0.207837107012841,0.217944404144396,0.0375742808690723,-0.0531711938389675,-0.363778222345486,0.412119577282261
45.6383216477945,0.0274145948398594,-0.133652757328019,-0.206179694569805,0.217934952529485,0.0372548512344484,-0.053059584558324,-0.360928705017327,0.411761956280623
45.954830181896,0.0269497286227659,-0.132911033936072,-0.204524432076593,0.217912367405178,0.0369363667829526,-0.0529463866214127,-0.358084582169843,0.411384936725284
46.2735337496566,0.0264889815348732,-0.132171710597209,-0.202871492611065,0.217876709248392,0.0366188491753097,-0.0528316094464211,-0.355246111551779,0.410988615862228
46.5944475739604,0.0260323272832186,-0.131434788998209,-0.201221047799378,0.217828041243937,0.0363023198956882,-0.0527152628409132,-0.352413548752284,0.410573095141451
46.9175869832646,0.0255797398398524,-0.130700270741596,-0.19957326776283,0.217766429247009,0.0359868002428422,-0.0525973569969651,-0.349587147114208,0.41013848016034
47.2429674123316,0.0251311934358078,-0.129968157350233,-0.197928321065786,0.217691941744431,0.0356723113214185,-0.0524779024860768,-0.346767157649106,0.409684880604958
47.5706044029659,0.0246866625550911,-0.129238450271676,-0.196286374664742,0.217604649814687,0.0353588740334351,-0.0523569102538659,-0.343953828954042,0.409212410189309
47.9005136047569,0.0242461219287002,-0.128511150882289,-0.194647593858542,0.217504627086774,0.0350465090699363,-0.0522343916145499,-0.341147407130222,0.408721186592631
48.2327107758263,0.0238095465286771,-0.127786260491126,-0.193012142239787,0.217391949697938,0.0347352369028317,-0.0521103582452234,-0.338348135703517,0.408211331394781
48.5672117835806,0.0233769115621998,-0.127063780343585,-0.191380181647478,0.217266696250293,0.0344250777769229,-0.0519848221799373,-0.335556255546934,0.407682970009789
48.904032605469,0.0229481924657203,-0.126343711624839,-0.18975187212089,0.217128947766409,0.0341160517021236,-0.0518577958035856,-0.332772004805071,0.40713623161763
49.243189329747,0.0225233648991543,-0.125626055463049,-0.188127371854746,0.216978787643871,0.0338081784458787,-0.0517292918456076,-0.32999561882061,0.406571249094295
49.5846981562442,0.0221024047401273,-0.124910812932359,-0.186506837155672,0.216816301608873,0.0335014775257856,-0.051599323373513,-0.327227330062882,0.405988158940218
49.9285753971387,0.0216852880782831,-0.124197985055688,-0.1848904224,0.216641577668889,0.0331959682024238,-0.0514679037862356,-0.324467368058558,0.405387101207148
50.2748374777359,0.0212719912096598,-0.123487572807316,-0.183278279992903,0.216454706064455,0.0328916694723949,-0.0513350468073243,-0.321715959324489,0.404768219423505
50.6235009372529,0.0208624906311366,-0.122779577115269,-0.181670560328914,0.216255779220111,0.0325886000615787,-0.0512007664779776,-0.318973327302739,0.404131660518333
50.974582429609,0.0204567630349582,-0.122073998863514,-0.180067411753821,0.216044891694548,0.0322867784186083,-0.05106507714993,-0.316239692297841,0.403477574743881
51.3280987242209,0.0200547853033388,-0.121370838893972,-0.178468980527981,0.215822140130008,0.031986222708566,-0.0509279934781973,-0.313515271416302,0.402806115596912
51.6840667068035,0.0196565345031518,-0.120670098008335,-0.176875410791049,0.215587623200972,0.031686950806906,-0.0507895304136885,-0.31080027850839,0.402117439738816
52.0425033801768,0.0192619878807075,-0.119971776969723,-0.175286844528145,0.215341441562192,0.0313889802936035,-0.0506497031956916,-0.308094924112232,0.401411706914571
52.4034258650778,0.0188711228566232,-0.119275876504157,-0.173703421537469,0.21508369779611,0.031092328447535,-0.050508527344242,-0.305399415400222,0.40068907987067
52.7668514009784,0.0184839170207892,-0.118582397301876,-0.172125279399382,0.214814496359701,0.0307970122410903,-0.0503660186523796,-0.302713956127784,0.399949724272049
53.1327973469088,0.0181003481274333,-0.117891340018487,-0.170552553446948,0.214533943530807,0.0305030483350192,-0.0502221931783038,-0.300038746584495,0.399193808618119
53.5012811822866,0.0177203940902873,-0.11720270527597,-0.168985376737957,0.21424214735398,0.0302104530735139,-0.0500770672374335,-0.297373983547579,0.398421504157961
53.8723205077517,0.0173440329778584,-0.116516493663524,-0.167423880028433,0.213939217585906,0.0299192424795286,-0.0499306573943798,-0.294719860237791,0.397632984804772
54.2459330460073,0.0169712430088069,-0.115832705738282,-0.165868191747627,0.213625265640435,0.0296294322503373,-0.0497829804548386,-0.292076566277685,0.39682842704962
54.6221366426659,0.016602002547434,-0.115151342025881,-0.164318437974498,0.213300404533284,0.0293410377533308,-0.0496340534574128,-0.289444287652294,0.396008009874605
55.0009492671021,0.016236290099281,-0.114472403020905,-0.162774742415693,0.212964748826435,0.0290540740220535,-0.0494838936653686,-0.286823206672204,0.395171914665478
55.3823890133107,0.0158740843068417,-0.1137958891872,-0.161237226385008,0.212618414572294,0.0287685557524789,-0.0493325185583368,-0.284213501939035,0.394320325123808
55.7664741007712,0.0155153639453899,-0.113121800958074,-0.159706008784352,0.212261519257642,0.0284844972995269,-0.049179945823964,-0.281615348313319,0.393453427178765
56.1532228753178,0.0151601079189238,-0.112450138736375,-0.158181206086182,0.211894181747429,0.0282019126738187,-0.049026193349523,-0.279028916884781,0.392571408898589
56.5426538100157,0.0148082952562279,-0.111780902894471,-0.156662932317433,0.211516522228458,0.0279208155386719,-0.0488712792134889,-0.27645437494501,0.391674460401824
56.9347855060436,0.0144599051070541,-0.111114093774118,-0.155151299044916,0.211128662152991,0.0276412192073339,-0.0487152216770887,-0.273891885962504,0.390762773768383
57.3296366935823,0.0141149167384228,-0.110449711686237,-0.153646415362187,0.210730724182336,0.0273631366404526,-0.0485580391758311,-0.271341609560094,0.389836542950516
57.7272262327089,0.0137733095310438,-0.109787756910594,-0.152148387877874,0.210322832130442,0.0270865804437825,-0.0483997503110249,-0.268803701494722,0.388895963683749
58.1275731142982,0.0134350629758596,-0.109128229695397,-0.150657320705451,0.209905110907559,0.0268115628661269,-0.0482403738412912,-0.266278313639555,0.387941233397871
58.5306964609293,0.0131001566707087,-0.108471130256811,-0.149173315454454,0.209477686463988,0.0265380957975118,-0.0480799286740787,-0.263765593968429,0.386972551128025
58.9366155277994,0.012768570317112,-0.107816458778396,-0.147696471223115,0.209040685733979,0.0262661907675921,-0.047918433857186,-0.261265686542588,0.385990117425974
59.3453497036433,0.0124402837171793,-0.107164215410476,-0.146226884592411,0.208594236579798,0.0259958589442858,-0.0477559085703014,-0.258778731499712,0.384994134271612
59.7569185116595,0.0121152767706385,-0.106514400269444,-0.144764649621507,0.208138467736024,0.0257271111326356,-0.0475923721165627,-0.256304865045194,0.383984804984776
60.1713416104428,0.0117935294719855,-0.105867013436999,-0.143309857844574,0.207673508754091,0.025459957773895,-0.0474278439141469,-0.25384421944565,0.382962334137427
60.5886387949234,0.0114750219077546,-0.105222054959335,-0.141862598268971,0.207199489947132,0.0251944089448351,-0.0472623434878936,-0.251396923024635,0.381926927466261
61.0088299973121,0.0111597342539091,-0.104579524846277,-0.14042295737477,0.206716542335145,0.024930474357271,-0.0470958904609707,-0.248963100160528,0.3808787917858
61.4319352880526,0.0108476467733513,-0.103939423070373,-0.138991019115597,0.206224797590531,0.0246681633578035,-0.0469285045465853,-0.246542871286562,0.379818134902045
61.8579748767801,0.0105387398135505,-0.103301749565937,-0.137566864920788,0.205724387984028,0.0244074849277735,-0.0467602055397489,-0.244136352892962,0.378745165526712
62.2869691132868,0.0102329938042888,-0.102666504228063,-0.136150573698809,0.20521544633108,0.0241484476834249,-0.0465910133091007,-0.241743657531155,0.377660093192143
62.7189384884933,0.00993038925552275,-0.102033686911606,-0.134742221841943,0.204698105938675,0.023891059876274,-0.0464209477887943,-0.239364893820028,0.376563128166917
63.1539036354283,0.00963090675535986,-0.101403297430132,-0.133341883232216,0.204172500552669,0.0236353293936803,-0.0462500289704546,-0.237000166454181,0.375454481372234
63.5918853302131,0.00933452696814853,-0.100775335554844,-0.131949629248522,0.203638764305655,0.0233812637596156,-0.0460782768952091,-0.234649576214141,0.374334364299097
64.032904493055,0.00904123063267999,-0.10014980101349,-0.130565528774939,0.203097031665376,0.0231288701356272,-0.0459057116457986,-0.232313219978508,0.373202988926375
64.4769821892457,0.00875099856050046,-0.0995266934892566,-0.129189648210211,0.202547437383726,0.0228781553219914,-0.0457323533387726,-0.229991190737981,0.372060567639754
64.9241396301678,0.00846381163433187,-0.0989060126196486,-0.127822051478352,0.201990116446371,0.0226291257590529,-0.0455582221167732,-0.227683577611222,0.370907313151658
65.3743981743082,0.00817965080659917,-0.0982877579953605,-0.126462800040365,0.201425204022999,0.0223817875287462,-0.0453833381409135,-0.225390465862518,0.36974343842215
65.827779328278,0.00789849709806258,-0.097671929159145,-0.125111952907042,0.200852835418245,0.0221361463562941,-0.0452077215832532,-0.223111936921204,0.368569156580884
66.2843047478397,0.00762033159655252,-0.0970585256046796,-0.123769566652808,0.200273146023289,0.0218922076120792,-0.0450313926193761,-0.22084806840279,0.367384680850123
66.7439962389419,0.00734513545580519,-0.0964475467754368,-0.122435695430596,0.199686271268182,0.021649976313684,-0.0448543714210738,-0.218598934131749,0.366190224468871
67.2068757587607,0.00707288989439677,-0.095838992063559,-0.12111039098771,0.199092346574889,0.0214094571280943,-0.0446766781491389,-0.216364604165931,0.364986000618163
67.6729654167483,0.00680357619477383,-0.0952328608087429,-0.119793702682662,0.198491507311096,0.0211706543740626,-0.0444983329462708,-0.214145144822541,0.363772222347528
68.1422874756894,0.00653717570237775,-0.0946291522971365,-0.118485677502936,0.197883888744783,0.0209335720246248,-0.044319355930099,-0.211940618705646,0.36254910250267
68.6148643527643,0.00627366982486076,-0.0940278657602497,-0.117186360083662,0.197269625999587,0.0206982137097672,-0.0441397671863251,-0.20975108473515,0.361316853654398
69.0907186206199,0.00601304003139122,-0.0934290003738841,-0.11589579272717,0.196648854010977,0.0204645827192382,-0.0439595867619878,-0.207576598177205,0.360075688028824
69.5698730084476,0.00575526785204567,-0.0928325552570822,-0.114614015423379,0.196021707483248,0.0202326820054996,-0.043778834658853,-0.205417210675997,0.358825817438866
70.0523504030693,0.00550033487728511,-0.0922385294710998,-0.113341065871017,0.195388320847356,0.0200025141868131,-0.0435975308269328,-0.203272970286857,0.357567453217069
70.5381738500302,0.00524822275751302,-0.0916469220184039,-0.112076979499609,0.194748828219602,0.0197740815504569,-0.0434156951581336,-0.201143921510662,0.356300806149782
71.0273665547,0.0049989132027125,-0.0910577318416983,-0.110821789492233,0.194103363361186,0.0195473860560673,-0.043233347480038,-0.199030105329461,0.355026086412693
71.5199518833807,0.00475238798215999,-0.0904709578229784,-0.109575526808992,0.193452059638632,0.0193224293391001,-0.0430505075498207,-0.196931559243282,0.353743503507766
72.0159533644237,0.00450862892421268,-0.0898865987826187,-0.108338220211184,0.1927950499851,0.0190992127144084,-0.0428671950483014,-0.194848317308078,0.352453266201565
72.5153946893524,0.00426761791616754,-0.0893046534784936,-0.107109896286126,0.192132466862601,0.018877737179929,-0.0426834295741362,-0.19278041017475,0.351155582465018
73.0182997139948,0.00402933690418858,-0.0887251206051338,-0.10589057947262,0.191464442225109,0.0186580034204757,-0.042499230638148,-0.190727865129209,0.349850659414606
73.5246924596224,0.00379376789330005,-0.0881479987929206,-0.104680292087017,0.190791107482587,0.0184400118116318,-0.0423146176577995,-0.188690706133417,0.348538703254999
74.0345971140979,0.00356089294744299,-0.0875732866073182,-0.103479054349846,0.190112593465932,0.0182237624237383,-0.0421296099518069,-0.18666895386737,0.347219919223156
74.5480380330304,0.00333069418959203,-0.0870009825481469,-0.102286884412992,0.189429030392849,0.0180092550259736,-0.0419442267348989,-0.184662625771968,0.345894511533894
75.0650397409388,0.00310315380193016,-0.0864310850488985,-0.101103798387379,0.188740547834642,0.0177964890905172,-0.0417584871127182,-0.182671736092717,0.344562683326923
75.585626932423,0.00287825402607846,-0.0858635924760934,-0.0999298103711422,0.188047274683946,0.017585463796796,-0.0415724100768697,-0.180696295924237,0.343224636615376
76.1098244733437,0.00265597716337828,-0.0852985031286834,-0.0987649324782399,0.187349339123391,0.0173761780358055,-0.0413860145001132,-0.178736313255493,0.341880572235817
76.6376574020103,0.00243630557522304,-0.0847358152374983,-0.0976091748674989,0.1866468685952,0.0171686304145028,-0.041199319131702,-0.176791793015747,0.340530689799737
77.1691509303763,0.00221922168343718,-0.0841755269647396,-0.0964625457720484,0.185939989771723,0.0169628192602663,-0.041012342592869,-0.174862737121139,0.339175187646552
77.7043304452438,0.00200470797069934,-0.0836176364035209,-0.0953250515291198,0.185228828526912,0.0167587426254174,-0.0408251033724574,-0.172949144521886,0.33781426279808
78.2432215094763,0.0017927469810073,-0.0830621415774551,-0.0941966966101841,0.184513509908726,0.0165563982917994,-0.0406376198226994,-0.171051011250032,0.336448110914517
78.7858498632195,0.00158332132018211,-0.0825090404402917,-0.093077483651398,0.183794158112473,0.0163557837754093,-0.0404499101551399,-0.169168330467717,0.335076926251895
79.3322414251308,0.00137641365640861,-0.0819583308756013,-0.0919674134843329,0.183070896455081,0.0161568963310787,-0.0402619924367065,-0.167301092515917,0.33370090162103
79.8824222936175,0.0011720067208099,-0.0814100106965102,-0.0908664851669573,0.182343847350299,0.0159597329571979,-0.0400738845859253,-0.165449284963602,0.332320228347947
80.436418748083,0.000970083308053317,-0.0808640776454848,-0.0897746960148495,0.181613132284821,0.0157642904004803,-0.0398856043692806,-0.163612892657286,0.330935096235775
80.9942572501823,0.000770626276985107,-0.0803205293941654,-0.0886920416326107,0.180878871795325,0.0155705651607621,-0.0396971693977205,-0.161791897770919,0.329545693528112
81.555964445086,0.000573618551291668,-0.0797793635432506,-0.0876185159454572,0.180141185446432,0.015378553495833,-0.0395085971233039,-0.15998627985607,0.328152206873847
82.121567162753,0.000379043120184663,-0.0792405776224322,-0.0865541112309624,0.179400191809565,0.015188251426295,-0.039319904835992,-0.158196015892386,0.32675482129343
82.6910924192116,0.000186883039107693,-0.0787041690903793,-0.0854988181509276,0.178656008442714,0.0149996547404438,-0.03913110966058,-0.156421080338252,0.325353720146574
83.2645674178507,-2.87856953783139e-06,-0.0781701353347742,-0.0844526257833551,0.177908751871093,0.0148127589991693,-0.03894222855377,-0.154661445181651,0.323949085101392
83.8420195507184,-0.000190258515649959,-0.0776384736723972,-0.0834155216545016,0.177158537568677,0.0146275595408721,-0.038753278301383,-0.152917079991157,0.322541096104938
84.423476399831,-0.000375273540668927,-0.0771091813492618,-0.0823874917709878,0.176405479940621,0.0144440514863917,-0.0385642755157089,-0.151187951967035,0.321129931355155
85.0089657384898,-0.00055794031680753,-0.0765822555407994,-0.0813685206519436,0.175649692306546,0.0142622297439423,-0.0383752366329926,-0.14947402599242,0.319715767274205
85.5985155326084,-0.000738275446271379,-0.076057693352094,-0.0803585913611646,0.174891286884676,0.0140820890140534,-0.0381861779110564,-0.147775264684519,0.318298778483168
86.1921539420481,-0.00091629546047118,-0.0755354918181649,-0.0793576855392606,0.174130374776833,0.0139036237945117,-0.0379971154270546,-0.146091628445827,0.3168791377781
86.7899093219629,-0.00109201681922915,-0.0750156479042983,-0.0783657834357745,0.173367065954258,0.0137268283852996,-0.0378080650753611,-0.144423075515301,0.315457016107426
87.3918102241541,-0.00126545590998166,-0.0744981585064273,-0.0773828639412521,0.172601469244269,0.0135516968935297,-0.0376190425655867,-0.142769562019472,0.314032582550648
87.9978853984339,-0.00143662904697993,-0.0739830204515586,-0.0764089046192424,0.171833692317721,0.0133782232383687,-0.0374300634207249,-0.141131042023466,0.31260600429837
88.6081637939989,-0.0016055524704911,-0.0734702304982466,-0.0754438817382108,0.171063841677284,0.0132064011559504,-0.037241142975425,-0.139507467581891,0.311177446633592
89.2226745608124,-0.00177224234600121,-0.0729597853371132,-0.0744877703033445,0.170292022646497,0.0130362242042736,-0.0370522963743889,-0.137898788789569,0.309747072914273
89.8414470509972,-0.00193671476342216,-0.0724516815914132,-0.073540544088236,0.169518339359609,0.0128676857680818,-0.0368635385708914,-0.13630495383209,0.308315044557145
90.4645108202374,-0.00209898573630439,-0.0719459158176444,-0.0726021756664236,0.168742894752185,0.0127007790637224,-0.0366748843254215,-0.134725909036143,0.306881521022743
91.0918956291901,-0.00225907120105712,-0.0714424845062011,-0.0716726364427753,0.167965790552462,0.0125354971439826,-0.0364863482044418,-0.133161598919616,0.305446659801643
91.7236314449071,-0.00241698701617762,-0.0709413840820713,-0.0707518966846986,0.167187127273442,0.0123718329028992,-0.0362979445792651,-0.131611966241428,0.304010616401885
92.3597484422661,-0.00257274896149158,-0.070442610905575,-0.0698399255531613,0.16640700420572,0.0122097790805398,-0.0361096876250452,-0.130076952051068,0.302573544337548
93.0002770054119,-0.00272637273740566,-0.0699461612731444,-0.0689366911335081,0.16562551941101,0.0120493282677529,-0.0359215913198802,-0.128556495737828,0.301135595118476
93.645247729208,-0.00287787396417424,-0.0694520314181438,-0.0680421604660603,0.164842769716381,0.0118904729108852,-0.0357336694440259,-0.127050535079689,0.299696918241114
94.2946914206979,-0.00302726818118153,-0.0689602175117287,-0.0671562995764822,0.164058850709172,0.0117332053164625,-0.0355459355792174,-0.125559006291859,0.298257661180435
94.9486391005764,-0.0031745708462407,-0.0684707156637435,-0.0662790735059043,0.163273856732572,0.0115775176558341,-0.0353584031080957,-0.124081844074925,0.296817969382951
95.6071220046713,-0.00331979733491123,-0.0679835219236548,-0.0654104463407881,0.162487880881863,0.0114234019697762,-0.0351710852137382,-0.122618981662606,0.295377986260759
96.2701715854358,-0.00346296293983605,-0.0674986322815229,-0.0645503812425229,0.161701015001299,0.0112708501730546,-0.0349839948792899,-0.121170350869089,0.29393785318662
96.9378195134503,-0.00360408287009946,-0.0670160426690058,-0.0636988404767411,0.160913349681609,0.011119854058943,-0.0347971448876938,-0.119735882135926,0.292497709490039
97.6100976789355,-0.00374317225060735,-0.0665357489603981,-0.0628557854423434,0.160124974258115,0.0109704053036969,-0.0346105478215168,-0.118315504578477,0.291057692454323
98.2870381932754,-0.00388024612149072,-0.0660577469737026,-0.0620211767002214,0.159335976809441,0.0108224954709795,-0.0344242160628704,-0.116909146031885,0.289617937314595
98.9686733905512,-0.00401531943753368,-0.0655820324717322,-0.0611949740016699,0.158546444156811,0.0106761160162396,-0.0342381617934228,-0.115516733096557,0.288178577256736
99.6550358290861,-0.004148407067627,-0.0651086011632429,-0.0603771363164787,0.157756461863904,0.0105312582910394,-0.0340523969945001,-0.114138191183153,0.28673974341724
100.346158292999,-0.00427952379424827,-0.0646374487040952,-0.0595676218606952,0.156966114237269,0.01038791354733,-0.0338669334472745,-0.112773444557051,0.28530156488395
101.042073793774,-0.00440868431296968,-0.0641685706984426,-0.0587663881240495,0.156175484327268,0.0102460729416751,-0.0336817827330369,-0.111422416382286,0.283864168697654
101.742815571832,-0.00453590323199413,-0.0637019626999482,-0.0579733918970362,0.155384653929549,0.0101057275394194,-0.033496956233552,-0.110085028764955,0.282427679854517
102.448417098122,-0.00466119507172085,-0.0632376202130242,-0.0571885892976426,0.154593703587021,0.00996686831880246,-0.0333124651314927,-0.10876120279606,0.280992221309331
103.15891207572,-0.00478457426434123,-0.0627755386940971,-0.0564119357977196,0.153802712592322,0.00982948617501578,-0.0331283204109522,-0.107450858593792,0.279557913979546
103.874334441436,-0.00490605515346545,-0.0623157135528941,-0.0556433862489875,0.153011758990764,0.00969357192420238,-0.0329445328580311,-0.106153915345242,0.278124876750078
104.594718367439,-0.0050256519937811,-0.061858140153752,-0.0548828949086713,0.152220919583739,0.00955911630739799,-0.0327611130614971,-0.104870291347534,0.276693226478845
105.320098262886,-0.00514337895074397,-0.0614028138169448,-0.0541304154647607,0.151430269932579,0.00942610999441302,-0.0325780714135151,-0.103599904048359,0.275263078003037
106.050508775566,-0.005259250100302,-0.0609497298200311,-0.0533859010608897,0.150639884362842,0.00929454358765437,-0.0323954181104453,-0.102342670085918,0.273834544146075
106.785984793556,-0.0053732794286528,-0.0604988833992181,-0.0526493043208311,0.14984983596902,0.00916440762588639,-0.0322131631537073,-0.101098505328258,0.272407735725244
107.526561446888,-0.00548548083203544,-0.0600502697507417,-0.0519205773726025,0.149060196619655,0.00903569258793044,-0.0320313163507071,-0.0998673249119912,0.270982761559974
108.272274109224,-0.00559586811655687,-0.0596038840322618,-0.0511996718721808,0.14827103696284,0.00890838889630232,-0.0318498873158262,-0.0986490432804075,0.269559728480759
109.023158399549,-0.00570445499805345,-0.0591597213642706,-0.0504865390268199,0.1474824264321,0.00878248692078714,-0.0316688854714681,-0.0974435742209541,0.268138741338671
109.779250183872,-0.00581125510198821,-0.0587177768315129,-0.0497811296179719,0.146694433252634,0.00865797698195113,-0.0314883200491633,-0.0962508309020949,0.266719903015464
110.540585576935,-0.00591628196338388,-0.0582780454844175,-0.0490833940238071,0.145907124447908,0.00853484935459001,-0.0313082000907278,-0.0950707259095374,0.265303314434236
111.307200943943,-0.00601954902679228,-0.0578405223405376,-0.0483932822413318,0.145120565846583,0.00841309427111355,-0.0311285344494736,-0.0939031712818259,0.26388907457064
112.079132902301,-0.0061210696463003,-0.057405202386,-0.0477107439081026,0.144334822089761,0.00829270192486615,-0.0309493317914703,-0.0927480785452992,0.262477280464605
112.856418323356,-0.00622085708557267,-0.0569720805769604,-0.047035728323535,0.143549956638544,0.00817366247338298,-0.0307706005968541,-0.0916053587484093,0.261068027232557
113.639094334169,-0.00631892451793178,-0.0565411518410648,-0.0463681844698063,0.142766031781891,0.00805596604158191,-0.0305923491611832,-0.0904749224954015,0.259661408080123
114.427198319278,-0.00641528502647467,-0.0561124110789145,-0.0457080610323514,0.141983108644748,0.00793960272489068,-0.0304145855968364,-0.0893566799793524,0.258257514315291
115.220767922492,-0.00650995160422745,-0.0556858531655349,-0.0450553064199528,0.141201247196458,0.00782456259230957,-0.0302373178344542,-0.0882505410145681,0.256856435361997
116.019841048683,-0.00660293715433707,-0.0552614729518448,-0.0444098687844221,0.140420506259423,0.00771083568940944,-0.0300605536244198,-0.0871564150683403,0.255458258774148
116.824455865599,-0.00669425449030058,-0.0548392652661273,-0.0437716960398762,0.139640943518016,0.00759841204126518,-0.0298843005383772,-0.0860742112920623,0.254063070250024
117.634650805689,-0.00678391633623205,-0.0544192249154987,-0.0431407358816071,0.138862615527718,0.00748728165532466,-0.0297085659707859,-0.0850038385517052,0.252670953647071
118.450464567934,-0.00687193532716678,-0.0540013466873762,-0.0425169358045467,0.138085577724485,0.00737743452421335,-0.0295333571405096,-0.0839452054576557,0.251281990997053
119.271936119701,-0.0069583240094031,-0.0535856253509409,-0.0419002431213281,0.137309884434321,0.00726886062847475,-0.0293586810924366,-0.0828982203939179,0.249896262521539
120.099104698599,-0.00704309484088156,-0.0531720556585975,-0.0412906049799437,0.136535588883045,0.00716154993924689,-0.029184544699131,-0.0818627915466801,0.248513846647718
120.932009814357,-0.00712626019160121,-0.0527606323474274,-0.0406879683810033,0.135762743206255,0.00705549242087504,-0.0290109546625121,-0.08083882693225,0.247134820024523
121.77069125071,-0.00720783234407318,-0.0523513501406342,-0.040092280194593,0.134991398459454,0.00695067803346113,-0.0288379175155602,-0.0798262344243623,0.245759257539039
122.615189067297,-0.00728782349381098,-0.0519442037489821,-0.0395034871767373,0.134221604628355,0.00684709673535003,-0.0286654396240485,-0.0788249217808595,0.24438723233318
123.46554360158,-0.00736624574985762,-0.0515391878722232,-0.0389215359854666,0.133453410639332,0.00674473848555308,-0.0284935271882967,-0.0778347966697516,0.243018815820629
124.321795470765,-0.00744311113534907,-0.0511362972005157,-0.0383463731964935,0.132686864370013,0.00664359324610948,-0.0283221862449476,-0.0768557666946579,0.24165407770401
125.183985573745,-0.00751843158811394,-0.0507355264158286,-0.037777945318499,0.131922012660018,0.00654365098438562,-0.0281514226687629,-0.0758877394196358,0.240293085992284
126.052155093052,-0.00759221896130895,-0.0503368701933344,-0.0372161988080332,0.131158901321806,0.00644490167531315,-0.0279812421744378,-0.0749306223933999,0.238935907018352
126.926345496825,-0.00766448502408993,-0.0499403232027871,-0.0366610800840327,0.130397575151649,0.00634733530356608,-0.0278116503184319,-0.0739843231729375,0.237582605456851
127.806598540793,-0.00773524146231786,-0.0495458801098853,-0.036112535541958,0.129638077940704,0.0062509418656775,-0.027642652500816,-0.0730487493465253,0.236233244342128
128.692956270265,-0.00780449987929971,-0.0491535355776178,-0.0355705115675544,0.128880452486183,0.00615571137209653,-0.0274742539671323,-0.0721238085561523,0.234887885086371
129.585461022141,-0.00787227179656349,-0.0487632842675928,-0.0350349545502405,0.128124740602604,0.0060616338491859,-0.0273064598102671,-0.0712094085193543,0.233546587497892
130.484155426934,-0.00793856865466711,-0.0483751208413478,-0.0345058108961272,0.127370983133131,0.005968699341161,-0.0271392749723349,-0.0703054570504674,0.232209409799549
131.389082410804,-0.00800340181404056,-0.0479890399616395,-0.0339830270406717,0.126619219960972,0.00587689791197077,-0.0269727042465711,-0.0694118620813043,0.230876408647279
132.300285197614,-0.00806678255586094,-0.0476050362937137,-0.0334665494609699,0.125869490020842,0.0057862196471213,-0.0268067522792336,-0.0685285316812607,0.229547639148749
133.217807310988,-0.00812872208295961,-0.0472231045065522,-0.0329563246876923,0.12512183131048,0.00569665465544257,-0.0266414235715116,-0.067655374076859,0.228223154882098
134.141692576393,-0.00818923152076114,-0.0468432392740983,-0.0324522993166662,0.124376280902208,0.00560819307079932,-0.0264767224814392,-0.0667922976707344,0.22690300791476
135.071985123233,-0.00824832191825321,-0.0464654352764567,-0.0319544200201101,0.123632874954527,0.00552082505374637,-0.0263126532258144,-0.0659392110600708,0.225587248822363
136.008729386957,-0.00830600424898704,-0.0460896872010701,-0.0314626335575234,0.122891648723748,0.00543454079312941,-0.0261492198821201,-0.0650960230544933,0.224275926707685
136.951970111177,-0.00836228941210755,-0.0457159897438688,-0.030976886786237,0.122152636575635,0.00534933050763189,-0.0259864263904488,-0.0642626426934249,0.222969089219661
137.901752349813,-0.00841718823341261,-0.0453443376103943,-0.030497126671628,0.121415871997074,0.00526518444726868,-0.0258242765554265,-0.0634389792629132,0.221666782572423
138.858121469236,-0.00847071146644071,-0.0449747255168944,-0.0300233002970055,0.12068138760774,0.00518209289482735,-0.0256627740481376,-0.0626249423119356,0.220369051564367
139.821123150444,-0.00852286979358628,-0.0446071481913905,-0.0295553548731696,0.119949215171775,0.00510004616725787,-0.0255019224080484,-0.0618204416681898,0.219075939597247
140.790803391236,-0.00857367382724189,-0.0442416003747149,-0.0290932377476499,0.119219385609457,0.00501903461701133,-0.0253417250449277,-0.061025387453377,0.217787488695259
141.767208508414,-0.00862313411096662,-0.0438780768215174,-0.0286368964136291,0.118491929008856,0.00493904863332871,-0.0251821852407647,-0.060239690097985,0.216503739524135
142.750385139995,-0.00867126112067971,-0.0435165723012412,-0.0281862785185543,0.117766874637475,0.00486007864348033,-0.0250233061516828,-0.0594632603555807,0.215224731410221
143.740380247435,-0.00871806526587865,-0.0431570815990669,-0.027741331872444,0.117044250953874,0.00478211511395687,-0.024865090809848,-0.0586960093166159,0.213950502359532
144.737241117876,-0.00876355689088107,-0.0427995995168224,-0.0273020044558925,0.116324085619251,0.00470514855161272,-0.0247075421253707,-0.0579378484217584,0.212681089076781
145.741015366405,-0.00880774627608919,-0.0424441208738608,-0.0268682444277801,0.115606405509007,0.00462916950476254,-0.0245506628882018,-0.0571886894747531,0.211416526984366
146.751750938323,-0.00885064363927629,-0.0420906405079024,-0.0264400001326918,0.114891236724256,0.00455416856423182,-0.0243944557700201,-0.056448444654822,0.210156850241314
147.769496111443,-0.00889225913689402,-0.0417391532758423,-0.0260172201080506,0.114178604603305,0.00448013636436227,-0.0242389233261114,-0.0557170265286114,0.208902091762171
148.794299498388,-0.00893260286539984,-0.0413896540545223,-0.0255998530909708,0.113468533733073,0.00440706358397298,-0.0240840679972383,-0.0549943480616928,0.207652283235827
149.826210048919,-0.00897168486260334,-0.0410421377414652,-0.0251878480248357,0.112761047960464,0.00433494094727798,-0.0239298921114999,-0.0542803226296269,0.206407455144282
150.865277052271,-0.0090095151090308,-0.0406965992555732,-0.0247811540656056,0.112056170403677,0.00426375922476124,-0.0237763978861808,-0.0535748640285977,0.205167636781323
151.911550139505,-0.00904610352930662,-0.0403530335377874,-0.0243797205878612,0.111353923463462,0.00419350923400997,-0.0236235874295884,-0.0528778864856244,0.203932856271133
152.965079285884,-0.00908145999355101,-0.0400114355517092,-0.0239834971905872,0.110654328834297,0.0041241818405068,-0.0234714627428783,-0.0521893046683599,0.202703140586804
154.025914813254,-0.00911559431879243,-0.0396718002841828,-0.023592433702702,0.109957407515505,0.00405576795838206,-0.0233200257218667,-0.0515090336944825,0.201478515568759
155.094107392451,-0.00914851627039416,-0.0393341227458375,-0.0232064801883377,0.109263179822293,0.00398825855112673,-0.0231692781588298,-0.0508369891406903,0.200259005943071
156.169708045722,-0.00918023556349362,-0.0389983979715905,-0.0228255869518774,0.108571665396711,0.00392164463226705,-0.0230192217442886,-0.0501730870513042,0.199044635339682
157.25276814916,-0.00921076186445343,-0.0386646210211088,-0.0224497045427525,0.107882883218534,0.00385591726600159,-0.02286985806878,-0.0495172439464889,0.197835426310505
158.34333943516,-0.00924010479232321,-0.0383327869792296,-0.0220787837600081,0.107196851616057,0.00379106756780161,-0.0227211886246124,-0.0488693768300991,0.19663140034742
159.441473994887,-0.00926827392031075,-0.0380028909563395,-0.0217127756566389,0.1065135882768,0.00372708670497562,-0.0225732148076058,-0.0482294031971584,0.195432577900136
160.547224280766,-0.00929527877726165,-0.037674928088712,-0.021351631543703,0.105833110258129,0.00366396589719897,-0.0224259379188159,-0.0475972410409785,0.194238978393943
161.66064310899,-0.00932112884914606,-0.0373488935388016,-0.0209953029942178,0.105155433997776,0.00360169641700919,-0.0222793591662422,-0.0469728088599278,0.193050620247324
162.781783662036,-0.00934583358055148,-0.0370247824954964,-0.0206437418468424,0.104480575324267,0.00354026959026814,-0.0221334796665188,-0.0463560256638543,0.191867520889435
163.910699491214,-0.00936940237618039,-0.0367025901743268,-0.0202969002093536,0.103808549467251,0.00347967679659158,-0.0219883004465878,-0.0457468109801736,0.190689696777459
165.047444519217,-0.00939184460235143,-0.0363823118176312,-0.0199547304619186,0.103139371067724,0.00341990946974716,-0.021843822445356,-0.0451450848596263,0.189517163413802
166.192073042701,-0.00941316958850297,-0.036063942694678,-0.0196171852601706,0.102473054188159,0.00336095909802154,-0.0217000465153323,-0.0445507678817149,0.188349935363158
167.344639734876,-0.00943338662869793,-0.0357474781017441,-0.0192842175380919,0.101809612322519,0.00330281722455756,-0.0215569734242478,-0.0439637811598258,0.187188026269421
168.505199648122,-0.00945250498312832,-0.0354329133621489,-0.0189557805107102,0.101149058406169,0.00324547544766214,-0.0214146038566571,-0.0433840463460448,0.186031448872448
169.673808216612,-0.0094705338796186,-0.0351202438262444,-0.0186318276766115,0.100491404825678,0.00318892542108592,-0.0212729384155205,-0.0428114856356722,0.184880215024671
170.850521258965,-0.00948748251512633,-0.0348094648713616,-0.0183123128202762,0.0998366634285119,0.00313315885427522,-0.021131977623767,-0.0422460217714465,0.183734335707546
172.03539498091,-0.0095033600572389,-0.0345005719017113,-0.0179971900142429,0.0991848455326069,0.00307816751259728,-0.0209917219258381,-0.041687578047481,0.18259382104785
173.228485977972,-0.00951817564566517,-0.0341935603482419,-0.0176864136211033,0.0985359619358373,0.00302394321753951,-0.0208521716892122,-0.0411360783129239,0.18145868033382
174.429851238172,-0.00953193839372054,-0.033888425668452,-0.0173799382953358,0.0978900229253626,0.00297047784688355,-0.0207133272059086,-0.0405914469753451,0.180328922031116
175.639548144754,-0.0095446573898043,-0.0335851633461586,-0.0170777189849796,0.0972470382868597,0.0029177633348549,-0.0205751886939716,-0.0400536090038593,0.179204553798637
176.857634478922,-0.00955634169886788,-0.0332837688912217,-0.0167797109331556,0.0966070173136374,0.0028657916722489,-0.0204377562989351,-0.0395224899319914,0.178085582504153
178.084168422602,-0.00956700036387269,-0.0329842378392243,-0.0164858696794393,0.0959699688156323,0.0028145549065338,-0.0203010300952663,-0.0389980158602898,0.176972014239786
179.319208561219,-0.00957664240723632,-0.0326865657511079,-0.0161961510610888,0.0953359011282843,0.00276404514193178,-0.0201650100877888,-0.0384801134586958,0.175863854337302
180.562813886497,-0.00958527683226568,-0.0323907482127654,-0.0159105112141331,0.0947048221212932,0.00271425453947847,-0.0200296962130855,-0.0379687099686751,0.174761107383253
181.815043799277,-0.00959291262457581,-0.0320967808345893,-0.0156289065743259,0.0940767392072533,0.00266517531706191,-0.0198950883408809,-0.0374637332051165,0.173663777233927
183.075958112354,-0.00959955875349307,-0.031804659250977,-0.0153512938779687,0.0934516593501664,0.00261679974944155,-0.0197611862754026,-0.0369651115580068,0.17257186703014
184.345617053333,-0.00960522417344129,-0.031514379119793,-0.0150776301626067,0.0928295890738338,0.0025691201682481,-0.0196279897567218,-0.0364727739938852,0.171485379211843
185.624081267505,-0.0096099178253098,-0.0312259361217889,-0.0148078727676047,0.0922105344701245,0.00252212896196478,-0.0194954984620731,-0.0359866500570858,0.170404315532562
186.911411820748,-0.00961364863780167,-0.0309393259599801,-0.0145419793346036,0.0915945012071227,0.00247581857589097,-0.0193637120071539,-0.0355066698707725,0.169328677073656
188.207670202438,-0.00961642552876125,-0.0306545443589819,-0.0142799078078646,0.0909814945371501,0.00243018151208858,-0.0192326299474021,-0.0350327641377735,0.168258464258403
189.512918328392,-0.0096182574064794,-0.0303715870643031,-0.0140216164345041,0.090371519304668,0.00238521032931216,-0.0191022517792537,-0.0345648641412204,0.167193676865907
190.827218543819,-0.00961915317097529,-0.0300904498415998,-0.0137670637646236,0.0897645799540541,0.00234089764292318,-0.0189725769413792,-0.0341029017449979,0.166134314044828
192.150633626303,-0.00961912171525342,-0.0298111284758878,-0.0135162086513383,0.0891606805372585,0.00229723612478933,-0.0188436048158995,-0.0336468093940107,0.165080374326937
193.483226788801,-0.00961817192653466,-0.0295336187707166,-0.0132690102507091,0.088559824721336,0.00225421850316932,-0.0187153347295805,-0.0331965201142711,0.16403185564049
194.82506168266,-0.00961631268745989,-0.029257916547303,-0.0130254280215816,0.0879620157958564,0.00221183756258398,-0.0185877659550074,-0.0327519675128151,0.162988755323429
196.176202400658,-0.00961355287726523,-0.0289840176436276,-0.0127854217253356,0.0873672566801933,0.00217008614367417,-0.0184608977117388,-0.0323130857774513,0.1619510701364
197.536713480066,-0.00960990137292737,-0.028711917913493,-0.0125489514255498,0.0867755499306904,0.00212895714304624,-0.0183347291674393,-0.0318798096763473,0.160918796275602
198.906659905733,-0.00960536705027802,-0.0284416132255448,-0.0123159774875843,0.0861868977477077,0.00208844351310548,-0.0182092594389925,-0.0314520745574597,0.159891929385448
200.286107113184,-0.0095999587850861,-0.0281730994622578,-0.0120864605780855,0.085601301982547,0.00204853826187846,-0.0180844875935931,-0.0310298163478134,0.158870464571063
201.675120991751,-0.00959368545410658,-0.0279063725188859,-0.0118603616644168,0.0850187641442575,0.00200923445282442,-0.0179604126498197,-0.0306129715526332,0.157854396410593
203.073767887718,-0.00958655593609483,-0.0276414283023778,-0.0116376420140184,0.0844392854063223,0.00197052520463675,-0.0178370335786864,-0.0302014772543343,0.156843718967348
204.482114607491,-0.0095785791127852,-0.0273782627302603,-0.0114182631936998,0.0838628666132264,0.00193240369103476,-0.0177143493046751,-0.0297952711113764,0.155838425801763
205.900228420788,-0.00956976386983294,-0.027116871729488,-0.0112021870688683,0.0832895082869079,0.00189486314054653,-0.0175923587067486,-0.0293942913569848,0.154838509983192
207.32817706385,-0.0095601190977182,-0.0268572512352627,-0.0109893758026974,0.0827192106330919,0.00185789683628328,-0.0174710606193428,-0.0289984767977453,0.153843964101521
208.766028742684,-0.00954965369261104,-0.0265993971898218,-0.0107797918552373,0.0821519735475094,0.00182149811570577,-0.0173504538333407,-0.0286077668120753,0.152854780278615
210.213852136311,-0.0095383765571966,-0.026343305541198,-0.0105733979824722,0.0815877966220011,0.00178566037038342,-0.0172305370970265,-0.0282221013485764,0.151870950179588
211.671716400053,-0.00952629660145915,-0.0260889722419506,-0.0103701572353258,0.0810266791505082,0.0017503770457464,-0.0171113091170213,-0.027841420924274,0.150892465023902
213.139691168835,-0.00951342274342435,-0.0258363932478702,-0.0101700329586195,0.0804686201349505,0.00171564164083141,-0.0169927685591992,-0.0274656666227458,0.149919315596303
214.617846560511,-0.00949976390985848,-0.0255855645166575,-0.00997298878998551,0.0799136182909941,0.00168144770802157,-0.0168749140495855,-0.0270947800921456,0.148951492257579
216.10625317921,-0.00948532903692401,-0.0253364820065781,-0.00977898865873822,0.0793616720537079,0.00164778885278084,-0.0167577441752363,-0.0267287035431249,0.147988984955157
217.604982118714,-0.00947012707079044,-0.0250891416750936,-0.00958799678470622,0.0788127795831127,0.0016146587333835,-0.0166412574850996,-0.0263673797466575,0.147031783233527
219.114104965849,-0.00945416696819965,-0.0248435394774717,-0.00939997767702816,0.0782669387696223,0.00158205106063913,-0.0165254524908596,-0.0260107520317697,0.146079876244509
220.633693803907,-0.00943745769698496,-0.0245996713653747,-0.00921489613291498,0.0777241472393796,0.00154995959761348,-0.0164103276677617,-0.0256587642831819,0.145133252757346
222.163821216089,-0.00942000823654327,-0.0243575332854302,-0.00903271723638114,0.0771844023594867,0.00151837815934574,-0.0162958814554219,-0.0253113609388627,0.144191901168641
223.704560288971,-0.00940182757825926,-0.0241171211777836,-0.00885340635694745,0.0766477012431337,0.00148730061256259,-0.0161821122586175,-0.0249684869875014,0.143255809512129
225.255984615994,-0.00938292472588132,-0.0238784309746338,-0.00867692914831791,0.0761140407546248,0.00145672087538936,-0.0160690184480622,-0.0246300879659013,0.142324965468293
226.818168300982,-0.00936330869584842,-0.0236414585987553,-0.00850325154703315,0.0755834175143051,0.00142663291705882,-0.0159565983611638,-0.0242961099562976,0.141399356373812
228.391185961678,-0.00934298851756729,-0.0234061999620064,-0.00833233977110257,0.0750558279033885,0.00139703075761788,-0.0158448503027657,-0.0239664995836036,0.140478969230862
229.975112733314,-0.00932197323363957,-0.023172650963826,-0.00816416031861768,0.0745312680686896,0.00136790846763264,-0.015733772545873,-0.0236412040125875,0.139563790716254
231.570024272191,-0.00930027190003826,-0.0229408074897196,-0.00799867996634864,0.0740097339272591,0.00133926016789204,-0.0156233633323622,-0.023320170944984,0.138653807190419
233.175996759301,-0.00927789358623311,-0.0227106654097378,-0.00783586576832622,0.0734912211709277,0.00131108002911054,-0.0155136208736755,-0.0230033486165441,0.137749004706242
234.793106903962,-0.00925484737526459,-0.0224822205769471,-0.0076756850544113,0.072975725270756,0.00128336227163021,-0.0154045433515005,-0.0226906857940246,0.136849369017741
236.421431947482,-0.00923114236376612,-0.0222554688258955,-0.0075181054288537,0.0724632414813959,0.00125610116512232,-0.0152961289184344,-0.0223821317721221,0.135954885588598
238.061049666849,-0.00920678766193421,-0.0220304059710743,-0.00736309476884234,0.0719537648453634,0.00122929102828901,-0.0151883756986343,-0.0220776363703533,0.135065539600543
239.712038378445,-0.00918179239344632,-0.0218070278053781,-0.00721062122304867,0.0714472901972239,0.00120292622856515,-0.0150812817884528,-0.0217771499298846,0.134181315961584
241.374476941791,-0.00915616569532635,-0.0215853300985642,-0.00706065321016486,0.0709438121676937,0.00117700118182075,-0.0149748452570597,-0.0214806233103143,0.133302199314105
243.048444763306,-0.0091299167177575,-0.021365308595713,-0.00691315941743875,0.0704433251876582,0.0011515103520641,-0.0148690641470509,-0.0211880078864095,0.132428174042806
244.734021800108,-0.00910305462384262,-0.0211469590156919,-0.00676810879920682,0.0699458234921088,0.00112644825114603,-0.0147639364750429,-0.0208992555448003,0.131559224282507
246.431288563827,-0.00907558858931183,-0.0209302770496236,-0.00662547057542707,0.069451301124,0.00110180943846542,-0.0146594602322548,-0.0206143186806344,0.130695333925817
248.140326124455,-0.0090475278021777,-0.0207152583593604,-0.00648521423021304,0.0689597519380299,0.00107758852067622,-0.0145556333850785,-0.0203331501941941,0.129836486630657
249.861216114214,-0.00901888146233791,-0.0205018985759669,-0.00634730951037039,0.0684711696043438,0.00105378015139622,-0.0144524538756349,-0.0200557034874778,0.128982665827644
251.594040731461,-0.00898965878112574,-0.0202901932982123,-0.00621172642393749,0.0679855476121649,0.00103037903091773,-0.0143499196223199,-0.01978193246075,0.128133854727349
253.338882744608,-0.00895986898080845,-0.0200801380910746,-0.00607843523873114,0.0675028792733524,0.00100737990592046,-0.0142480285203374,-0.019511791509059,0.127290036327416
255.09582549608,-0.00892952129403398,-0.0198717284842568,-0.00594740648089867,0.0670231577258894,0.000984777569186603,-0.0141467784422218,-0.0192452355187279,0.126451193419546
256.864952906292,-0.0088986249632262,-0.019664959970719,-0.00581861093347751,0.0665463759373028,0.000962566859318511,-0.014046167238349,-0.0189822198638187,0.125617308596355
258.646349477661,-0.00886718923992929,-0.0194598280052268,-0.00569201963496329,0.0660725267080164,0.000940742660458943,-0.0139461927374371,-0.0187227004025727,0.124788364258104
260.440100298641,-0.00883522338410147,-0.0192563280029175,-0.00556760387788741,0.0656016026746392,0.00091929990201412,-0.0138468527470365,-0.0184666334738281,0.123964342619298
262.246291047787,-0.00880273666335892,-0.0190544553378863,-0.00544533520740509,0.0651335963131914,0.000898233558379707,-0.0137481450540099,-0.0182139758934184,0.123145225715164
264.065007997846,-0.00876973835217011,-0.0188542053417944,-0.00532518541989457,0.064668499942269,0.000877538648669822,-0.0136500674250029,-0.0179646849505521,0.122330995408005
265.896338019882,-0.0087362377310016,-0.0186555733024996,-0.00520712656156838,0.0642063057261491,0.000857210236449213,-0.013552617606905,-0.0177187184041761,0.121521633393425
267.740368587419,-0.00870224408541559,-0.0184585544627121,-0.00509113092709745,0.0637470056778385,0.000837243429468692,-0.0134557933273015,-0.0174760344793242,0.120717121206449
269.597187780627,-0.00866776670512038,-0.0182631440186768,-0.0049771710582484,0.063290591662066,0.000817633379403899,-0.0133595922949168,-0.017236591863453,0.119917440227506
271.466884290521,-0.00863281488297416,-0.0180693371188827,-0.00486521974253497,0.0628370553982218,0.000798375281597509,-0.0132640122000489,-0.0170003497027666,0.119122571688315
273.349547423206,-0.00859739791394344,-0.0178771288628028,-0.0047552500118839,0.0623863884632434,0.000779464374804909,-0.0131690507149962,-0.0167672675985309,0.118332496677635
275.245267104134,-0.00856152509401661,-0.0176865142996642,-0.00464723514131576,0.0619385822944537,0.000760895940943454,-0.0130747054944765,-0.016537305603381,0.117547196146923
277.154133882404,-0.00852520571907395,-0.017497488427251,-0.00454114864764108,0.0614936281923476,0.000742665304845284,-0.0129809741760378,-0.0163104242176204,0.116766650915861
279.07623893509,-0.00848844908371497,-0.0173100461907413,-0.00443696428817231,0.0610515173233346,0.000724767834013806,-0.0128878543804625,-0.0160865843855168,0.115990841677789
281.011674071587,-0.00845126448004423,-0.0171241824815789,-0.00433465605945168,0.0606122407224347,0.000707198938383823,-0.0127953437121646,-0.0158657474915921,0.115219749005017
282.960531738006,-0.00841366119641666,-0.0169398921363827,-0.00423419819599528,0.060175789295931,0.000689954070085343,-0.01270343975958,-0.0156478753569118,0.114453353354041
284.922905021585,-0.0083756485161438,-0.0167571699358933,-0.00413556516905357,0.0597421538239811,0.00067302872321107,-0.0126121400955508,-0.0154329302353718,0.113691635070646
286.898887655133,-0.008337235716162,-0.0165760106039591,-0.00403873168538839,0.0593113249631879,0.0006564184335876,-0.012521442277703,-0.0152208748099863,0.112934574394908
288.888574021513,-0.00829843206566387,-0.016396408806564,-0.00394367268606653,0.0588832932491321,0.000640118778550272,-0.0124313438488188,-0.015011672189176,0.112182151466097
290.892059158146,-0.00825924682469454,-0.0162183591508954,-0.00385036334526996,0.0584580490988673,0.000624125376721689,-0.0123418423372035,-0.0148052859030594,0.111434346327476
292.909438761552,-0.00821968924271379,-0.0160418561844568,-0.00375877906912256,0.05803558281338,0.000608433887793871,-0.0122529352570466,-0.0146016798997477,0.110691138931004
294.940809191919,-0.00817976855712573,-0.0158668943942232,-0.00366889549453344,0.0576158845800152,0.000593040012314,-0.0121646201087784,-0.0144008185416436,0.109952509141939
296.986267477709,-0.0081394939917773,-0.0156934682058428,-0.00358068848805654,0.05719894447487,0.000577939491473715,-0.0120768943794214,-0.0142026666017462,0.109218436743352
299.045911320291,-0.00809887475542725,-0.0155215719828845,-0.00349413414476647,0.056784752465156,0.000563128106901924,-0.0119897555429379,-0.0140071892599626,0.108488901440537
301.119839098607,-0.00805792004018703,-0.0153512000261324,-0.0034092087871504,0.0563732984115309,0.000548601680461041,-0.0119032010605723,-0.0138143520994268,0.107763882865338
303.208149873869,-0.00801663901993513,-0.015182346572929,-0.00332588896401554,0.0559645720704036,0.00053435607404662,-0.0118172283811902,-0.0136241211028268,0.107043360580381
305.310943394298,-0.00797504084870668,-0.015015005796567,-0.00324415144941225,0.0555585630962109,0.000520387189390283,-0.0117318349416137,-0.0134364626487416,0.106327314083218
307.428320099879,-0.00793313465905955,-0.0148491718057312,-0.00316397324157214,0.0551552610436687,0.000506690967865897,-0.0116470181669524,-0.0132513435079881,0.105615722810379
309.560381127168,-0.00789092956041913,-0.0146848386439904,-0.00308533156186092,0.054754655369999,0.000493263390298871,-0.0115627754709314,-0.0130687308399784,0.104908566141345
311.707228314113,-0.00784843463740299,-0.0145220002893415,-0.00300820385374573,0.0543567354371334,0.000480100476778529,-0.0114791042562167,-0.0128885921890895,0.104205823402429
313.868964204927,-0.00780565894812738,-0.0143606506538044,-0.0029325677817762,0.0539614905138943,0.000467198286473441,-0.0113960019147367,-0.0127108954810452,0.103507473870582
316.045692054981,-0.00776261152249736,-0.0142007835830703,-0.00285840123057915,0.0535689097781553,0.000454552917449604,-0.0113134658280015,-0.0125356090193109,0.102813496777103
318.237515835737,-0.00771930136048203,-0.0140423928562021,-0.00278568230386605,0.0531789823189817,0.000442160506491383,-0.0112314933674195,-0.0123627014815022,0.102123871311288
320.444540239715,-0.00767573743037695,-0.0138854721853888,-0.00271438932345316,0.0527916971387515,0.000430017228925096,-0.0111500818946113,-0.0121921419158081,0.101438576623978
322.666870685493,-0.00763192866705531,-0.0137300152157535,-0.00264450082829332,0.0524070431552591,0.000418119298445133,-0.0110692287617215,-0.0120238997374287,0.100757591831049
324.904613322743,-0.0075878839702097,-0.0135760155252149,-0.00257599557351926,0.0520250092038019,0.00040646296694247,-0.0109889313117291,-0.0118579447250294,0.100080896016813
327.1578750373,-0.00754361220258631,-0.0134234666244042,-0.00250885252949754,0.0516455840392504,0.000395044524335498,-0.0109091868787545,-0.0116942470172097,0.0994084682373467
329.426763456268,-0.00749912218821334,-0.0132723619566356,-0.00244305088089265,0.0512687563381036,0.000383860298402989,-0.010829992788366,-0.0115327771089901,0.0987402875237497
331.711386953162,-0.0074544227106254,-0.0131226948979317,-0.00237857002574061,0.0508945147005296,0.000372906654619122,-0.010751346357884,-0.0113735058483148,0.098076332885326
334.011854653082,-0.00740952251108576,-0.0129744587571035,-0.00231538957453139,0.0505228476523929,0.000362179995990401,-0.0106732448966841,-0.0112164044325732,0.0974165833126973
336.328276437929,-0.00736443028680824,-0.0128276467758853,-0.00225348934929963,0.0501537436472682,0.000351676762894351,-0.010595685706498,-0.0110614444051379,0.0967610177808447
338.660762951648,-0.00731915468918052,-0.0126822521291239,-0.00219284938272271,0.0497871910684429,0.000341393432919856,-0.0105186660817141,-0.0109085976519223,0.0961096152520824
341.009425605519,-0.00727370432199071,-0.0125382679250223,-0.00213344991722587,0.0494231782309071,0.00033132652070899,-0.010442183309676,-0.0107578363979566,0.0954623546789639
343.374376583475,-0.00722808773965888,-0.0123956872054381,-0.00207527140409327,0.0490616933833333,0.000321472577800227,-0.0103662346709806,-0.0106091332039823,0.0948192150071217
345.75572884746,-0.00718231344547548,-0.0122545029462346,-0.0020182945025847,0.048702724710045,0.000311828192472868,-0.0102908174397748,-0.0104624609630669,0.0941801751780424
348.153596142828,-0.00713638988984826,-0.0121147080576874,-0.00196250007905691,0.0483462603329761,0.000302389989592552,-0.0102159288840514,-0.0103177928972384,0.0935452141317776
350.568093003772,-0.00709032546855951,-0.0119762953849424,-0.00190786920608905,0.0479922883136203,0.000293154630457729,-0.010141566265944,-0.0101751025541389,0.0929143108095923
352.999334758797,-0.00704412852103531,-0.0118392577085282,-0.00185438316161142,0.0476407966549717,0.000284118812646926,-0.0100677268420211,-0.0100343638036998,0.0922874441565515
355.44743753623,-0.00699780732862858,-0.0117035877449192,-0.00180202342803684,0.0472917733034565,0.000275279269866693,-0.00999440786357998,-0.00989555083483685,0.0916645931240469
357.912518269762,-0.00695137011291748,-0.0115692781471522,-0.00175077169139399,0.0469452061508571,0.000266632771800073,-0.00992160657693904,-0.00975863815216597,0.0910457366722639
360.39469470404,-0.00690482503402092,-0.0114363215054922,-0.00170060984046189,0.0466010830362272,0.000258176123955461,-0.00984932022373019,-0.00962360057274066,0.0904308537725897
362.894085400285,-0.00685818018893278,-0.0113047103481502,-0.00165151996590498,0.0462593917477998,0.000249906167515733,-0.00977754604119027,-0.00949041322281026,0.0898199234099663
365.410809741959,-0.0068114436098764,-0.0111744371420496,-0.00160348435940793,0.0459201200248874,0.000241819779187475,-0.00970628126245208,-0.00935905153459986,0.0892129245851846
367.944987940466,-0.00676462326268095,-0.0110454942936421,-0.00155648551280965,0.0455832555597753,0.000233913871050208,-0.0096355231168347,-0.00922949124311167,0.088609836317126
370.496741040893,-0.00671772704518124,-0.0109178741497709,-0.00151050611723576,0.0452487859996068,0.00022618539040547,-0.00956526883013345,-0.00910170838294845,0.0880106376449481
373.066190927794,-0.00667076278564233,-0.0107915689985821,-0.00146552906222875,0.0449166989482627,0.000218631319625611,-0.00949551562490912,-0.00897567928515861,0.0874153076302184
375.653460331008,-0.00662373824121058,-0.0106665710704807,-0.00142153743487538,0.044586981968232,0.000211248676002192,-0.00942626072077681,-0.00885138057410354,0.0868238253589953
378.258672831527,-0.0065766610963924,-0.0105428725391337,-0.00137851451893056,0.0442596225824774,0.00020403451159385,-0.00935750133469422,-0.00872878916434708,0.0862361699438585
380.881952867393,-0.00652953896156216,-0.0104204655225152,-0.00133644379393695,0.0439346082762926,0.000196985913073513,-0.00928923468124932,-0.00860788225756731,0.0856523205258887
383.523425739646,-0.00648237937150062,-0.0102993420839964,-0.00129530893433999,0.0436119264991532,0.000190100001574843,-0.00922145797294756,-0.00848863733949063,0.0850722562765987
386.183217618305,-0.00643518978396505,-0.0101794942334762,-0.00125509380859742,0.0432915646665603,0.000183373932537797,-0.00915416842049844,-0.0083710321768485,0.0844959563998153
388.861455548399,-0.00638797757829238,-0.0100609139285531,-0.00121578247828294,0.0429735101618767,0.000176804895553176,-0.00908736323310145,-0.00825504481435643,0.0839234001335146
391.558267456034,-0.00634075005403655,-0.00994359307573657,-0.00117735919718335,0.0426577503381569,0.000170390114206078,-0.00902103961873147,-0.00814065357171591,0.0833545667516104
394.273782154498,-0.00629351442964123,-0.00982752353169659,-0.00113980841038864,0.0423442725199683,0.000164126845918133,-0.00895519478442339,-0.0080278370406387,0.0827894355656968
397.008129350424,-0.00624627784114891,-0.00971269710455008,-0.00110311475337447,0.0420330640052056,0.000158012381788415,-0.00888982593655608,-0.00791657408189398,0.0822279859267462
399.761439649975,-0.00619904734094752,-0.00959910555518322,-0.00106726305107669,0.0417241120668974,0.000152044046432946,-0.00882493028113552,-0.00780684382237812,0.0816701972267629
402.533844565089,-0.00615182989655554,-0.00948674059860798,-0.00103223831695715,0.0414174039550044,0.000146219197822695,-0.00876050502407723,-0.00769862565220729,0.0811160489003944
405.325476519761,-0.00610463238944647,-0.00937559390535161,-0.000998025752060632,0.0411129268982097,0.000140535227119978,-0.00869654737148771,-0.00759189922183274,0.0805655204264992
408.136468856361,-0.00605746161391366,-0.00926565710287772,-0.000964610744062249,0.0408106681057007,0.000134989558513174,-0.00863305452994501,-0.00748664443917891,0.0800185913296735
410.966955842014,-0.00601032427597623,-0.0091569217770375,-0.000931978866305035,0.0405106147689412,0.000129579649049688,-0.00857002370677835,-0.00738284146680426,0.0794752411817373
413.817072675003,-0.00596322699232692,-0.00904937947354966,-0.000900115876827253,0.040212754063436,0.000124302988467067,-0.00850745211034654,-0.00728047071908489,0.0789354496031805
416.686955491232,-0.00591617628932261,-0.00894302169950759,-0.000869007717379106,0.0399170731504843,0.000119157099022219,-0.00844533695031548,-0.00717951285942091,0.0783991962645686
419.576741370729,-0.00586917860201806,-0.00883783992491233,-0.00083864051242851,0.039623559178925,0.000114139535318649,-0.00838367543793426,-0.00707994879746549,0.0778664608879114
422.486568344193,-0.00582224027324367,-0.00873382558422981,-0.000809000568155566,0.0393321992868699,0.000109247884131665,-0.00832246478631009,-0.00698175968637666,0.0773372232479927
425.416575399583,-0.00577536755272761,-0.00863097007797087,-0.000780074371435534,0.0390429806034286,0.000104479764231494,-0.00826170221068193,-0.00688492692009175,0.0768114631736632
428.366902488763,-0.00572856659626301,-0.00852926477429257,-0.000751848588809961,0.0387558902504202,9.98328262042427e-05,-0.00820138492869253,-0.00678943213062447,0.0762891605490969
431.337690534184,-0.00568184346492051,-0.00842870101061928,-0.000724310065445772,0.0384709153440757,9.53047522706833e-05,-0.00814151016065913,-0.00669525718538456,0.0757702953150116
434.329081435613,-0.00563520412430662,-0.00832927009528195,-0.000697445824082104,0.0381880429967273,9.08932561027964e-05,-0.00808207512984247,-0.00660238418452003,0.0752548474698547
437.341218076915,-0.00558865444386824,-0.00823096330917412,-0.000671243063964708,0.0379072603184862,8.65960826380465e-05,-0.00802307706271412,-0.00651079545828184,0.0747427970709537
440.374244332875,-0.00554220019624359,-0.00813377190742317,-0.000645689159767756,0.0376285544189074,8.2411007891358e-05,-0.00796451318922212,-0.00642047356441105,0.0742341242356336
443.428305076071,-0.00549584705665974,-0.00803768712107509,-0.000620771660502898,0.0373519124086424,7.83358387647599e-05,-0.00790638074305468,-0.00633140128554831,0.0737288091423009
446.503546183793,-0.00544960060237701,-0.00794270015879153,-0.000596478288415532,0.0370773214010771,7.43684128546815e-05,-0.00784867696190201,-0.00624356162666573,0.0732268320314944
449.600114545014,-0.00540346631218022,-0.00784880220855739,-0.000572796937868116,0.0368047685139571,7.05065982568773e-05,-0.00779139908771608,-0.00615693781252095,0.0727281732069051
452.718158067401,-0.005357449565917,-0.00775598443939749,-0.000549715674210549,0.0365342408709982,6.67482933689726e-05,-0.00773454436696831,-0.00607151328513339,0.0722328130363638
455.857825684385,-0.00531155564408302,-0.00766423800310095,-0.000527222732637546,0.0362657256034817,6.3091426690618e-05,-0.00767811005090502,-0.00598727170128264,0.0717407319527983
459.01926736227,-0.00526578972745423,-0.0075735540359516,-0.000505306517033017,0.0359992098518355,5.95339566212524e-05,-0.0076220933958006,-0.00590419693002887,0.0712519104551599
462.202634107401,-0.00522015689676587,-0.00748392366046302,-0.000483955598801485,0.0357346807671985,5.60738712554764e-05,-0.00756649166320832,-0.00582227305025518,0.0707663291093211
465.408077973374,-0.00517466213243833,-0.00739533798711687,-0.000463158715686553,0.03547212551297,5.27091881760357e-05,-0.00751130212020865,-0.00574148434823187,0.0702839685489431
468.635752068297,-0.0051293103143494,-0.00730778811610279,-0.000442904770576531,0.0352115312663414,4.9437954244434e-05,-0.00745652203965504,-0.00566181531520247,0.0698048094763156
471.885810562108,-0.00508410622165289,-0.00722126513905878,-0.000423182830297299,0.0349528852198125,4.62582453891853e-05,-0.00740214870041703,-0.00558325064499148,0.0693288326631678
475.158408693936,-0.00503905453264318,-0.00713576014081032,-0.000403982124392509,0.0346961745826883,4.31681663917227e-05,-0.00734817938762071,-0.00550577523163377,0.0688560189514528
478.453702779515,-0.0049941598246655,-0.00705126420110713,-0.000385292043891278,0.0344413865825604,4.01658506699921e-05,-0.0072946113928863,-0.00542937416702549,0.0683863492541036
481.771850218653,-0.0049494265740715,-0.00696776839635603,-0.000367102140063535,0.0341885084667683,3.72494600597518e-05,-0.00724144201456281,-0.0053540327385964,0.0679198045557639
485.113009502749,-0.00490485915621962,-0.00688526380134858,-0.000349402123163207,0.0339375275038433,3.44171845936182e-05,-0.00718866855795985,-0.00527973642700368,0.0674563659134924
488.477340222363,-0.00486046184551995,-0.00680374149098229,-0.000332181861159412,0.0336884309849324,3.16672422778807e-05,-0.00713628833557631,-0.00520647090384681,0.0669960144574414
491.865003074839,-0.004816238815523,-0.006723192541974,-0.000315431378455936,0.0334412062252037,2.89978788671375e-05,-0.00708429866732583,-0.00513422202940381,0.06653873139151
495.276159871982,-0.00477219413905179,-0.00664360803456425,-0.000299140854599174,0.0331958405652314,2.64073676367826e-05,-0.00703269688075923,-0.00506297585038842,0.0660844979939741
498.710973547785,-0.00472833178837685,-0.00656497905421134,-0.000283300622974862,0.032952321372361,2.38940091534008e-05,-0.00698148031128357,-0.00499271859772836,0.0656332956180903
502.169608166212,-0.00468465563543325,-0.00648729669327395,-0.000267901169493805,0.0327106360420537,2.14561310431118e-05,-0.00693064630237781,-0.00492343668436439,0.0651851056926782
505.652228929035,-0.00464116945207935,-0.00641055205268113,-0.000252933131266957,0.0324707719992102,1.90920877579187e-05,-0.00688019220580514,-0.00485511670307017,0.0647399097226774
509.159002183727,-0.00459787691039634,-0.00633473624358852,-0.000238387295270121,0.0322327166994732,1.68002603401171e-05,-0.00683011538182179,-0.00478774542429288,0.0642976892896835
512.690095431402,-0.00455478158302787,-0.00625984038901972,-0.000224254596998628,0.0319964576305083,1.45790561848244e-05,-0.00678041319938228,-0.00472130979401431,0.0638584260524607
516.245677334823,-0.00451188694355925,-0.00618585562549164,-0.000210526119112302,0.031761982313263,1.24269088006845e-05,-0.00673108303634101,-0.00465579693163251,0.0634221017474327
519.825917726449,-0.00446919636693516,-0.00611277310462304,-0.000197193090071104,0.0315292783032043,1.03422775688193e-05,-0.0066821222796503,-0.00459119412786377,0.0629886981891524
523.430987616559,-0.00442671312991536,-0.00604058399472495,-0.000184246882761785,0.0312983331915327,8.32364750008704e-06,-0.00663352832555454,-0.00452748884266492,0.0625581972707498
527.061059201407,-0.00438444041156728,-0.00596927948237231,-0.000171679013115957,0.0310691346063748,6.36952899072123e-06,-0.00658529857978073,-0.00446466870317581,0.0621305809643602
530.716305871459,-0.00434238129379497,-0.00589885077395562,-0.000159481138719964,0.0308416702139519,4.47845757641451e-06,-0.00653743045772498,-0.00440272150168177,0.061705831321531
534.396902219665,-0.00430053876190328,-0.00582928909721197,-0.000147645057416952,0.0306159277197263,2.64899368492829e-06,-0.00648992138463536,-0.00434163519359613,0.0612839304736095
538.103024049808,-0.00425891570519655,-0.00576058570273447,-0.000136162705901557,0.0303918948695238,8.79722387294856e-07,-0.00644276879579059,-0.0042813978954626,0.0608648606321108
541.834848384891,-0.00421751491761083,-0.00569273186545921,-0.000125026158307628,0.030169559450633,-8.30746852305481e-07,-0.00639597013667499,-0.00422199788297732,0.0604486040890664
545.592553475602,-0.00417633909837872,-0.00562571888612913,-0.000114227624789419,0.0299489092928802,-2.48378042792049e-06,-0.00634952286314916,-0.0041634235890306,0.0600351432173541
549.376318808822,-0.00413539085272597,-0.00555953809273395,-0.000103759450096697,0.0297299322696813,-4.08072084436716e-06,-0.0063034244416169,-0.00410566360176827,0.05962446047101
553.1863251162,-0.00409467269259875,-0.00549418084192551,-9.3614112144176e-05,0.0295126162990689,-5.62288697086746e-06,-0.00625767234918786,-0.00404870666267234,0.059216538385522
557.022754382788,-0.00405418703742079,-0.00542963852040778,-8.37842205757807e-05,0.0292969493446957,-7.11157429568958e-06,-0.00621226407383609,-0.00399254166466107,0.0588113595781052
560.885789855729,-0.00401393621487929,-0.00536590254630107,-7.42625153241513e-05,0.0290829194168133,-8.54805518171406e-06,-0.00616719711455459,-0.00393715765020821,0.0584089067479611
564.775616053012,-0.00397392246173867,-0.00530296437047971,-6.50418651658652e-05,0.0288705145732268,-9.93357912284273e-06,-0.00612246898150557,-0.00388254380948139,0.0580091626765188
568.692418772287,-0.0039341479246812,-0.00524081547788266,-5.61152662728508e-05,0.0286597229202246,-1.12693730011629e-05,-0.00607807719616659,-0.00382868947849947,0.05761211022766
572.636385099737,-0.0038946146611735,-0.00517944738879671,-4.7475840760436e-05,0.0284505326134841,-1.25566413447861e-05,-0.00603401929147251,-0.0037755841373088,0.0572177323479278
576.607703419018,-0.00385532464035783,-0.00511885166011151,-3.91168352325312e-05,0.0282429318589523,-1.37965665862704e-05,-0.00599029281195323,-0.00372321740817824,0.056826012066719
580.606563420252,-0.0038162797439673,-0.00505901988654633,-3.10316193243821e-05,0.0280369089137024,-1.49903093215474e-05,-0.00594689531386721,-0.00367157905381288,0.0564369324964616
584.633156109091,-0.0037774817672639,-0.00499994370184779,-2.32136842434013e-05,0.0278324520867649,-1.61390085692616e-05,-0.00590382436533074,-0.00362065897558626,0.0560504768327762
588.687673815838,-0.00373893241999836,-0.00494161477995854,-1.56566413085191e-05,0.0276295497399347,-1.72437820304384e-05,-0.00586107754644304,-0.00357044721179112,0.0556666283546228
592.77031020464,-0.00370063332739089,-0.00488402483615628,-8.35422048853967e-06,0.0274281902885534,-1.83057263483993e-05,-0.00581865244940707,-0.00352093393590838,0.0552853704244326
596.881260282727,-0.00366258603113168,-0.00482716562816306,-1.30026893997628e-06,0.0272283622022667,-1.93259173688311e-05,-0.00577654667864613,-0.00347210945489445,0.0549066864882259
601.020720409738,-0.00362479199040031,-0.00477102895722438,5.51125045517627e-06,0.0270300540057578,-2.03054103999268e-05,-0.00573475785091627,-0.00342396420748656,0.0545305600757155
605.188888307094,-0.00358725258290288,-0.00471560666915808,1.20862605512643e-05,0.0268332542794556,-2.12452404725181e-05,-0.0056932835954144,-0.00337648876252613,0.0541569748003963
609.385963067442,-0.0035499691059261,-0.00466089065537262,1.84305713999192e-05,0.0266379516602187,-2.21464226001043e-05,-0.0056521215538823,-0.00332967381730002,0.053785914359622
613.612145164168,-0.00351294277740712,-0.00460687285385484,2.45498817096805e-05,0.0264441348419955,-2.30099520387051e-05,-0.0056112693807063,-0.00328351019589955,0.0534173625346675
617.867636460969,-0.00347617473701829,-0.00455354525012679,3.04497803038295e-05,0.0262517925764597,-2.38368045464467e-05,-0.00557072474301293,-0.00323798884759714,0.0530513031907798
622.152640221499,-0.00343966604726576,-0.00450089987817176,3.61357475759806e-05,0.0260609136736212,-2.46279366428002e-05,-0.00553048532076026,-0.00319310084524057,0.052687720277215
626.467361119072,-0.0034034176946011,-0.00444892882132936,4.1613156943009e-05,0.0258714870024141,-2.53842858673941e-05,-0.00549054880682523,-0.00314883738366456,0.0523265978272635
630.812005246445,-0.00336743059054478,-0.00439762421315962,4.68872762948327e-05,0.0256835014912596,-2.61067710383161e-05,-0.00545091290708675,-0.00310518977811976,0.0519679199582636
635.186780125658,-0.00333170557282074,-0.0043469782382761,5.19632694406535e-05,0.0254969461286065,-2.67962925098264e-05,-0.00541157534050477,-0.00306214946271886,0.0516116708716022
639.591894717946,-0.00329624340650113,-0.00429698313314803,5.68461975512151e-05,0.025311809963447,-2.74537324294079e-05,-0.00537253383919527,-0.00301970798889984,0.051257834852705
644.027559433723,-0.00326104478516008,-0.00424763118687162,6.15410205966446e-05,0.02512808210581,-2.80799549940676e-05,-0.00533378614850122,-0.00297785702390613,0.0509063962710149
648.493986142629,-0.00322611033203589,-0.00419891474191046,6.60525987794889e-05,0.024945751727231,-2.86758067058245e-05,-0.0052953300270595,-0.00293658834928364,0.0505573395799592
652.991388183652,-0.00319144060120053,-0.00415082619480526,7.03856939625143e-05,0.0247648080611988,-2.92421166262997e-05,-0.0052571632468639,-0.00289589385939454,0.0502106493169069
657.519980375318,-0.00315703607873569,-0.00410335799685298,7.45449710908949e-05,0.0245852404035798,-2.97796966303425e-05,-0.00521928359332418,-0.00285576555994761,0.0498663101031143
662.07997902595,-0.00312289718391444,-0.00405650265475553,7.8534999608376e-05,0.02440703811302,-3.02893416586174e-05,-0.00518168886532116,-0.00281619556654509,0.0495243066436616
666.671601944003,-0.00308902427038771,-0.00401025273123825,8.23602548670581e-05,0.0242301906113241,-3.07718299690845e-05,-0.00514437687525811,-0.00277717610324596,0.0491846237273784
671.295068448464,-0.00305541762737476,-0.00396460084563828,8.60251195303986e-05,0.0240546873838133,-3.12279233873034e-05,-0.00510734544910813,-0.0027386995011454,0.0488472462267601
675.950599379332,-0.0030220774808568,-0.00391953967446314,8.95338849690936e-05,0.0238805179796611,-3.16583675554931e-05,-0.00507059242645798,-0.00270075819697043,0.0485121590978744
680.638417108163,-0.00298900399477294,-0.00387506195191974,9.28907526494731e-05,0.0237076720122072,-3.20638921802878e-05,-0.00503411566054798,-0.00266334473169157,0.0481793473802591
685.358745548692,-0.00295619727221775,-0.003831160470414,9.60998355140671e-05,0.023536139159251,-3.24452112791174e-05,-0.00499791301830841,-0.00262645174915041,0.0478487961968097
690.11181016753,-0.00292365735663969,-0.00378782808102155,9.91651593540064e-05,0.0233659091633238,-3.28030234251599e-05,-0.00496198238039214,-0.00259007199470289,0.0475204907536596
694.897837994932,-0.00289138423303956,-0.00374505769392955,0.000102090664172934,0.0231969718319401,-3.31380119907988e-05,-0.00492632164120381,-0.00255419831387834,0.0471944163400504
699.717057635642,-0.0028593778291683,-0.0037028422788502,0.000104880205542113,0.0230293170378289,-3.34508453895313e-05,-0.0048909287089254,-0.00251882365105401,0.0468705583281947
704.569699279812,-0.00282763801672354,-0.00366117486540612,0.00010753755594643,0.0228629347191452,-3.37421773162733e-05,-0.00485580150553837,-0.00248394104814498,0.04654890217313
709.455994713995,-0.00279616461254401,-0.00362004854348799,0.000110066406120983,0.0226978148796611,-3.40126469859993e-05,-0.00482093796684235,-0.00244954364330945,0.0462294334125656
714.376177332221,-0.00276495737980133,-0.00357945646358484,0.000112470366377994,0.0225339475889383,-3.42628793706748e-05,-0.00478633604247053,-0.00241562466966916,0.0459121376667206
719.33048214714,-0.00273401602918845,-0.00353939183708736,0.000114752967923748,0.022371322982481,-3.44934854344229e-05,-0.00475199369590165,-0.00238217745404483,0.0455970006381553
724.31914580125,-0.0027033402201041,-0.00349984793656456,0.000116917664165316,0.0222099312618701,-3.47050623668822e-05,-0.00471790890446886,-0.00234919541570663,0.0452840081115945
729.342406578201,-0.00267292956183265,-0.00346081809601429,0.000118967832006792,0.0220497626948792,-3.48981938147039e-05,-0.00468407965936526,-0.00231667206513939,0.0449731459537445
734.400504414174,-0.00264278361471889,-0.00342229571108793,0.000120906773134812,0.0218908076155724,-3.50734501111496e-05,-0.00465050396564645,-0.00228460100282248,0.0446644001131024
739.493680909344,-0.00261290189133702,-0.00338427423928982,0.000122737715293119,0.0217330564243845,-3.5231388503742e-05,-0.00461717984222985,-0.00225297591802436,0.044357756619759
744.622179339418,-0.00258328385765334,-0.00334674720015163,0.000124463813545955,0.0215764995881834,-3.53725533799306e-05,-0.00458410532189116,-0.00222179058761144,0.0440532015851952
749.786244667259,-0.00255392893418224,-0.00330970817538239,0.000126088151530068,0.0214211276403159,-3.54974764907321e-05,-0.00455127845125775,-0.0021910388748714,0.0437507212020719
754.98612355458,-0.00252483649713476,-0.00327315080899443,0.000127613742695129,0.0212669311806366,-3.56066771723096e-05,-0.00451869729079925,-0.0021607147283506,0.0434503017440136
760.222064373731,-0.00249600587955946,-0.00323706880740578,0.000129043531532382,0.0211139008755207,-3.57006625654546e-05,-0.00448635991481523,-0.00213081218070565,0.0431519295653867
765.494317219563,-0.00246743637247495,-0.00320145593951948,0.000130380394791332,0.0209620274578599,-3.57799278329384e-05,-0.00445426441142019,-0.00210132534756886,0.0428555911010706
770.803133921369,-0.00243912722599373,-0.00316630603678025,0.000131627142684308,0.020811301727044,-3.58449563747038e-05,-0.00442240888252577,-0.00207224842642758,0.0425612728662247
776.148768054917,-0.00241107765043694,-0.00313161299320908,0.000132786520078753,0.0206617145489263,-3.58962200408639e-05,-0.00439079144382043,-0.00204357569551725,0.0422689614560491
781.531474954562,-0.00238328681743944,-0.00309737076541611,0.000133861207677074,0.0205132568557742,-3.59341793424846e-05,-0.0043594102247464,-0.00201530151272801,0.0419786435455399
786.951511725437,-0.00235575386104509,-0.00306357337259234,0.000134853823183916,0.0203659196462052,-3.59592836601211e-05,-0.00432826336847422,-0.00198742031452475,0.04169030588924
792.40913725574,-0.00232847787879156,-0.0030302148964807,0.000135766922460752,0.0202196939851091,-3.59719714500882e-05,-0.00429734903187482,-0.0019599266148806,0.0414039353209842
797.904612229097,-0.00230145793278463,-0.00299728948132694,0.000136603000667642,0.0200745710035555,-3.59726704484377e-05,-0.00426666538548919,-0.00193281500422351,0.0411195187536401
803.438199137013,-0.00227469305076134,-0.00296479133381078,0.000137364493392067,0.0199305418986886,-3.59617978726282e-05,-0.0042362106134957,-0.00190608014839603,0.040837043178844
809.01016229141,-0.00224818222714192,-0.00293271472295789,0.00013805377776473,0.0197875979336087,-3.5939760620863e-05,-0.00420598291367516,-0.00187971678762801,0.0405564956667323
814.620767837254,-0.00222192442407005,-0.00290105398003326,0.000138673173562252,0.01964573043724,-3.59069554690825e-05,-0.00417598049737375,-0.00185371973552219,0.0402778633656691
820.270283765263,-0.00219591857244124,-0.00286980349841624,0.000139224944296646,0.0195049308041873,-3.58637692655947e-05,-0.00414620158946371,-0.00182808387805244,0.0400011335019689
825.958979924714,-0.00217016357291898,-0.00283895773345799,0.000139711298291536,0.0193651904945794,-3.58105791233307e-05,-0.00411664442830203,-0.00180280417257472,0.0397262933796156
831.687128036326,-0.00214465829693862,-0.0028085112023217,0.000140134389745033,0.0192265010339016,-3.57477526097126e-05,-0.00408730726568704,-0.00177787564685042,0.0394533303799778
837.455001705243,-0.0021194015876984,-0.00277845848380609,0.00014049631977921,0.019088854012816,-3.56756479341224e-05,-0.00405818836681314,-0.00175329339808214,0.0391822319615197
843.262876434102,-0.00209439226113781,-0.00274879421815276,0.000140799137476155,0.0189522410869718,-3.55946141329651e-05,-0.00402928601022358,-0.00172905259196166,0.0389129856595095
849.111029636188,-0.00206962910690279,-0.00271951310683781,0.000141044840900531,0.0188166539768033,-3.55049912523182e-05,-0.00400059848776137,-0.00170514846173005,0.0386455790857232
854.999740648693,-0.00204511088929767,-0.00269060991234819,0.000141235378108645,0.0186820844673191,-3.54071105281584e-05,-0.00397212410451855,-0.00168157630724979,0.0383799999281456
860.92929074605,-0.00202083634822378,-0.00266207945794339,0.000141372648143966,0.0185485244078804,-3.53012945641665e-05,-0.00394386117878357,-0.00165833149408872,0.0381162359506683
866.899963153375,-0.00199680420010446,-0.00263391662740287,0.000141458502019126,0.0184159657119692,-3.51878575071029e-05,-0.00391580804198715,-0.00163540945261583,0.037854274992784
872.91204305999,-0.00197301313879635,-0.00260611636475972,0.000141494743684347,0.0182844003569483,-3.50671052197535e-05,-0.00388796303864647,-0.0016128056771086,0.0375941049692785
878.965817633049,-0.00194946183648689,-0.00257867367402102,0.000141483130982334,0.0181538203838109,-3.49393354514469e-05,-0.00386032452630788,-0.00159051572487189,0.0373357138699196
885.061576031251,-0.00192614894457787,-0.00255158361887539,0.000141425376589609,0.0180242178969225,-3.48048380061413e-05,-0.00383289087548805,-0.00156853521536828,0.0370790897591431
891.199609418655,-0.00190307309455495,-0.00252484132238825,0.000141323148944337,0.0178955850637536,-3.46638949080862e-05,-0.00380566046961375,-0.00154685982935959,0.0368242207757367
897.380210978585,-0.00188023289884312,-0.00249844196668516,0.000141178073160626,0.0177679141146045,-3.45167805650596e-05,-0.00377863170496025,-0.00152548530805961,0.0365710951325209
903.603675927636,-0.00185762695164787,-0.00247238079262369,0.000140991731929353,0.0176411973423228,-3.43637619291868e-05,-0.00375180299058841,-0.00150440745229792,0.0363197011160279
909.870301529772,-0.00183525382978226,-0.00244665309945443,0.000140765666405553,0.0175154271020124,-3.4205098655347e-05,-0.00372517274828048,-0.00148362212169453,0.0360700270861783
916.18038711053,-0.00181311209347958,-0.00242125424447142,0.000140501377082383,0.017390595810736,-3.40410432571729e-05,-0.00369873941247471,-0.0014631252338454,0.0358220614759556
922.534234071309,-0.00179120028719178,-0.00239617964265248,0.000140200324651748,0.0172666959472107,-3.38718412606537e-05,-0.00367250143019883,-0.00144291276351863,0.0355757927910783
928.932145903777,-0.00176951694037353,-0.00237142476628998,0.0001398639308516,0.0171437200514965,-3.36977313553468e-05,-0.00364645726100236,-0.00142298074186123,0.0353312096096706
935.374428204358,-0.0017480605682519,-0.0023469851446123,0.000139493579299992,0.0170216607246786,-3.35189455432129e-05,-0.00362060537688796,-0.00140332525561632,0.0350883005819314
941.861388688833,-0.00172682967258176,-0.00232285636339657,0.000139090616315946,0.0169005106285441,-3.33357092850811e-05,-0.00359494426224168,-0.00138394244635069,0.0348470544298007
948.39333720704,-0.00170582274238676,-0.00229903406457302,0.000138656351727192,0.0167802624852525,-3.31482416447589e-05,-0.00356947241376234,-0.00136482850969258,0.0346074599466255
954.970585757668,-0.00168503825468601,-0.00227551394582135,0.000138192059664861,0.0166609090770004,-3.29567554307982e-05,-0.00354418834038994,-0.00134597969457962,0.0343695059968236
961.593448503166,-0.0016644746752065,-0.00225229176015957,0.000137698979345202,0.0165424432456819,-3.27614573359316e-05,-0.00351909056323328,-0.00132739230251667,0.0341331815155456
968.262241784745,-0.00164413045908123,-0.0022293633155256,0.000137178315838409,0.0164248578925428,-3.25625480741931e-05,-0.00349417761549669,-0.00130906268684362,0.0338984755083367
974.977284137491,-0.00162400405153312,-0.00220672447435222,0.000136631240824638,0.0163081459778313,-3.2360222515739e-05,-0.00346944804240607,-0.00129098725201296,0.0336653770507961
981.738896305574,-0.00160409388854476,-0.0021843711531355,0.000136058893337311,0.016192300520443,-3.21546698193844e-05,-0.00344490040113415,-0.00127316245287698,0.0334338752882357
988.547401257578,-0.00158439839751413,-0.00216229932199726,0.00013546238049379,0.0160773145975631,-3.19460735628716e-05,-0.00342053326072515,-0.00125558479398455,0.0332039594353384
995.403124201917,-0.0015649159978962,-0.00214050500424185,0.000134842778213533,0.015963181344303,-3.17346118708889e-05,-0.00339634520201871,-0.0012382508288873,0.0329756187758137
1002.30639260238,-0.00154564510183064,-0.00211898427590769,0.000134201131923812,0.0158498939533346,-3.15204575408573e-05,-0.00337233481757329,-0.00122115715945518,0.0327488426620545
1009.25753619375,-0.00152658411475568,-0.00209773326531377,0.000133538457253121,0.0157374456745204,-3.13037781665025e-05,-0.00334850071158905,-0.00120430043520121,0.0325236205147915
1016.2568869976,-0.00150773143600814,-0.00207674815260156,0.000132855740712359,0.0156258298145397,-3.10847362592339e-05,-0.00332484149983013,-0.00118767735261535,0.0322999418227475
1023.30477933808,-0.00148908545940989,-0.00205602516927279,0.000132153940363912,0.0155150397365136,-3.08634893673472e-05,-0.00330135580954655,-0.00117128465450737,0.032077796142291
1030.40154985798,-0.00147064457384058,-0.00203556059772302,0.000131433986478746,0.015405068859625,-3.06401901930738e-05,-0.00327804227939561,-0.00115511912935861,0.0318571730970891
1037.5475375347,-0.00145240716379714,-0.00201535077077187,0.00013069678218161,0.0152959106587373,-3.04149867074954e-05,-0.00325489955936298,-0.00113917761068258,0.0316380623777601
1044.74308369654,-0.00143437160993967,-0.00199539207118969,0.000129943204084498,0.0151875586640104,-3.01880222633467e-05,-0.0032319263106833,-0.00112345697639417,0.0314204537415249
1051.98853203895,-0.00141653628962435,-0.00197568093122144,0.000129174102908457,0.0150800064605142,-2.99594357057262e-05,-0.00320912120576065,-0.00110795414818752,0.0312043370118596
1059.28422864097,-0.00139889957742308,-0.0019562138321077,0.000128390304093884,0.0149732476878403,-2.97293614807378e-05,-0.00318648292808851,-0.00109266609092228,0.0309897020781456
1066.63052198171,-0.00138145984563028,-0.00193698730360332,0.000127592608399432,0.0148672760397119,-2.94979297420872e-05,-0.00316401017216967,-0.00107758981201836,0.0307765388953216
1074.02776295709,-0.00136421546475672,-0.00191799792349393,0.000126781792489643,0.014762085263592,-2.92652664556511e-05,-0.00314170164343579,-0.00106272236085881,0.0305648374835338
1081.4763048965,-0.00134716480401078,-0.00189924231711063,0.000125958609511451,0.0146576691602899,-2.90314935020484e-05,-0.00311955605816683,-0.00104806082820103,0.0303545879277868
1088.97650357974,-0.0013303062317671,-0.00188071715684293,0.000125123789659669,0.0145540215835666,-2.87967287772308e-05,-0.0030975721434103,-0.00103360234559589,0.0301457803775944
1096.52871725401,-0.0013136381160228,-0.00186241916165056,0.000124278040731597,0.0144511364397393,-2.85610862911211e-05,-0.00307574863690043,-0.00101934408481496,0.0299384050466301
1104.13330665098,-0.00129715882484149,-0.00184434509657401,0.000123422048670888,0.0143490076872845,-2.8324676264319e-05,-0.00305408428697716,-0.00100528325728552,0.0297324522123774
1111.79063500406,-0.00128086672678512,-0.00182649177224434,0.000122556478100794,0.0142476293364407,-2.80876052229019e-05,-0.00303257785250515,-0.000991417113533369,0.0295279122157814
1119.50106806575,-0.00126476019133391,-0.00180885604439231,0.000121681972846938,0.0141469954488099,-2.78499760913407e-05,-0.00301122810279271,-0.000977742942633326,0.0293247754608989
1127.26497412507,-0.00124883758929452,-0.00179143481335719,0.000120799156449734,0.0140471001369595,-2.76118882835606e-05,-0.0029900338175107,-0.000964258071667303,0.0291230324145503
1135.0827240252,-0.00123309729319642,-0.00177422502359536,0.000119908632666607,0.0139479375640231,-2.73734377921642e-05,-0.0029689937866115,-0.000950959865189831,0.0289226736059702
1142.95469118117,-0.00121753767767703,-0.00175722366318901,0.000119010985964129,0.0138495019433014,-2.71347172758489e-05,-0.00294810681024796,-0.000937845724701033,0.0287236896264598
1150.8812515977,-0.0012021571198553,-0.00174042776335507,0.000118106782000228,0.0137517875378628,-2.6895816145037e-05,-0.00292737169869243,-0.000924913088126823,0.0285260711290385
1158.86278388715,-0.00118695399969433,-0.00172383439795469,0.000117196568096594,0.0136547886601447,-2.66568206457472e-05,-0.00290678727225594,-0.000912159429306379,0.028329808828097
1166.89966928762,-0.00117192670035287,-0.00170744068300322,0.000116280873701422,0.0135584996715544,-2.64178139417305e-05,-0.00288635236120734,-0.000899582257486651,0.0281348934990491
1174.99229168114,-0.0011570736085261,-0.00169124377618125,0.000115360210842634,0.0134629149820703,-2.61788761948957e-05,-0.00286606580569279,-0.000887179116823962,0.0279413159779864
1183.14103761204,-0.0011423931147757,-0.00167524087634649,0.000114435074571715,0.0133680290498444,-2.59400846440499e-05,-0.00284592645565519,-0.000874947585892461,0.0277490671613315
1191.34629630538,-0.00112788361384948,-0.00165942922304698,0.0001135059433983,0.013273836380804,-2.5701513681978e-05,-0.00282593317075393,-0.000862885277199486,0.0275581380054926
1199.60845968555,-0.00111354350499069,-0.00164380609603565,0.000112573279715647,0.0131803315282555,-2.54632349308867e-05,-0.00280608482028474,-0.000850989836707609,0.0273685195265188
1207.92792239501,-0.00109937119223717,-0.00162836881478636,0.000111637530217148,0.0130875090924882,-2.52253173162372e-05,-0.00278638028309986,-0.000839258943363409,0.0271802027997559
1216.3050818131,-0.00108536508471056,-0.00161311473801169,0.00011069912630399,0.0129953637203789,-2.49878271389918e-05,-0.0027668184475283,-0.000827690308632747,0.0269931789595025
1224.74033807505,-0.00107152359689575,-0.00159804126318255,0.000109758484484132,0.0129038901049981,-2.47508281463e-05,-0.00274739821129652,-0.000816281676042604,0.026807439198668
1233.23409409112,-0.0010578451489106,-0.00158314582604977,0.00010881600676271,0.0128130829852166,-2.45143816006462e-05,-0.00272811848144918,-0.00080503082072925,0.0266229747684297
1241.78675556577,-0.00104432816676633,-0.00156842590016787,0.000107872081024021,0.0127229371453143,-2.42785463474862e-05,-0.0027089781742704,-0.000793935548992795,0.0264397769778922
1250.39873101711,-0.00103097108261855,-0.00155387899642092,0.000106927081405215,0.0126334474145888,-2.4043378881396e-05,-0.0026899762152051,-0.00078299369785792,0.0262578371937467
1259.07043179635,-0.00101777233500923,-0.00153950266255103,0.000105981368661837,0.012544608666967,-2.38089334107568e-05,-0.00267111153878082,-0.000772203134640811,0.0260771468399318
1267.80227210752,-0.00100473036909971,-0.00152529448268907,0.00010503529052534,0.0124564158206169,-2.35752619210008e-05,-0.00265238308852975,-0.000761561756522115,0.0258976973972942
1276.5946690272,-0.000991843636894902,-0.00151125207688824,0.000104089182052716,0.0123688638375618,-2.33424142364421e-05,-0.0026337898169112,-0.00075106749012592,0.0257194804032516
1285.44804252445,-0.00097911059745902,-0.0014973731006602,0.000103143365968377,0.0122819477232953,-2.31104380807167e-05,-0.00261533068523437,-0.00074071829110464,0.0255424874514559
1294.36281548089,-0.000966529717122727,-0.00148365524451413,0.000102198152998401,0.0121956625263988,-2.28793791358542e-05,-0.0025970046635815,-0.000730512143729706,0.025366710191457
1303.33941371088,-0.000954099469682143,-0.00147009623349865,0.000101253842197298,0.01211000333816,-2.26492811000078e-05,-0.00257881073073139,-0.00072044706048805,0.0251921403283684
1312.37826598188,-0.000941818336589679,-0.00145669382674684,0.000100310721267409,0.0120249652921942,-2.24201857438611e-05,-0.00256074787408332,-0.000710521081684217,0.0250187696225332
1321.47980403488,-0.000929684807137014,-0.00144344581702428,9.93690668710777e-05,0.0119405435640662,-2.21921329657414e-05,-0.00254281508958144,-0.000700732275048123,0.0248465898891916
1330.6444626051,-0.00091769737863024,-0.00143035003028036,9.84291449357057e-05,0.0118567333709152,-2.19651608454561e-05,-0.00252501138163941,-0.00069107873534829,0.0246755929981491
1339.87267944269,-0.000905854556557482,-0.00141740432520287,9.7491210951846e-05,0.0117735299710813,-2.17393056968805e-05,-0.00250733576306567,-0.000681558584010576,0.0245057708734462
1349.16489533366,-0.000894154854749016,-0.0014046065927759,9.65555102644332e-05,0.0116909286637342,-2.15146021193157e-05,-0.00248978725498893,-0.000672169968742229,0.0243371154930286
1358.52155412096,-0.00088259679553017,-0.0013919547558412,9.56222783572904e-05,0.0116089247885035,-2.12910830476419e-05,-0.00247236488678432,-0.00066291106316129,0.0241696188884196
1367.94310272563,-0.000871178909867065,-0.001379446768663,9.46917411310316e-05,0.0115275137251119,-2.10687798012877e-05,-0.0024550676959998,-0.000653780066431184,0.0240032731443922
1377.42999116818,-0.000859899737505451,-0.00136708061649646,9.37641151744847e-05,0.0114466908930105,-2.0847722132038e-05,-0.00243789472828314,-0.000644775202900502,0.023838070398644
1386.98267259009,-0.000848757827102686,-0.00135485431515965,9.28396080297493e-05,0.0113664517510153,-2.06279382707026e-05,-0.00242084503730932,-0.000635894721747838,0.0236740028414719
1396.60160327544,-0.000837751736353135,-0.00134276591060926,9.19184184510173e-05,0.0112867917969477,-2.04094549726663e-05,-0.00240391768470845,-0.000627136896631681,0.0235110627154491
1406.2872426727,-0.000826880032107026,-0.00133081347851998,9.10007366572681e-05,0.011207706567276,-2.0192297562343e-05,-0.00238711173999409,-0.000618500025345207,0.0233492423151023
1416.04005341668,-0.000816141290483015,-0.00131899512386775,9.00867445789615e-05,0.0111291916367596,-1.99764899765541e-05,-0.00237042628049213,-0.000609982429476005,0.0231885339865914
1425.86050135065,-0.000805534096974521,-0.00130730898051668,8.9176616098835e-05,0.011051242618096,-1.97620548068514e-05,-0.00235386039127012,-0.000601582454070565,0.023028930127389
1435.74905554856,-0.000795057046550073,-0.00129575321080994,8.82705172869309e-05,0.0109738551615699,-1.95490133408076e-05,-0.00233741316506712,-0.000593298467303559,0.0228704231859629
1445.70618833745,-0.000784708743747712,-0.00128432600516451,8.73686066299561e-05,0.0108970249547045,-1.93373856022915e-05,-0.00232108370222403,-0.000585128860151757,0.0227130056614582
1455.73237532004,-0.000774487802763698,-0.00127302558166985,8.64710352550929e-05,0.0108207477219159,-1.91271903907511e-05,-0.00230487111061442,-0.000577072046072604,0.0225566701033819
1465.8280953974,-0.000764392847535575,-0.00126185018569049,8.55779471483671e-05,0.0107450192241697,-1.89184453195217e-05,-0.00228877450557592,-0.00056912646068731,0.0224014091112881
1475.99383079187,-0.000754422511819802,-0.00125079808947268,8.46894793676844e-05,0.01066983525864,-1.87111668531811e-05,-0.00227279300984206,-0.000561290561468462,0.0222472153344654
1486.23006707006,-0.000744575439264038,-0.00123986759175499,8.38057622506391e-05,0.0105951916583711,-1.8505370343969e-05,-0.00225692575347466,-0.00055356282743203,0.0220940814716245
1496.53729316606,-0.000734850283474271,-0.00122905701738296,8.29269196172051e-05,0.0105210842919421,-1.83010700672919e-05,-0.00224117187379675,-0.000545941758833775,0.0219420002705881
1506.9160014048,-0.000725245708076859,-0.00121836471692778,8.20530689674102e-05,0.0104475090631334,-1.809827925633e-05,-0.00222553051532599,-0.000538425876869921,0.0217909645279819
1517.36668752555,-0.000715760386775698,-0.00120778906630911,8.11843216740978e-05,0.0103744619105964,-1.78970101357669e-05,-0.0022100008297086,-0.000531013723382108,0.0216409670889269
1527.88985070559,-0.000706393003404561,-0.00119732846642181,8.03207831708755e-05,0.0103019388075255,-1.76972739546583e-05,-0.00219458197565389,-0.0005237038605665,0.0214920008467326
1538.4859935841,-0.000697142251974823,-0.00118698134276701,7.94625531353566e-05,0.0102299357613334,-1.74990810184599e-05,-0.00217927311886924,-0.00051649487068704,0.0213440587425933
1549.15562228612,-0.000688006836718618,-0.00117674614508698,7.86097256677819e-05,0.0101584488133277,-1.73024407202292e-05,-0.00216407343199563,-0.000509385355792759,0.0211971337652832
1559.89924644673,-0.000678985472127631,-0.00116662134700441,7.7762389465132e-05,0.0100874740383917,-1.71073615710233e-05,-0.00214898209454378,-0.000502373937439109,0.0210512189508557
1570.71737923542,-0.00067007688298757,-0.00115660544566553,7.69206279908129e-05,0.0100170075446669,-1.69138512295043e-05,-0.00213399829283066,-0.000495459256413237,0.0209063073823417
1581.61053738059,-0.00066127980440852,-0.00114669696138753,7.60845196400196e-05,0.00994704547323849,-1.67219165307742e-05,-0.00211912121991673,-0.000488639972463172,0.0207623921894511
1592.57924119422,-0.000652592981851217,-0.00113689443730997,7.52541379008614e-05,0.0098775839978234,-1.6531563514453e-05,-0.00210435007554355,-0.000481914764030842,0.0206194665482749
1603.62401459674,-0.000644015171149436,-0.00112719643905039,7.44295515113478e-05,0.00980861932446135,-1.63427974520174e-05,-0.00208968406607203,-0.000475282327988901,0.0204775236809887
1614.74538514202,-0.000635545138528535,-0.00111760155436392,7.36108246123164e-05,0.00974014769120819,-1.61556228734167e-05,-0.00207512240442116,-0.000468741379381266,0.020336556855558
1625.94388404263,-0.000627181660620342,-0.00110810839280711,7.27980168964002e-05,0.00967216536783222,-1.59700435929803e-05,-0.00206066431000732,-0.000462290651167369,0.0201965593854449
1637.22004619516,-0.000618923524474419,-0.0010987155854057,7.19911837531113e-05,0.00960466865551307,-1.57860627346344e-05,-0.00204630900868406,-0.000455928893970009,0.020057524629316
1648.57441020578,-0.000610769527565888,-0.00108942178432663,7.11903764101347e-05,0.00953765388654334,-1.56036827564423e-05,-0.0020320557326825,-0.000449654875826819,0.0199194459907521
1660.00751841599,-0.000602718477799851,-0.00108022566255399,7.03956420709098e-05,0.00947111742403285,-1.54229054744819e-05,-0.00201790372055217,-0.000443467381945225,0.019782316917959
1671.51991692849,-0.000594769193512588,-0.00107112591356906,6.96070240485867e-05,0.00940505566161573,-1.5243732086079e-05,-0.00200385221710248,-0.000437365214460927,0.0196461309034803
1683.11215563331,-0.000586920503469549,-0.00106212125103446,6.88245618964334e-05,0.00933946502316001,-1.50661631924068e-05,-0.00198990047334463,-0.000431347192199766,0.0195108814839109
1694.78478823403,-0.000579171246860328,-0.0010532104084822,6.80482915347784e-05,0.00927434196248005,-1.4890198820469e-05,-0.00197604774643413,-0.000425412150443019,0.0193765622396131
1706.53837227424,-0.000571520273290641,-0.00104439213900585,6.72782453745631e-05,0.00920968296305154,-1.47158384444786e-05,-0.00196229329961376,-0.000419558940695983,0.0192431667944325
1718.37346916419,-0.000563966442771471,-0.00103566521495663,6.65144524375832e-05,0.00914548453772926,-1.45430810066485e-05,-0.00194863640215716,-0.00041378643045989,0.0191106888154177
1730.2906442076,-0.000556508625705411,-0.00102702842764351,6.57569384734921e-05,0.00908174322846736,-1.43719249374037e-05,-0.00193507632931288,-0.000408093503007018,0.018979122012539
1742.29046662864,-0.000549145702870363,-0.00101848058703722,6.50057260736435e-05,0.00901845560604255,-1.42023681750337e-05,-0.00192161236224897,-0.00040247905715904,0.0188484601384106
1754.37350959913,-0.000541876565400625,-0.00101002052147822,6.42608347818419e-05,0.00895561826977958,-1.40344081847925e-05,-0.00190824378799807,-0.000396942007068482,0.0187186969880129
1766.54035026596,-0.000534700114765493,-0.00100164707738853,6.3522281202076e-05,0.00889322784727968,-1.38680419774639e-05,-0.00189496989940304,-0.000391481282003311,0.0185898263984174
1778.79156977856,-0.000527615262745465,-0.000993359118987541,6.27900791033033e-05,0.00883128099415147,-1.37032661274016e-05,-0.00188178999506318,-0.000386095826134577,0.018461842248512
1791.12775331676,-0.000520620931406092,-0.000985155528011511,6.2064239521354e-05,0.00876977439374444,-1.35400767900577e-05,-0.00186870337928077,-0.00038078459832706,0.0183347384587286
1803.54949011869,-0.000513716053069622,-0.000977035203437064,6.1344770858023e-05,0.00870870475688525,-1.33784697190115e-05,-0.00185570936200836,-0.000375546571932904,0.0182085089907721
1816.05737350894,-0.000506899570284454,-0.000968997061208362,6.06316789774139e-05,0.00864806882161624,-1.32184402825108e-05,-0.00184280725879637,-0.000370380734588173,0.0180831478473502
1828.65200092687,-0.000500170435792549,-0.000961040033968132,5.9924967299605e-05,0.00858786335293698,-1.30599834795369e-05,-0.00182999639074136,-0.000365286088012304,0.0179586490719059
1841.33397395519,-0.000493527612494795,-0.000953163070792381,5.92246368916912e-05,0.00852808514254797,-1.29030939554046e-05,-0.00181727608443463,-0.00036026164781039,0.0178350067483501
1854.10389834867,-0.000486970073414498,-0.000945365136928871,5.85306865562776e-05,0.00846873100859721,-1.27477660169097e-05,-0.00180464567191153,-0.000355306443278298,0.0177122150007968
1866.9623840631,-0.000480496801658976,-0.000937645213539242,5.7843112917471e-05,0.008409797795429,-1.25939936470328e-05,-0.00179210449060106,-0.000350419517210522,0.0175902679932993
1879.91004528435,-0.000474106790379415,-0.000930002297444833,5.71619105044423e-05,0.0083512823733356,-1.24417705192127e-05,-0.0017796518832761,-0.000345599925710795,0.0174691599295878
1892.94750045783,-0.000467799042728985,-0.000922435400876079,5.6487071832609e-05,0.00829318163831104,-1.22910900111977e-05,-0.0017672871980041,-0.000340846738005358,0.0173488850528089
1906.0753723179,-0.000461572571819355,-0.000914943551225548,5.58185874825021e-05,0.00823549251180777,-1.21419452184869e-05,-0.00175500978809827,-0.000336159036258904,0.0172294376452662
1919.29428791772,-0.0004554264006756,-0.000907525790804499,5.51564461763686e-05,0.00817821194049543,-1.199432896737e-05,-0.00174281901206917,-0.000331535915393119,0.0171108120281621
1932.60487865912,-0.000449359562189647,-0.000900181176603008,5.45006348525679e-05,0.0081213368960224,-1.18482338275774e-05,-0.00173071423357694,-0.00032697648290781,0.0169930025613423
1946.00778032282,-0.000443371099072239,-0.000892908780053544,5.38511387378146e-05,0.00806486437477951,-1.17036521245485e-05,-0.00171869482138383,-0.000322479858704551,0.0168760036430401
1959.50363309877,-0.000437460063803568,-0.000885707686798058,5.32079414173236e-05,0.00800879139766642,-1.1560575951329e-05,-0.00170676014930738,-0.000318045174912855,0.0167598097096237
1973.09308161673,-0.000431625518582556,-0.000878576996458452,5.2571024902903e-05,0.00795311500986018,-1.1418997180106e-05,-0.00169490959617391,-0.000313671575718791,0.0166444152353437
1986.77677497706,-0.000425866535274911,-0.000871515822410483,5.19403696990542e-05,0.00789783228058636,-1.12789074733898e-05,-0.00168314254577264,-0.000309358217196046,0.0165298147320834
2000.55536678172,-0.000420182195359965,-0.000864523291560996,5.13159548671206e-05,0.00784294030289238,-1.11402982948523e-05,-0.00167145838681008,-0.000305104267139368,0.0164160027491087
2014.42951516552,-0.000414571589876394,-0.000857598544128509,5.06977580875401e-05,0.00778843619342338,-1.1003160919829e-05,-0.0016598565128651,-0.000300908904900388,0.016302973872822
2028.39988282751,-0.000409033819366832,-0.000850740733427062,5.00857557202442e-05,0.00773431709220019,-1.08674864454954e-05,-0.00164833632234428,-0.00029677132122575,0.0161907227265148
2042.46713706267,-0.000403567993821483,-0.000843949025653352,4.94799228632541e-05,0.00768058016239987,-1.0733265800724e-05,-0.00163689721843782,-0.000292690718097553,0.016079243970124
2056.63194979376,-0.000398173232620721,-0.000837222599677056,4.88802334095162e-05,0.00762722259013829,-1.06004897556317e-05,-0.00162553860907581,-0.000288666308576037,0.0159685322999882
2070.89499760343,-0.000392848664476807,-0.000830560646834373,4.82866601020247e-05,0.00757424158425519,-1.0469148930825e-05,-0.00161425990688507,-0.000284697316644516,0.0158585824486063
2085.25696176653,-0.000387593427374686,-0.000823962370724679,4.7699174587271e-05,0.00752163437610132,-1.03392338063503e-05,-0.0016030605291463,-0.000280782977056488,0.0157493891843973
2099.71852828265,-0.000382406668511994,-0.000817426987010337,4.71177474670683e-05,0.00746939821932803,-1.02107347303577e-05,-0.00159193989775177,-0.00027692253518493,0.0156409473114609
2114.2803879089,-0.000377287544238253,-0.000810953723219545,4.65423483487863e-05,0.00741753038967877,-1.00836419274863e-05,-0.00158089743916336,-0.000273115246873707,0.0155332516693407
2128.94323619287,-0.000372235219993362,-0.000804541818552263,4.59729458940431e-05,0.00736602818478313,-9.95794550697636e-06,-0.00156993258437112,-0.000269360378291107,0.015426297132788
2143.7077735059,-0.000367248870245367,-0.000798190523689114,4.54095078658897e-05,0.00731488892395276,-9.83363547051771e-06,-0.00155904476885218,-0.000265657205785427,0.0153200786115272
2158.57470507649,-0.000362327678427615,-0.00079189910060329,4.48520011745296e-05,0.00726410994797969,-9.71070171984015e-06,-0.00154823343253013,-0.000262005015742623,0.0152145910500227
2173.54474102402,-0.000357470836875269,-0.000785666822375356,4.43003919216074e-05,0.00721368861893652,-9.58913406405261e-06,-0.00153749801973479,-0.000258403104445954,0.0151098294272472
2188.61859639264,-0.000352677546761297,-0.000779492973010994,4.37546454431105e-05,0.00716362231997902,-9.46892222673884e-06,-0.00152683797916242,-0.000254850777937635,0.0150057887564514
2203.79699118545,-0.000347947018031901,-0.000773376847261574,4.32147263509111e-05,0.00711390845515057,-9.35005585281469e-06,-0.00151625276383633,-0.000251347351882422,0.0149024640849349
2219.08065039887,-0.000343278469341491,-0.000767317750447583,4.26805985729941e-05,0.00706454444918888,-9.23252451515467e-06,-0.00150574183106788,-0.000247892151433151,0.014799850493819
2234.47030405729,-0.000338671127987184,-0.000761314998284822,4.2152225392397e-05,0.00701552774733455,-9.11631772099311e-06,-0.00149530464241791,-0.000244484511098155,0.0146979430978205
2249.9666872479,-0.000334124229842911,-0.000755367916713387,4.16295694849024e-05,0.00696685581514192,-9.00142491810673e-06,-0.00148494066365857,-0.000241123774610574,0.0145967370450268
2265.57054015586,-0.000329637019293139,-0.000749475841729342,4.11125929555118e-05,0.0069185261382917,-8.88783550078379e-06,-0.00147464936473554,-0.000237809294799499,0.0144962275166727
2281.28260809959,-0.00032520874916625,-0.00074363811921911,4.06012573737367e-05,0.00687053622240574,-8.77553881558661e-06,-0.00146443021973059,-0.00023454043346295,0.0143964097269184
2297.10364156645,-0.000320838680667611,-0.000737854104796485,4.00955238077353e-05,0.00682288359286373,-8.66452416691198e-06,-0.00145428270682463,-0.000231316561242629,0.0142972789226289
2313.0343962485,-0.000316526083312372,-0.000732123163642291,3.95953528573292e-05,0.00677556579462185,-8.55478082235624e-06,-0.00144420630826108,-0.000228137057500469,0.0141988303831551
2329.07563307866,-0.000312270234858006,-0.000726444670346595,3.91007046859271e-05,0.00672858039203334,-8.44629801788926e-06,-0.00143420051030957,-0.000225001310196897,0.0141010594201151
2345.22811826701,-0.00030807042123665,-0.000720818008753491,3.86115390513883e-05,0.00668192496867109,-8.33906496284369e-06,-0.00142426480323019,-0.000221908715770843,0.0140039613771788
2361.49262333744,-0.000303925936487238,-0.000715242571808378,3.81278153358517e-05,0.00663559712715192,-8.23307084472364e-06,-0.00141439868123785,-0.000218858679021419,0.0139075316298519
2377.86992516445,-0.000299836082687498,-0.000709717761407737,3.76494925745612e-05,0.00658959448896297,-8.1283048338387e-06,-0.0014046016424673,-0.000215850612991292,0.0138117655852624
2394.36080601029,-0.000295800169885796,-0.000704242988251324,3.71765294837123e-05,0.00654391469428974,-8.02475608776745e-06,-0.00139487318893827,-0.000212883938851678,0.0137166586819481
2410.96605356231,-0.000291817516032895,-0.000698817671696811,3.67088844873505e-05,0.00649855540184618,-7.92241375565607e-06,-0.0013852128265211,-0.000209958085788978,0.0136222063896457
2427.6864609706,-0.000287887446913617,-0.000693441239616767,3.62465157433424e-05,0.00645351428870634,-7.82126698235572e-06,-0.00137562006490273,-0.000207072490893002,0.0135284042090807
2444.52282688584,-0.000284009296078468,-0.000688113128258015,3.57893811684513e-05,0.00640878905013806,-7.72130491240445e-06,-0.00136609441755296,-0.000204226599046777,0.0134352476717588
2461.4759554975,-0.000280182404775211,-0.000682832782103278,3.53374384625359e-05,0.00636437739943828,-7.62251669385681e-06,-0.00135663540169114,-0.000201419862817898,0.0133427323397592
2478.54665657221,-0.000276406121880454,-0.000677599653735108,3.48906451319019e-05,0.00632027706777016,-7.52489148196663e-06,-0.00134724253825318,-0.000198651742351423,0.0132508538055283
2495.73574549243,-0.00027267980383124,-0.000672413203702076,3.44489585118275e-05,0.00627648580400199,-7.42841844272662e-06,-0.00133791535185888,-0.000195921705264268,0.0131596076916755
2513.04404329547,-0.000269002814556668,-0.000667272900387148,3.40123357882847e-05,0.00623300137454768,-7.33308675626887e-06,-0.00132865337077963,-0.000193229226541094,0.0130689896507695
2530.47237671259,-0.00026537452540959,-0.000662178219878269,3.35807340188832e-05,0.00618982156320917,-7.2388856201306e-06,-0.00131945612690642,-0.00019057378843166,0.012978995365137
2548.02157820863,-0.000261794315098364,-0.000657128645841075,3.31541101530543e-05,0.00614694417102022,-7.14580425238889e-06,-0.00131032315571821,-0.000187954880349621,0.0128896205466611
2565.69248602162,-0.000258261569618719,-0.000652123669393739,3.27324210515006e-05,0.00610436701609223,-7.05383189466835e-06,-0.00130125399625059,-0.000185371998772754,0.012800860936583
2583.48594420295,-0.000254775682185722,-0.000647162788983892,3.23156235049273e-05,0.00606208793346133,-6.96295781502511e-06,-0.0012922481910648,-0.00018282464714458,0.0127127123053029
2601.4028026576,-0.000251336053165894,-0.000642245510267611,3.19036742520822e-05,0.00602010477493742,-6.87317131071139e-06,-0.00128330528621703,-0.000180312335777386,0.0126251704521837
2619.4439171848,-0.000247942090009454,-0.000637371345990415,3.14965299971176e-05,0.00597841540895455,-6.78446171082362e-06,-0.0012744248312281,-0.000177834581756591,0.012538231205355
2637.61014951883,-0.000244593207182757,-0.000632539815870278,3.10941474262986e-05,0.00593701772042316,-6.69681837883792e-06,-0.00126560637905335,-0.00017539090884648,0.0124518904215194
2655.90236737027,-0.000241288826100885,-0.000627750446482587,3.06964832240737e-05,0.00589590961058358,-6.61023071503601e-06,-0.00125684948605299,-0.000172980847397245,0.0123661439857585
2674.32144446737,-0.000238028375060464,-0.000623002771147049,3.03034940885282e-05,0.00585508899686141,-6.52468815882537e-06,-0.00124815371196257,-0.000170603934253346,0.012280987811342
2692.86826059784,-0.000234811289172668,-0.000618296329816489,2.99151367462364e-05,0.0058145538127241,-6.44018019095601e-06,-0.00123951861986393,-0.000168259712663148,0.0121964178395363
2711.54370165082,-0.000231637010296475,-0.000613630668967545,2.95313679665325e-05,0.00577430200753943,-6.35669633563798e-06,-0.00123094377615634,-0.000165947732189846,0.0121124300394155
2730.34865965925,-0.00022850498697214,-0.000609005341493187,2.91521445752147e-05,0.00573433154643506,-6.27422616256163e-06,-0.00122242875052795,-0.000163667548623621,0.0120290204076731
2749.28403284242,-0.00022541467435494,-0.000604419906597075,2.87774234677019e-05,0.00569464041016,-6.19275928882456e-06,-0.00121397311592759,-0.000161418723895047,0.0119461849684352
2768.35072564895,-0.00022236553414917,-0.000599873929689694,2.84071616216564e-05,0.00565522659494713,-6.1122853807672e-06,-0.00120557644853676,-0.000159200825989705,0.0118639197730746
2787.54964879989,-0.000219357034542432,-0.000595366982286262,2.80413161090916e-05,0.00561608811237755,-6.03279415572076e-06,-0.00119723832774204,-0.000157013428864003,0.0117822209000262
2806.88171933232,-0.000216388650140199,-0.000590898641906364,2.76798441079758e-05,0.00557722298924605,-5.95427538366934e-06,-0.00118895833610763,-0.000154856112362165,0.0117010844546039
2826.34786064308,-0.000213459861900689,-0.000586468491975307,2.73227029133535e-05,0.00553862926742819,-5.87671888882988e-06,-0.00118073605934831,-0.000152728462134406,0.0116205065688182
2845.94900253294,-0.000210570157070043,-0.000582076121727137,2.69698499479907e-05,0.0055003050037487,-5.80011455115134e-06,-0.00117257108630254,-0.000150630069556236,0.0115404834011953
2865.68608125093,-0.000207719029117831,-0.000577721126109337,2.66212427725666e-05,0.00546224826985129,-5.72445230773701e-06,-0.00116446300890599,-0.000148560531648907,0.0114610111365975
2885.56003953913,-0.00020490597767288,-0.000573403105689124,2.62768390954191e-05,0.00542445715206977,-5.64972215419105e-06,-0.0011564114221652,-0.000146519451000971,0.0113820859860443
2905.57182667768,-0.00020213050845945,-0.000569121666561378,2.59365967818618e-05,0.00538692975130062,-5.5759141458928e-06,-0.00114841592413156,-0.000144506435690945,0.0113037041865351
2925.72239853012,-0.000199392133233746,-0.000564876420258118,2.5600473863083e-05,0.0053496641828768,-5.50301839920028e-06,-0.00114047611587557,-0.000142521099211052,0.0112258620008728
2946.01271758903,-0.000196690369720801,-0.000560666983659559,2.5268428544642e-05,0.00531265857644292,-5.43102509258585e-06,-0.00113259160146137,-0.000140563060392036,0.0111485557174888
2966.44375302203,-0.000194024741551709,-0.000556492978906669,2.49404192145721e-05,0.00527591107583169,-5.35992446770565e-06,-0.00112476198792145,-0.000138631943329032,0.0110717816502688
2987.01648071805,-0.000191394778201239,-0.000552354033315252,2.46164044511064e-05,0.00523941983894172,-5.28970683040558e-06,-0.00111698688523171,-0.00013672737730847,0.0109955361383802
3007.73188333398,-0.00018880001492582,-0.000548249779291484,2.4296343030033e-05,0.00520318303761645,-5.22036255166518e-06,-0.0011092659062867,-0.00013484899673601,0.0109198155461001
3028.59095034155,-0.000186239992701917,-0.000544179854248928,2.39801939316972e-05,0.00516719885752457,-5.15188206848215e-06,-0.00110159866687518,-0.000132996441065479,0.010844616262645
3049.59467807464,-0.000183714258164794,-0.000540143900526954,2.36679163476559e-05,0.00513146549804137,-5.08425588469891e-06,-0.00109398478565583,-0.00013116935472881,0.0107699347020009
3070.74406977686,-0.000181222363547676,-0.000536141565310588,2.33594696870007e-05,0.00509598117213163,-5.01747457177364e-06,-0.0010864238841333,-0.00012936738706696,0.0106957673027554
3092.04013564946,-0.000178763866621311,-0.000532172500551722,2.30548135823549e-05,0.00506074410623349,-4.95152876949706e-06,-0.00107891558663442,-0.000127590192261787,0.01062211052793
3113.48389289956,-0.000176338330633946,-0.000528236362891708,2.275390789556e-05,0.00502575254014365,-4.88640918665753e-06,-0.00107145952028474,-0.000125837429268901,0.0105489608648143
3135.07636578881,-0.000173945324251707,-0.000524332813585265,2.2456712723056e-05,0.00499100472690365,-4.82210660165527e-06,-0.00106405531498519,-0.000124108761751428,0.0104763148248008
3156.8185856822,-0.000171584421499403,-0.000520461518425727,2.2163188400972e-05,0.00495649893268747,-4.75861186306859e-06,-0.00105670260338905,-0.000122403858014725,0.0104041689432209
3178.71159109747,-0.000169255201701748,-0.00051662214767156,2.18732955099296e-05,0.00492223343669006,-4.69591589017254e-06,-0.00104940102087914,-0.000120722390941991,0.010332519779182
3200.75642775457,-0.000166957249425012,-0.000512814375974176,2.15869948795741e-05,0.00488820653101726,-4.63400967341275e-06,-0.00104215020554523,-0.000119064037930789,0.0102613639154056
3222.9541486257,-0.000164690154419096,-0.000509037882306974,2.13042475928387e-05,0.00485441652057665,-4.57288427483514e-06,-0.00103494979816163,-0.000117428480830451,0.0101906979580668
3245.30581398558,-0.000162453511560045,-0.000505292349895631,2.10250149899524e-05,0.00482086172296963,-4.51253082847367e-06,-0.0010277994421651,-0.000115815405880358,0.0101205185366345
3267.81249146208,-0.000160246920792995,-0.00050157746614959,2.07492586721995e-05,0.00478754046838449,-4.45294054069715e-06,-0.00102069878363288,-0.000114224503649085,0.0100508223037125
3290.47525608724,-0.000158069987075556,-0.000497892922594746,2.0476940505439e-05,0.00475445109949075,-4.39410469051701e-06,-0.00101364747126096,-0.000112655468974397,0.0099816059348825
3313.29519034861,-0.00015592232032164,-0.000494238414807287,2.02080226233911e-05,0.00472159197133434,-4.33601462985684e-06,-0.00100664515634263,-0.000111108000904079,0.00991286612854688
3336.27338424092,-0.000153803535345733,-0.000490613642348706,1.99424674307014e-05,0.00468896145123403,-4.27866178378586e-06,-0.000999691492747156,-0.000109581802637596,0.00984459960577381
3359.41093531822,-0.000151713251807607,-0.000487018308701918,1.96802376057856e-05,0.0046565579186788,-4.22203765071681e-06,-0.000992786136898679,-0.000108076581468568,0.00977680311014237
3382.70894874623,-0.00014965109415749,-0.000483452121208511,1.94212961034676e-05,0.00462437976522631,-4.1661338025702e-06,-0.000985928747755388,-0.00010659204872805,0.00970947340758939
3406.16853735517,-0.000147616691581672,-0.000479914791007067,1.91656061574137e-05,0.00459242539440232,-4.11094188490578e-06,-0.000979118986788807,-0.000105127919728594,0.00964260728625681
3429.7908216929,-0.000145609677948579,-0.000476406032972576,1.89131312823723e-05,0.00456069322160121,-4.05645361702271e-06,-0.000972356517963345,-0.000103683913709111,0.00957620155634047
3453.57693007845,-0.000143629691755281,-0.000472925565656888,1.8663835276225e-05,0.00452918167398742,-4.0026607920293e-06,-0.000965641007716009,-0.00010225975378048,0.00951025304993955
3477.5279986559,-0.00014167637607447,-0.000469473111230209,1.84176822218559e-05,0.0044978891903979,-3.94955527688384e-06,-0.000958972124936336,-0.000100855166871934,0.00944475862090726
3501.64517144866,-0.000139749378501881,-0.000466048395423625,1.81746364888458e-05,0.00446681422124559,-3.89712901240739e-06,-0.000952349540946514,-9.94698836781856e-05,0.0093797151447025
3525.92960041413,-0.000137848351104171,-0.0004626511474726,1.79346627349964e-05,0.00443595522842372,-3.84537401326952e-06,-0.00094577292948168,-9.81036386072888e-05,0.00931511951824225
3550.38244549867,-0.000135972950367257,-0.000459281100061495,1.76977259076925e-05,0.00440531068521127,-3.79428236794849e-06,-0.000939241966670431,-9.67561697292359e-05,0.00925096865975542
3575.00487469309,-0.000134122837145107,-0.000455937989269019,1.7463791245105e-05,0.00437487907617915,-3.74384623866619e-06,-0.000932756331015504,-9.5427218725262e-05,0.00918725950863711
3599.79806408833,-0.000132297676608986,-0.000452621554514654,1.72328242772446e-05,0.00434465889709746,-3.69405786129968e-06,-0.000926315703374654,-9.4116530837864e-05,0.0091239890253044
3624.76319793175,-0.000130497138197159,-0.000449331538506003,1.70047908268671e-05,0.0043146486548436,-3.64490954526943e-06,-0.000919919766941701,-9.28238548215092e-05,0.0090611541910526
3649.9014686836,-0.000128720895565057,-0.000446067687187059,1.67796570102402e-05,0.00428484686731134,-3.59639367340588e-06,-0.000913568207227779,-9.15489428940386e-05,0.0089987520079129
3675.21407707406,-0.000126968626535882,-0.000442829749687373,1.6557389237772e-05,0.00425525206332069,-3.54850270179472e-06,-0.000907260712042736,-9.02915506887398e-05,0.0089367794985106
3700.7022321605,-0.000125240013051688,-0.00043961747827211,1.63379542145119e-05,0.00422586278252874,-3.50122915960222e-06,-0.00090099697147674,-8.90514372070942e-05,0.0088752337059246
3726.36715138533,-0.0001235347411249,-0.000436430628292975,1.6121318940524e-05,0.00419667757534136,-3.45456564888094e-06,-0.000894776677882035,-8.78283647721773e-05,0.00881411169354756
3752.21006063407,-0.000121852500790298,-0.000433268958139995,1.59074507111401e-05,0.00416769500282571,-3.40850484435722e-06,-0.000888599525854891,-8.66220989827122e-05,0.00875341054494725
3778.23219429398,-0.000120192986057446,-0.000430132229194137,1.56963171170967e-05,0.00413891363662368,-3.36303949320062e-06,-0.000882465212217702,-8.54324086677593e-05,0.00869312736372858
3804.43479531291,-0.000118555894863581,-0.00042702020578076,1.54878860445607e-05,0.00411033205886612,-3.31816241477675e-06,-0.000876373436001278,-8.42590658420405e-05,0.00863325927339682
3830.81911525882,-0.000116940929026947,-0.000423932655123865,1.52821256750465e-05,0.00408194886208787,-3.27386650038358e-06,-0.000870323898427278,-8.31018456618812e-05,0.00857380341722143
3857.3864143794,-0.000115347794200586,-0.000420869347301159,1.50790044852311e-05,0.00405376264914376,-3.2301447129726e-06,-0.000864316302890835,-8.19605263817708e-05,0.00851475695810115
3884.13796166242,-0.000113776199826567,-0.00041783005519988,1.48784912466698e-05,0.00402577203312521,-3.18699008685485e-06,-0.000858350354943314,-8.08348893115212e-05,0.00845611707842965
3911.07503489621,-0.000112225859090677,-0.000414814554473416,1.46805550254168e-05,0.00399797563727783,-3.14439572739321e-06,-0.000852425762275263,-7.97247187740287e-05,0.00839788097996241
3938.19892073078,-0.000110696488877544,-0.000411822623498654,1.44851651815544e-05,0.00397037209491967,-3.10235481068095e-06,-0.000846542234699488,-7.86298020636167e-05,0.00834004588368415
3965.51091473924,-0.000109187809726215,-0.000408854043334095,1.42922913686352e-05,0.00394296004936034,-3.06086058320781e-06,-0.000840699484134325,-7.75499294049637e-05,0.00828260902967756
3993.0123214797,-0.000107699545786168,-0.000405908597678672,1.41019035330398e-05,0.00391573815382087,-3.01990636151356e-06,-0.00083489722458703,-7.64848939125972e-05,0.00822556767699243
4020.70445455755,-0.000106231424773775,-0.000402986072831313,1.39139719132549e-05,0.00388870507135436,-2.9794855318303e-06,-0.000829135172137352,-7.54344915509564e-05,0.00816891910351618
4048.58863668828,-0.000104783177929192,-0.000400086257651179,1.37284670390738e-05,0.00386185947476731,-2.93959154971357e-06,-0.000823413044921234,-7.43985210950046e-05,0.00811266060584477
4076.66619976054,-0.000103354539973698,-0.000397208943518615,1.35453597307239e-05,0.00383520004654184,-2.90021793966313e-06,-0.00081773056311469,-7.33767840913943e-05,0.00805678949915491
4104.93848489989,-0.00010194524906746,-0.000394353924296763,1.33646210979231e-05,0.0038087254787585,-2.86135829473381e-06,-0.000812087448917804,-7.23690848201676e-05,0.00800130311707673
4133.40684253274,-0.000100555046767741,-0.000391520996293855,1.31862225388693e-05,0.00378243447301992,-2.82300627613701e-06,-0.000806483426538898,-7.13752302569929e-05,0.00794619881156772
4162.07263245095,-9.91836779875255e-05,-0.00038870995822615,1.30101357391658e-05,0.00375632574037507,-2.7851556128334e-06,-0.000800918222178827,-7.03950300359227e-05,0.00789147395278709
4190.93722387671,-9.78308909545858e-05,-0.000385920611181518,1.28363326706846e-05,0.00373039800124442,-2.74780010111722e-06,-0.000795391564015438,-6.94282964126724e-05,0.00783712592897141
4220.00199552799,-9.64964371709694e-05,-0.000383152758583656,1.26647855903716e-05,0.00370464998534553,-2.71093360419263e-06,-0.000789903182188148,-6.84748442284054e-05,0.00778315214631068
4249.26833568435,-9.51800713729124e-05,-0.000380406206156925,1.2495467038996e-05,0.00367908043161964,-2.67455005174284e-06,-0.000784452808782684,-6.75344908740253e-05,0.00772955002882559
4278.73764225332,-9.38815514911719e-05,-0.000377680761891786,1.23283498398461e-05,0.00365368808815868,-2.63864343949206e-06,-0.000779040177815939,-6.66070562549599e-05,0.00767631701824532
4308.41132283705,-9.26006386117821e-05,-0.000374976236010856,1.21634070973749e-05,0.00362847171213317,-2.60320782876107e-06,-0.000773665025220994,-6.56923627564383e-05,0.00762345057388641
4338.2907947997,-9.13370969372219e-05,-0.000372292440935524,1.2000612195797e-05,0.00360343006972064,-2.56823734601652e-06,-0.000768327088832245,-6.4790235209246e-05,0.00757094817253221
4368.37748533501,-9.00906937480031e-05,-0.000369629191253165,1.18399387976406e-05,0.00357856193603483,-2.53372618241469e-06,-0.00076302610837069,-6.39005008559593e-05,0.0075188073083134
4398.67283153455,-8.88611993646632e-05,-0.000366986303684908,1.16813608422545e-05,0.00355386609505544,-2.49966859333968e-06,-0.000757761825429325,-6.3022989317645e-05,0.00746702549258906
4429.17828045629,-8.76483871101749e-05,-0.000364363597053971,1.1524852544276e-05,0.00352934133955863,-2.46605889793689e-06,-0.0007525339834587,-6.2157532561025e-05,0.00741560025382879
4459.89528919383,-8.64520332727541e-05,-0.000361760892254529,1.13703883920577e-05,0.00350498647104807,-2.43289147864174e-06,-0.000747342327752569,-6.13039648660942e-05,0.00736452913749537
4490.82532494586,-8.52719170690793e-05,-0.000359178012221132,1.12179431460592e-05,0.00348080029968675,-2.40016078070422e-06,-0.000742186605433706,-6.04621227941901e-05,0.00731380970592848
4521.96986508636,-8.4107820607905e-05,-0.000356614781898637,1.10674918372021e-05,0.00345678164422921,-2.36786131170948e-06,-0.000737066565439816,-5.96318451565026e-05,0.00726343953822898
4553.33039723509,-8.29595288540792e-05,-0.000354071028212672,1.09190097651938e-05,0.00343292933195465,-2.33598764109492e-06,-0.000731981958509591,-5.88129729830237e-05,0.00721341623014415
4584.90841932869,-8.1826829592951e-05,-0.000351546580040589,1.07724724968194e-05,0.00340924219860045,-2.30453439966394e-06,-0.000726932537168882,-5.80053494919246e-05,0.00716373739395356
4616.7054396922,-8.07095133951754e-05,-0.000349041268182938,1.06278558642039e-05,0.00338571908829636,-2.27349627909677e-06,-0.000721918055716999,-5.72088200593609e-05,0.00711440065835582
4648.72297711114,-7.96073735819036e-05,-0.000346554925335409,1.04851359630486e-05,0.00336235885349931,-2.24286803145861e-06,-0.000716938270213119,-5.64232321896929e-05,0.00706540366835602
4680.96256090399,-7.85202061903638e-05,-0.000344087386061273,1.03442891508403e-05,0.00333916035492884,-2.21264446870546e-06,-0.000711992938462838,-5.56484354861224e-05,0.00701674408515405
4713.42573099534,-7.74478099398221e-05,-0.000341638486764281,1.02052920450368e-05,0.00331612246150298,-2.18282046218764e-06,-0.000707081820004816,-5.48842816217328e-05,0.0069684195860335
4746.11403798933,-7.63899861979278e-05,-0.000339208065662041,1.00681215212312e-05,0.0032932440502749,-2.15339094215179e-06,-0.000702204676097557,-5.41306243109348e-05,0.00692042786425148
4779.02904324382,-7.53465389474333e-05,-0.000336795962759833,9.93275471129319e-06,0.00327052400636995,-2.12435089724088e-06,-0.000697361269706296,-5.33873192813033e-05,0.00687276662892907
4812.17231894485,-7.43172747532925e-05,-0.000334402019824889,9.79916900149328e-06,0.00324796122292341,-2.09569537399321e-06,-0.000692551365490006,-5.26542242458089e-05,0.00682543360494262
4845.54544818188,-7.33020027301271e-05,-0.000332026080361101,9.6673420306072e-06,0.00322555460101872,-2.06741947634008e-06,-0.000687774729788513,-5.19311988754305e-05,0.00677842653281567
4879.1500250233,-7.2300534510065e-05,-0.000329667989584159,9.53725168800487e-06,0.00320330304962626,-2.03951836510261e-06,-0.000683031130609732,-5.12181047721499e-05,0.00673174316861169
4912.98765459257,-7.13126842109443e-05,-0.000327327594397122,9.40887611172409e-06,0.00318120548554274,-2.01198725748803e-06,-0.000678320337617006,-5.05148054423201e-05,0.00668538128382753
4947.05995314498,-7.03382684048776e-05,-0.000325004743366396,9.28219368652974e-06,0.00315926083333104,-1.98482142658519e-06,-0.000673642122116554,-4.98211662704002e-05,0.00663933866528757
4981.36854814472,-6.93771060871798e-05,-0.000322699286698123,9.15718304196118e-06,0.0031374680252607,-1.95801620086015e-06,-0.000668996257045042,-4.9137054493058e-05,0.00659361311503861
5015.91507834275,-6.8429018645649e-05,-0.000320411076214967,9.03382305036745e-06,0.00311582600124881,-1.93156696365147e-06,-0.000664382516957239,-4.84623391736271e-05,0.00654820245024544
5050.70119385496,-6.74938298302049e-05,-0.000318139965333304,8.91209282493296e-06,0.00309433370880152,-1.9054691526657e-06,-0.000659800678013801,-4.77968911769216e-05,0.00650310450308723
5085.72855624109,-6.65713657228736e-05,-0.000315885809040784,8.79197171769324e-06,0.00307299010295604,-1.87971825947309e-06,-0.000655250517969145,-4.71405831443956e-05,0.00645831712065441
5120.998838584,-6.56614547081252e-05,-0.000313648463874285,8.6734393175435e-06,0.00305179414622313,-1.8543098290039e-06,-0.000650731816159439,-4.64932894696502e-05,0.00641383816484651
5156.51372556965,-6.47639274435497e-05,-0.000311427787898228,8.55647544823934e-06,0.0030307448085301,-1.82923945904515e-06,-0.000646244353490681,-4.58548862742769e-05,0.00636966551227048
5192.27491356752,-6.3878616830881e-05,-0.000309223640683269,8.44106016639223e-06,0.00300984106716437,-1.80450279973837e-06,-0.000641787912426899,-4.52252513840372e-05,0.00632579705413985
5228.28411071172,-6.30053579873529e-05,-0.00030703588328534,8.32717375945923e-06,0.0029890819067174,-1.78009555307801e-06,-0.000637362276978428,-4.46042643053697e-05,0.00628223069617445
5264.54303698245,-6.21439882173964e-05,-0.00030486437822505,8.21479674372924e-06,0.00296846631902928,-1.75601347241122e-06,-0.000632967232690313,-4.39918062022254e-05,0.00623896435850096
5301.0534242883,-6.12943469846632e-05,-0.000302708989467426,8.10390986230551e-06,0.00294799330313363,-1.73225236193864e-06,-0.000628602566630789,-4.33877598732197e-05,0.00619599597555395
5337.81701654885,-6.04562758843845e-05,-0.000300569582401998,7.99449408308624e-06,0.00292766186520311,-1.70880807621661e-06,-0.000624268067379871,-4.27920097291048e-05,0.00615332349597779
5374.83556977805,-5.96296186160502e-05,-0.000298446023823216,7.88653059674317e-06,0.00290747101849532,-1.68567651966091e-06,-0.000619963525018035,-4.22044417705494e-05,0.00611094488252908
5412.11085216805,-5.88142209564159e-05,-0.000296338181911196,7.78000081469996e-06,0.00288741978329922,-1.66285364605197e-06,-0.000615688731115,-4.16249435662293e-05,0.00606885811197983
5449.64464417369,-5.80099307328259e-05,-0.000294245926212785,7.67488636711015e-06,0.00286750718688199,-1.64033545804193e-06,-0.000611443478718599,-4.10534042312186e-05,0.00602706117502124
5487.43873859751,-5.72165977968568e-05,-0.000292169127622942,7.57116910083626e-06,0.00284773226343637,-1.61811800666345e-06,-0.000607227562343748,-4.04897144056821e-05,0.00598555207616819
5525.49494067543,-5.64340739982712e-05,-0.000290107658366433,7.46883107742994e-06,0.0028280940540284,-1.59619739084046e-06,-0.000603040777961504,-3.9933766233859e-05,0.00594432883366433
5563.81506816292,-5.56622131592862e-05,-0.000288061391979828,7.36785457111481e-06,0.00280859160654568,-1.57456975690098e-06,-0.000598882922988219,-3.93854533433414e-05,0.00590338947938787
5602.40095142188,-5.49008710491457e-05,-0.00028603020329379,7.26822206677145e-06,0.00278922397564601,-1.55323129809199e-06,-0.000594753796274782,-3.88446708246353e-05,0.00586273205875794
5641.254433508,-5.41499053590015e-05,-0.000284013968415674,7.16991625792651e-06,0.00276999022270656,-1.53217825409663e-06,-0.000590653198095952,-3.83113152110072e-05,0.0058223546306417
5680.37737025889,-5.34091756770921e-05,-0.000282012564712395,7.07292004474517e-06,0.00275088941577332,-1.51140691055362e-06,-0.000586580930139778,-3.77852844586071e-05,0.00578225526726191
5719.77163038263,-5.26785434642247e-05,-0.000280025870793594,6.97721653202872e-06,0.00273192062951116,-1.49091359857912e-06,-0.000582536795497112,-3.72664779268684e-05,0.00574243205410536
5759.43909554709,-5.1957872029548e-05,-0.000278053766495071,6.88278902721685e-06,0.00271308294515415,-1.470694694291e-06,-0.000578520598651201,-3.6754796359176e-05,0.00570288308983169
5799.38166046975,-5.12470265066231e-05,-0.000276096132862501,6.78962103839601e-06,0.00269437545045648,-1.45074661833577e-06,-0.000574532145467378,-3.62501418638046e-05,0.00566360648618304
5839.60123300829,-5.05458738297796e-05,-0.000274152852135406,6.69769627231352e-06,0.00267579723964359,-1.43106583541799e-06,-0.000570571243182821,-3.57524178951174e-05,0.00562460036789408
5880.09973425162,-4.98542827107622e-05,-0.000272223807731401,6.60699863239867e-06,0.00265734741336389,-1.41164885383246e-06,-0.000566637700396415,-3.52615292350278e-05,0.00558586287260297
5920.87909861173,-4.91721236156584e-05,-0.00027030888423069,6.51751221679063e-06,0.00263902507864078,-1.39249222499912e-06,-0.000562731327058682,-3.47773819747135e-05,0.00554739215076257
5961.94127391598,-4.84992687421097e-05,-0.000268407967360823,6.42922131637414e-06,0.00262082934882515,-1.37359254300077e-06,-0.000558851934461806,-3.42998834965873e-05,0.0055091863655526
6003.28822150028,-4.7835591996799e-05,-0.00026652094398169,6.34211041282291e-06,0.00260275934354817,-1.35494644412361e-06,-0.000554999335229731,-3.3828942456513e-05,0.00547124369279206
6044.92191630263,-4.71809689732146e-05,-0.000264647702070776,6.25616417665159e-06,0.00258481418867463,-1.33655060640081e-06,-0.000551173343308349,-3.33644687662703e-05,0.00543356232085261
6086.84434695757,-4.65352769296857e-05,-0.00026278813070864,6.17136746527627e-06,0.00256699301625651,-1.31840174915887e-06,-0.000547373773955755,-3.29063735762597e-05,0.00539614045057217
6129.05751589107,-4.58983947676882e-05,-0.000260942120064642,6.0877053210843e-06,0.00254929496448706,-1.3004966325672e-06,-0.0005436004437326,-3.24545692584472e-05,0.00535897629516945
6171.56343941625,-4.52702030104157e-05,-0.000259109561382889,6.00516296951316e-06,0.0025317191776552,-1.28283205719056e-06,-0.000539853170492504,-3.2008969389544e-05,0.00532206808015879
6214.36414782964,-4.4650583781617e-05,-0.000257290346968424,5.92372581713962e-06,0.00251426480610031,-1.26540486354478e-06,-0.000536131773372565,-3.15694887344198e-05,0.00528541404326578
6257.46168550822,-4.40394207846911e-05,-0.000255484370173618,5.84337944977835e-06,0.0024969310061674,-1.24821193165547e-06,-0.000532436072783923,-3.11360432297427e-05,0.00524901243434331
6300.85811100697,-4.34365992820436e-05,-0.000253691525384805,5.76410963059145e-06,0.00247971694016269,-1.23125018062003e-06,-0.000528765890402431,-3.07085499678476e-05,0.00521286151528831
6344.55549715731,-4.28420060746967e-05,-0.000251911708009106,5.68590229820821e-06,0.00246262177630945,-1.21451656817272e-06,-0.000525121049159366,-3.02869271808254e-05,0.00517695955995897
6388.55593116599,-4.22555294821526e-05,-0.000250144814461488,5.60874356485605e-06,0.00244564468870433,-1.19800809025319e-06,-0.000521501373232249,-2.98710942248332e-05,0.0051413048540926
6432.86151471492,-4.1677059322506e-05,-0.000248390742152012,5.53261971450231e-06,0.00242878485727396,-1.18172178057798e-06,-0.000517906688035711,-2.94609715646193e-05,0.00510589569522397
6477.47436406142,-4.11064868928059e-05,-0.000246649389473299,5.45751720100778e-06,0.00241204146773198,-1.16565471021565e-06,-0.000514336820212457,-2.90564807582646e-05,0.0050707303926043
6522.39661013943,-4.05437049496587e-05,-0.000244920655788183,5.38342264629147e-06,0.00239541371153635,-1.14980398716492e-06,-0.000510791597624279,-2.86575444421311e-05,0.0050358072671207
6567.63039866118,-3.99886076900765e-05,-0.00024320444141757,5.31032283850748e-06,0.00237890078584704,-1.13416675593636e-06,-0.000507270849343162,-2.82640863160216e-05,0.00500112465121629
6613.17789021977,-3.94410907325616e-05,-0.000241500647628485,5.2382047302337e-06,0.00236250189348408,-1.11874019713734e-06,-0.000503774405642448,-2.7876031128541e-05,0.0049666808888107
6659.0412603923,-3.89010510984302e-05,-0.000239809176622312,5.16705543667285e-06,0.00234621624288598,-1.10352152706038e-06,-0.00050030209798808,-2.74933046626625e-05,0.00493247433522131
6705.22269984387,-3.83683871933676e-05,-0.000238129931523215,5.0968622338656e-06,0.00233004304806838,-1.08850799727491e-06,-0.0004968537590299,-2.71158337214907e-05,0.00489850335708483
6751.7244144321,-3.78429987892165e-05,-0.000236462816366746,5.02761255691665e-06,0.00231398152858314,-1.07369689422241e-06,-0.000493429222593044,-2.67435461142224e-05,0.00486476633227958
6798.54862531261,-3.73247870059928e-05,-0.000234807736088628,4.95929399823302e-06,0.00229803090947776,-1.05908553881497e-06,-0.000490028323669377,-2.63763706423004e-05,0.00483126164984821
6845.69756904508,-3.6813654294128e-05,-0.00023316459651372,4.89189430577544e-06,0.00228219042125504,-1.04467128603731e-06,-0.000486650898409009,-2.60142370857588e-05,0.00479798770992094
6893.17349769999,-3.63095044169356e-05,-0.00023153330434515,4.82540138132272e-06,0.00226645929983318,-1.0304515245522e-06,-0.000483296784111886,-2.56570761897567e-05,0.00476494292363942
6940.97867896634,-3.58122424332973e-05,-0.000229913767153619,4.75980327874883e-06,0.0022508367865061,-1.01642367630931e-06,-0.000479965819219432,-2.5304819651297e-05,0.004732125713081
6989.11539625983,-3.53217746805695e-05,-0.000228305893366874,4.69508820231362e-06,0.00223532212790417,-1.00258519615763e-06,-0.000476657843306269,-2.49574001061289e-05,0.00469953451118359
7037.58594883204,-3.48380087577039e-05,-0.000226709592259341,4.63124450496633e-06,0.00221991457595517,-9.88933571461146e-07,-0.000473372697071993,-2.4614751115831e-05,0.00466716776167098
7086.39265188015,-3.43608535085835e-05,-0.00022512477394192,4.56826068666291e-06,0.00220461338784566,-9.7546632171815e-07,-0.000470110222333026,-2.42768071550727e-05,0.00463502391897875
7135.53783665763,-3.38902190055681e-05,-0.000223551349351943,4.5061253926964e-06,0.00218941782598256,-9.62180998183908e-07,-0.000466870262014524,-2.39435035990502e-05,0.00460310144818059
7185.02385058548,-3.34260165332503e-05,-0.00022198923024328,4.44482741204113e-06,0.0021743271579551,-9.49075183496843e-07,-0.000463652660142349,-2.36147767110977e-05,0.00457139882491521
7234.85305736446,-3.29681585724156e-05,-0.000220438329176599,4.38435567571021e-06,0.00215934065649706,-9.3614649130811e-07,-0.000460457261835111,-2.32905636304675e-05,0.00453991453531368
7285.02783708791,-3.25165587842089e-05,-0.000218898559509785,4.32469925512695e-06,0.00214445759944934,-9.23392565914703e-07,-0.000457283913296262,-2.29708023602796e-05,0.00450864707592735
7335.55058635552,-3.20711319945002e-05,-0.000217369835388485,4.26584736050975e-06,0.00212967726972274,-9.10811081895946e-07,-0.00045413246180626,-2.26554317556372e-05,0.00447759495365614
7386.42371838768,-3.16317941784516e-05,-0.000215852071736825,4.2077893392709e-06,0.00211499895526114,-8.98399743753472e-07,-0.000451002755714796,-2.23443915119064e-05,0.00444675668567748
7437.64966314091,-3.11984624452792e-05,-0.000214345184248243,4.15051467442896e-06,0.00210042194900492,-8.8615628555462e-07,-0.00044789464443307,-2.20376221531561e-05,0.00441613079937559
7489.23086742376,-3.07710550232118e-05,-0.000212849089376481,4.09401298303518e-06,0.00208594554885468,-8.74078470579273e-07,-0.00044480797842614,-2.17350650207599e-05,0.00438571583227134
7541.16979501382,-3.03494912446393e-05,-0.0002113637043267,4.03827401461353e-06,0.00207156905763523,-8.62164090970119e-07,-0.000441742609205324,-2.14366622621516e-05,0.00435551033195253
7593.46892677528,-2.99336915314542e-05,-0.00020988894704674,3.98328764961475e-06,0.00205729178305989,-8.5041096738634e-07,-0.000438698389320664,-2.11423568197394e-05,0.0043255128560047
7646.13076077758,-2.95235773805777e-05,-0.000208424736218502,3.92904389788414e-06,0.00204311303769505,-8.38816948660675e-07,-0.000435675172353445,-2.08520924199694e-05,0.00429572197194237
7699.15781241454,-2.91190713496744e-05,-0.000206970991249468,3.87553289714334e-06,0.00202903213892508,-8.27379911459932e-07,-0.000432672812908775,-2.05658135625428e-05,0.0042661362571408
7752.55261452471,-2.87200970430479e-05,-0.000205527632264347,3.82274491148586e-06,0.00201504840891737,-8.16097759948823e-07,-0.000429691166608223,-2.02834655097793e-05,0.00423675429876812
7806.31771751215,-2.83265790977195e-05,-0.000204094580096841,3.7706703298866e-06,0.00200116117458779,-8.04968425457233e-07,-0.000426730090082513,-2.00049942761291e-05,0.00420757469371811
7860.45568946846,-2.79384431696848e-05,-0.000202671756281537,3.7192996647251e-06,0.00198736976756635,-7.93989866150788e-07,-0.00042378944096427,-1.97303466178277e-05,0.00417859604854318
7914.96911629522,-2.75556159203478e-05,-0.000201259083045926,3.6686235503228e-06,0.00197367352416314,-7.83160066704834e-07,-0.000420869077880832,-1.94594700226943e-05,0.00414981697938807
7969.86060182773,-2.71780250031296e-05,-0.000199856483302529,3.61863274149395e-06,0.00196007178533455,-7.72477037981679e-07,-0.000417968860447107,-1.91923127000704e-05,0.0041212361119238
8025.13276795918,-2.68055990502503e-05,-0.000198463880641147,3.56931811211052e-06,0.00194656389664973,-7.61938816711216e-07,-0.000415088649258492,-1.89288235708975e-05,0.00409285208128225
8080.78825476607,-2.64382676596801e-05,-0.000197081199321227,3.52067065368071e-06,0.00193314920825733,-7.51543465174796e-07,-0.000412228305883844,-1.86689522579301e-05,0.00406466353199099
8136.82972063413,-2.60759613822616e-05,-0.000195708364264334,3.47268147394143e-06,0.0019198270748525,-7.41289070892431e-07,-0.000409387692858504,-1.84126490760855e-05,0.00403666911790879
8193.25984238548,-2.57186117089958e-05,-0.000194345301046738,3.42534179546419e-06,0.00190659685564414,-7.31173746313212e-07,-0.000406566673677375,-1.81598650229249e-05,0.00400886750216131
8250.08131540631,-2.53661510584949e-05,-0.000192991935892112,3.37864295427507e-06,0.0018934579143224,-7.21195628509044e-07,-0.000403765112788056,-1.79105517692667e-05,0.00398125735707749
8307.29685377578,-2.50185127645962e-05,-0.000191648195664329,3.33257639848793e-06,0.00188040961902644,-7.11352878871547e-07,-0.000400982875584022,-1.76646616499281e-05,0.00395383736412618
8364.90919039556,-2.46756310641379e-05,-0.000190314007860373,3.28713368695157e-06,0.00186745134231243,-7.01643682812228e-07,-0.000398219828397864,-1.74221476545956e-05,0.00392660621385329
8422.92107712043,-2.43374410848917e-05,-0.000188989300603344,3.24230648791013e-06,0.00185458246112184,-6.92066249465808e-07,-0.000395475838494575,-1.71829634188192e-05,0.00389956260581939
8481.33528488963,-2.40038788336547e-05,-0.000187674002635572,3.19808657767729e-06,0.00184180235674989,-6.82618811396769e-07,-0.000392750774064889,-1.69470632151333e-05,0.00387270524853768
8540.15460385936,-2.36748811844934e-05,-0.000186368043311827,3.15446583932365e-06,0.00182911041481432,-6.73299624309001e-07,-0.000390044504218668,-1.6714401944297e-05,0.00384603285941241
8599.38184353586,-2.3350385867143e-05,-0.000185071352592626,3.11143626137766e-06,0.0018165060252244,-6.6410696675865e-07,-0.00038735689897835,-1.64849351266575e-05,0.00381954416467775
8659.01983290984,-2.30303314555554e-05,-0.000183783861037637,3.06898993653985e-06,0.00180398858215009,-6.55039139870035e-07,-0.000384687829272427,-1.62586188936307e-05,0.00379323789933702
8719.07142059136,-2.2714657356599e-05,-0.00018250549979918,3.02711906041027e-06,0.00179155748399156,-6.46094467054696e-07,-0.000382037166928994,-1.60354099793005e-05,0.00376711280710243
8779.53947494611,-2.24033037989033e-05,-0.000181236200615815,2.98581593022923e-06,0.00177921213334885,-6.37271293733492e-07,-0.000379404784669329,-1.58152657121322e-05,0.00374116764033508
8840.42688423224,-2.20962118218513e-05,-0.000179975895806028,2.94507294363111e-06,0.00176695193699182,-6.28567987061774e-07,-0.000376790556101539,-1.55981440068015e-05,0.00371540115998558
8901.73655673848,-2.17933232647136e-05,-0.000178724518262,2.90488259741123e-06,0.00175477630583027,-6.19982935657577e-07,-0.000374194355714234,-1.53840033561351e-05,0.00368981213553485
8963.47142092288,-2.14945807559263e-05,-0.00017748200144347,2.86523748630579e-06,0.00174268465488439,-6.11514549332842e-07,-0.000371616058870267,-1.51728028231627e-05,0.00366439934493555
9025.63442555289,-2.11999277025079e-05,-0.00017624827937168,2.82613030178468e-06,0.0017306764032553,-6.03161258827602e-07,-0.000369055541800509,-1.49645020332779e-05,0.00363916157455372
9088.228539846,-2.09093082796152e-05,-0.000175023286623408,2.78755383085717e-06,0.00171875097409592,-5.94921515547167e-07,-0.000366512681597682,-1.47590611665078e-05,0.00361409761911093
9151.25675361174,-2.06226674202357e-05,-0.000173806958325083,2.74950095489033e-06,0.00170690779458203,-5.86793791302222e-07,-0.00036398735621022,-1.45564409498882e-05,0.00358920628162681
9214.72207739435,-2.03399508050158e-05,-0.000172599230146983,2.71196464844025e-06,0.00169514629588355,-5.78776578051882e-07,-0.000361479444436203,-1.43566026499443e-05,0.00356448637336195
9278.6275426167,-2.00611048522211e-05,-0.000171400038297513,2.67493797809575e-06,0.00168346591313603,-5.70868387649614e-07,-0.000358988825917307,-1.41595080652748e-05,0.00353993671376122
9342.97620172496,-1.97860767078297e-05,-0.000170209319517566,2.63841410133472e-06,0.00167186608541234,-5.63067751592064e-07,-0.000356515381132828,-1.3965119519238e-05,0.00351555613039744
9407.77112833456,-1.95148142357548e-05,-0.000169027011074953,2.60238626539289e-06,0.00166034625569465,-5.55373220770717e-07,-0.000354058991393722,-1.37733998527383e-05,0.00349134345891547
9473.0154173768,-1.92472660081962e-05,-0.000167853050758923,2.56684780614503e-06,0.00164890587084653,-5.47783365226409e-07,-0.000351619538836718,-1.35843124171128e-05,0.00346729754297673
9538.71218524687,-1.89833812961182e-05,-0.000166687376874746,2.53179214699828e-06,0.00163754438158531,-5.40296773906626e-07,-0.000349196906418454,-1.33978210671147e-05,0.00344341723420393
9604.86456995261,-1.8723110059853e-05,-0.000165529928238375,2.49721279779783e-06,0.00162626124245464,-5.32912054425599e-07,-0.000346790977909663,-1.32138901539943e-05,0.00341970139212641
9671.47573126437,-1.84664029398283e-05,-0.000164380644171189,2.46310335374475e-06,0.00161505591179726,-5.25627832827168e-07,-0.00034440163788941,-1.30324845186746e-05,0.00339614888412568
9738.54885086602,-1.82132112474159e-05,-0.00016323946449479,2.42945749432564e-06,0.00160392785172797,-5.18442753350361e-07,-0.00034202877173936,-1.28535694850207e-05,0.00337275858538141
9806.08713250685,-1.79634869559022e-05,-0.000162106329525886,2.39626898225448e-06,0.00159287652810683,-5.1135547819771e-07,-0.000339672265638098,-1.26771108532026e-05,0.00334952937881778
9874.09380215466,-1.77171826915763e-05,-0.000160981180071238,2.36353166242608e-06,0.00158190141051247,-5.04364687306242e-07,-0.000337332006555483,-1.25030748931485e-05,0.00332646015505017
9942.57210814976,-1.74742517249373e-05,-0.000159863957422673,2.33123946088156e-06,0.00157100197221576,-4.97469078121153e-07,-0.000335007882247055,-1.23314283380886e-05,0.00330354981233228
10011.5253213603,-1.72346479620162e-05,-0.000158754603352167,2.29938638378518e-06,0.00156017769015351,-4.90667365372096e-07,-0.00033269978124847,-1.21621383781874e-05,0.00328079725650353
10080.9567353381,-1.69983259358137e-05,-0.000157653060106993,2.26796651641308e-06,0.00154942804490249,-4.83958280852126e-07,-0.000330407592869991,-1.19951726542647e-05,0.00325820140093691
10150.8696664767,-1.67652407978501e-05,-0.000156559270404933,2.23697402215324e-06,0.00153875252065358,-4.77340573199209e-07,-0.000328131207191006,-1.18304992516008e-05,0.0032357611664871
10221.267454169,-1.65353483098277e-05,-0.000155473177429553,2.20640314151697e-06,0.00152815060518611,-4.70813007680324e-07,-0.000325870515054595,-1.16680866938297e-05,0.00321347548143901
10292.1534609671,-1.63086048354029e-05,-0.000154394724825547,2.17624819116169e-06,0.00151762178984247,-4.64374365978093e-07,-0.000323625408062136,-1.15079039369139e-05,0.00319134328145664
10363.5310727429,-1.60849673320678e-05,-0.000153323856694131,2.14650356292486e-06,0.00150716556950281,-4.58023445979961e-07,-0.000321395778567952,-1.13499203632036e-05,0.00316936350953233
10435.4036988501,-1.58643933431391e-05,-0.000152260517588507,2.11716372286905e-06,0.00149678144255997,-4.51759061569852e-07,-0.000319181519673987,-1.11941057755768e-05,0.0031475351159363
10507.7747722864,-1.56468409898528e-05,-0.000151204652509387,2.08822321033808e-06,0.00148646891089461,-4.45580042422314e-07,-0.000316982525224541,-1.1040430391661e-05,0.00312585705816659
10580.647749858,-1.54322689635641e-05,-0.000150156206900566,2.05967663702397e-06,0.00147622747985054,-4.39485233799117e-07,-0.000314798689801026,-1.08888648381327e-05,0.0031043283008993
10654.0261123446,-1.5220636518051e-05,-0.000149115126644564,2.03151868604483e-06,0.00146605665821015,-4.33473496348282e-07,-0.000312629908716768,-1.07393801450974e-05,0.00308294781593923
10727.9133646656,-1.50119034619193e-05,-0.000148081358058316,2.00374411103337e-06,0.00145595595817013,-4.27543705905503e-07,-0.000310476078011849,-1.05919477405452e-05,0.00306171458217078
10802.3130360475,-1.48060301511092e-05,-0.000147054847888926,1.97634773523621e-06,0.00144592489531731,-4.21694753297977e-07,-0.000308337094447982,-1.04465394448835e-05,0.00304062758550928
10877.2286801926,-1.46029774815005e-05,-0.000146035543309466,1.94932445062355e-06,0.00143596298860467,-4.15925544150566e-07,-0.000306212855503426,-1.03031274655448e-05,0.00301968581885254
10952.6638754485,-1.44027068816175e-05,-0.000145023391914839,1.92266921700939e-06,0.00142606976032757,-4.10234998694314e-07,-0.000304103259367943,-1.01616843916685e-05,0.00299888828203286
11028.6222249794,-1.42051803054295e-05,-0.000144018341717686,1.89637706118208e-06,0.00141624473610011,-4.04622051577262e-07,-0.000302008204937782,-1.0022183188856e-05,0.00297823398176928
11105.1073569377,-1.40103602252477e-05,-0.000143020341144354,1.87044307604516e-06,0.00140648744483174,-3.99085651677575e-07,-0.000299927591810709,-9.88459719399807e-06,0.00295772193162019
11182.1229246378,-1.38182096247167e-05,-0.000142029339030905,1.84486241976827e-06,0.0013967974187039,-3.93624761918903e-07,-0.000297861320281067,-9.74890011017256e-06,0.00293735115193625
11259.6726067303,-1.3628691991899e-05,-0.000141045284619189,1.81963031494825e-06,0.00138717419314704,-3.88238359088018e-07,-0.000295809291334879,-9.61506600161368e-06,0.00291712066981365
11337.7601073777,-1.34417713124518e-05,-0.000140068127552953,1.79474204778006e-06,0.00137761730681759,-3.82925433654643e-07,-0.000293771406644978,-9.48306928874909e-06,0.00289702951904771
11416.3891564316,-1.3257412062895e-05,-0.000139097817874008,1.77019296723775e-06,0.00136812630157527,-3.77684989593506e-07,-0.000291747568566182,-9.35288474330623e-06,0.00287707674008675
11495.5635096105,-1.30755792039681e-05,-0.000138134306018439,1.74597848426503e-06,0.00135870072246047,-3.72516044208541e-07,-0.000289737680130496,-9.2244874834852e-06,0.00285726137998628
11575.2869486794,-1.28962381740766e-05,-0.000137177542812871,1.7220940709757e-06,0.00134934011767184,-3.67417627959269e-07,-0.000287741645042355,-9.09785296919875e-06,0.00283758249236359
11655.5632816306,-1.27193548828254e-05,-0.000136227479470764,1.69853525986353e-06,0.00134004403854401,-3.62388784289281e-07,-0.000285759367673898,-8.97295699737699e-06,0.00281803913735251
11736.3963428651,-1.25448957046384e-05,-0.000135284067588777,1.67529764302169e-06,0.00133081203952555,-3.57428569456857e-07,-0.000283790753060278,-8.84977569733734e-06,0.00279863038155865
11817.7899933763,-1.23728274724637e-05,-0.000134347259143157,1.65237687137164e-06,0.00132164367815697,-3.52536052367643e-07,-0.000281835706895006,-8.72828552621756e-06,0.00277935529801477
11899.7481209338,-1.22031174715627e-05,-0.000133417006486184,1.62976865390124e-06,0.00131253851504901,-3.47710314409412e-07,-0.000279894135525332,-8.60846326447215e-06,0.00276021296613661
11982.2746402699,-1.20357334333817e-05,-0.000132493262342657,1.6074687569121e-06,0.00130349611386096,-3.42950449288855e-07,-0.000277965945947649,-8.49028601143006e-06,0.00274120247167889
12065.3734932659,-1.18706435295065e-05,-0.000131575979806422,1.58547300327611e-06,0.00129451604127928,-3.38255562870397e-07,-0.000276051045802948,-8.3737311809141e-06,0.00272232290669176
12149.0486491407,-1.17078163656966e-05,-0.000130665112336939,1.56377727170093e-06,0.00128559786699626,-3.33624773017002e-07,-0.000274149343372285,-8.25877649692001e-06,0.0027035733694774
12233.3041046402,-1.15472209760003e-05,-0.000129760613755903,1.54237749600448e-06,0.00127674116368889,-3.29057209432968e-07,-0.000272260747572302,-8.14539998935548e-06,0.00268495296454705
12318.1438842285,-1.13888268169477e-05,-0.000128862438243887,1.52126966439817e-06,0.00126794550699787,-3.24552013508659e-07,-0.000270385167950761,-8.03357998983722e-06,0.00266646080257819
12403.5720402798,-1.12326037618222e-05,-0.000127970540337045,1.5004498187791e-06,0.0012592104755068,-3.20108338167191e-07,-0.000268522514682129,-7.92329512754634e-06,0.0026480960003722
12489.5926532723,-1.10785220950081e-05,-0.000127084874923841,1.47991405403065e-06,0.00125053565072146,-3.15725347713005e-07,-0.000266672698563176,-7.81452432514019e-06,0.00262985768081212
12576.2098319827,-1.09265525064142e-05,-0.000126205397241822,1.45965851733187e-06,0.00124192061704931,-3.1140221768236e-07,-0.000264835631008623,-7.70724679472094e-06,0.00261174497282083
12663.427713683,-1.07766660859719e-05,-0.00012533206287443,1.43967940747524e-06,0.00123336496177911,-3.07138134695664e-07,-0.000263011224046808,-7.60144203385904e-06,0.00259375701131947
12751.2504643373,-1.06288343182077e-05,-0.000124464827747855,1.41997297419285e-06,0.00122486827506067,-3.02932296311688e-07,-0.000261199390315389,-7.49708982167187e-06,0.00257589293718617
12839.6822788018,-1.04830290768878e-05,-0.000123603648127914,1.40053551749091e-06,0.00121643014988478,-2.98783910883577e-07,-0.00025940004305708,-7.39417021495582e-06,0.00255815189721499
12928.7273810244,-1.03392226197345e-05,-0.000122748480616981,1.38136338699245e-06,0.00120805018206327,-2.94692197416695e-07,-0.00025761309611541,-7.29266354437198e-06,0.00254053304407528
13018.3900242466,-1.01973875832143e-05,-0.000121899282150943,1.36245298128816e-06,0.00119972797020921,-2.90656385428243e-07,-0.000255838463930525,-7.19255041068384e-06,0.00252303553627116
13108.6744912069,-1.0057496977395e-05,-0.000121056009996199,1.34380074729527e-06,0.00119146311571728,-2.86675714808651e-07,-0.000254076061535006,-7.09381168104714e-06,0.00250565853810141
13199.5850943454,-9.91952418087259e-06,-0.000120218621746686,1.3254031796244e-06,0.00118325522274422,-2.82749435684714e-07,-0.000252325804549728,-6.99642848535029e-06,0.00248840121961955
13291.1261760091,-9.7834429357659e-06,-0.000119387075320949,1.30725681995426e-06,0.00117510389818951,-2.78876808284464e-07,-0.000250587609179746,-6.90038221260551e-06,0.00247126275659425
13383.3021086605,-9.64922734277849e-06,-0.000118561328959234,1.28935825641414e-06,0.00116700875167613,-2.7505710280374e-07,-0.000248861392210207,-6.80565450738921e-06,0.00245424233046996
13476.1172950852,-9.51685185632709e-06,-0.000117741341220628,1.27170412297412e-06,0.00115896939553146,-2.71289599274457e-07,-0.000247147071002293,-6.71222726633152e-06,0.00243733912832787
13569.576168603,-9.38629127973558e-06,-0.000116927070980217,1.25429109884289e-06,0.00115098544476835,-2.67573587434541e-07,-0.0002454445634892,-6.62008263465407e-06,0.00242055234284709
13663.6831932795,-9.25752076049319e-06,-0.00011611847742629,1.237115907873e-06,0.00114305651706629,-2.63908366599508e-07,-0.000243753788172134,-6.5292030027552e-06,0.00240388117226611
13758.4428641392,-9.13051578557708e-06,-0.000115315520057569,1.22017531797377e-06,0.00113518223275278,-2.60293245535691e-07,-0.000242074664116347,-6.43957100284232e-06,0.00238732482034455
13853.8597073802,-9.00525217683727e-06,-0.000114518158680466,1.20346614053135e-06,0.00112736221478471,-2.56727542335058e-07,-0.000240407110947189,-6.3511695056103e-06,0.00237088249632515
13949.9382805904,-8.88170608644423e-06,-0.000113726353406383,1.18698522983617e-06,0.00111959608873004,-2.5321058429165e-07,-0.000238751048846206,-6.26398161696586e-06,0.002354553414896
14046.6831729655,-8.75985399239722e-06,-0.000112940064649027,1.17072948251759e-06,0.00111188348274946,-2.49741707779564e-07,-0.000237106398547247,-6.17799067479652e-06,0.00233833679615306
14144.0990055278,-8.63967269409369e-06,-0.000112159253121774,1.15469583698564e-06,0.0011042240275783,-2.46320258132528e-07,-0.000235473081332613,-6.0931802457845e-06,0.00232223186556298
14242.190431347,-8.52113930795774e-06,-0.000111383879835043,1.13888127287979e-06,0.00109661735650848,-2.42945589524979e-07,-0.000233851019029225,-6.00953412226384e-06,0.00230623785392604
14340.9621357626,-8.40423126312812e-06,-0.000110613906093716,1.12328281052475e-06,0.00108906310537066,-2.39617064854697e-07,-0.000232240134004822,-5.92703631912127e-06,0.00229035399733953
14440.4188366077,-8.28892629720378e-06,-0.000109849293494574,1.10789751039302e-06,0.00108156091251644,-2.36334055626911e-07,-0.000230640349164192,-5.84567107073913e-06,0.0022745795371612
14540.5652844341,-8.17520245204722e-06,-0.000109090003923772,1.09272247257441e-06,0.00107411041880081,-2.33095941839915e-07,-0.00022905158794542,-5.76542282798084e-06,0.00225891371997309
14641.4062627396,-8.06303806964406e-06,-0.000108335999554334,1.07775483625213e-06,0.00106671126756458,-2.29902111872136e-07,-0.000227473774316168,-5.68627625521728e-06,0.00224335579754556
14742.946588196,-7.95241178801881e-06,-0.00010758724284368,1.06299177918563e-06,0.00105936310461704,-2.2675196237066e-07,-0.000225906832769984,-5.6082162273945e-06,0.00222790502680157
14845.1911108798,-7.84330253720536e-06,-0.000106843696531179,1.04843051719994e-06,0.00105206557821873,-2.23644898141191e-07,-0.000224350688322632,-5.53122782714133e-06,0.0022125606697812
14948.1447145032,-7.73568953527229e-06,-0.000106105323635729,1.0340683036816e-06,0.00104481833906427,-2.20580332039426e-07,-0.000222805266508452,-5.45529634191707e-06,0.00219732199360644
15051.8123166476,-7.62955228440131e-06,-0.00010537208745336,1.01990242908087e-06,0.00103762104026541,-2.17557684863823e-07,-0.000221270493376744,-5.3804072611981e-06,0.00218218827044615
15156.1988689989,-7.52487056701918e-06,-0.000104643951554874,1.00593022042042e-06,0.00103047333733411,-2.14576385249765e-07,-0.000219746295488182,-5.3065462737034e-06,0.00216715877748141
15261.3093575835,-7.42162444198137e-06,-0.000103920879783494,9.92149040810208e-07,0.00102337488816581,-2.11635869565076e-07,-0.000218232599911242,-5.23369926465793e-06,0.00215223279687091
15367.1488030065,-7.31979424080774e-06,-0.000103202836252553,9.78556288968602e-07,0.00101632535302277,-2.08735581806901e-07,-0.000216729334218674,-5.16185231309393e-06,0.00213740961571676
15473.7222606918,-7.21936056396858e-06,-0.000102489785343202,9.65149398749587e-07,0.00100932439451758,-2.05874973499901e-07,-0.000215236426483981,-5.09099168918892e-06,0.00212268852603041
15581.0348211234,-7.12030427722134e-06,-0.000101781691702139,9.51925838676072e-07,0.00100237167759672,-2.03053503595789e-07,-0.000213753805277934,-5.02110385164072e-06,0.00210806882469888
15689.0916100885,-7.02260650799639e-06,-0.00010107852023937,9.38883111479127e-07,0.000995466869524321,-2.00270638374145e-07,-0.000212281399665107,-4.95217544507807e-06,0.00209354981345117
15797.8977889225,-6.92624864183213e-06,-0.000100380236125989,9.26018753643187e-07,0.000988609639865968,-1.97525851344532e-07,-0.000210819139200443,-4.88419329750731e-06,0.00207913079882492
15907.4585547554,-6.83121231885779e-06,-9.96868047919818e-05,9.13330334957041e-07,0.000981799660472652,-1.94818623149875e-07,-0.000209366953925831,-4.81714441779364e-06,0.00206481109213335
16017.7791407599,-6.73747943032431e-06,-9.89981919240536e-05,9.00815458070659e-07,0.000975036605464848,-1.921484414711e-07,-0.000207924774366725,-4.75101599317753e-06,0.00205059000943232
16128.8648164017,-6.64503211518166e-06,-9.83143634634806e-05,8.88471758057644e-07,0.000968320151216673,-1.89514800933004e-07,-0.000206492531528772,-4.68579538682469e-06,0.00203646687148771
16240.720887691,-6.55385275670293e-06,-9.76352856039838e-05,8.76296901983407e-07,0.000961649976340197,-1.86917203011359e-07,-0.000205070156894473,-4.62147013541026e-06,0.002022441003743
16353.352697436,-6.46392397915368e-06,-9.69609247896226e-05,8.64288588478818e-07,0.000955025761669825,-1.8435515594122e-07,-0.000203657582419863,-4.55802794673566e-06,0.00200851173628705
16466.765625498,-6.37522864450678e-06,-9.62912477127145e-05,8.52444547319463e-07,0.000948447190246826,-1.81828174626428e-07,-0.000202254740531218,-4.49545669737867e-06,0.00199467840382212
16580.9650890484,-6.28774984920132e-06,-9.56262213117727e-05,8.40762539010228e-07,0.000941913947303945,-1.79335780550295e-07,-0.000200861564121783,-4.4337444303754e-06,0.00198094034563209
16695.9565428276,-6.2014709209458e-06,-9.49658127694677e-05,8.29240354375347e-07,0.000935425720250145,-1.76877501687452e-07,-0.000199477986548521,-4.37287935293437e-06,0.00196729690555094
16811.7454794054,-6.11637541556424e-06,-9.4309989510608e-05,8.1787581415369e-07,0.000928982198655443,-1.74452872416848e-07,-0.000198103941628894,-4.31284983418187e-06,0.00195374743193144
16928.3374294433,-6.03244711388539e-06,-9.36587192001439e-05,8.06666768599337e-07,0.000922583074235864,-1.72061433435892e-07,-0.000196739363637654,-4.25364440293835e-06,0.00194029127761397
17045.737961959,-5.94967001867372e-06,-9.30119697411888e-05,7.95611097087298e-07,0.000916228040838493,-1.69702731675706e-07,-0.000195384187303669,-4.19525174552529e-06,0.00192692779989569
17163.9526845917,-5.8680283516023e-06,-9.2369709273064e-05,7.84706707724373e-07,0.000909916794426646,-1.673763202175e-07,-0.000194038347806761,-4.13766070360234e-06,0.00191365636049983
17282.9872438709,-5.7875065502665e-06,-9.173190616936e-05,7.73951536965047e-07,0.000903649033065125,-1.65081758210032e-07,-0.000192701780774574,-4.08086027203396e-06,0.00190047632554519
17402.8473254854,-5.70808926523834e-06,-9.10985290360212e-05,7.63343549232395e-07,0.000897424456905609,-1.62818610788155e-07,-0.000191374422279464,-4.02483959678562e-06,0.00188738706551594
17523.5386545551,-5.62976135716055e-06,-9.04695467094464e-05,7.52880736543895e-07,0.000891242768172112,-1.60586448992433e-07,-0.000190056208835401,-3.96958797284867e-06,0.00187438795523147
17645.0669959044,-5.55250789388038e-06,-8.98449282546116e-05,7.42561118142142e-07,0.000885103671146582,-1.58384849689805e-07,-0.000188747077394908,-3.91509484219391e-06,0.00186147837381666
17767.4381543379,-5.47631414762185e-06,-8.92246429632089e-05,7.32382740130336e-07,0.000879006872154566,-1.56213395495301e-07,-0.00018744696534601,-3.86134979175311e-06,0.0018486577046721
17890.6579749169,-5.40116559219681e-06,-8.86086603518065e-05,7.22343675112561e-07,0.000872952079551007,-1.54071674694775e-07,-0.000186155810509208,-3.80834255142839e-06,0.00183592533544477
18014.7323432395,-5.32704790025343e-06,-8.79969501600251e-05,7.12442021838723e-07,0.00086693900370612,-1.51959281168667e-07,-0.000184873551134478,-3.75606299212885e-06,0.00182328065799873
18139.667185721,-5.25394694056239e-06,-8.73894823487344e-05,7.02675904854156e-07,0.000860967356991386,-1.49875814316753e-07,-0.000183600125898286,-3.70450112383427e-06,0.00181072306838611
18265.4684698776,-5.18184877533955e-06,-8.67862270982651e-05,6.93043474153772e-07,0.000855036853765623,-1.47820878983899e-07,-0.000182335473900624,-3.65364709368527e-06,0.00179825196681826
18392.1422046107,-5.1107396576053e-06,-8.61871548066414e-05,6.83542904840771e-07,0.000849147210361184,-1.45794085386788e-07,-0.000181079534662074,-3.6034911840999e-06,0.00178586675763715
18519.6944404947,-5.04060602857947e-06,-8.5592236087828e-05,6.74172396789779e-07,0.000843298145070224,-1.43795049041606e-07,-0.000179832248120885,-3.55402381091585e-06,0.00177356684928686
18648.1312700654,-4.97143451511186e-06,-8.50014417699973e-05,6.64930174314434e-07,0.000837489378131086,-1.41823390692697e-07,-0.000178593554630073,-3.50523552155848e-06,0.0017613516542854
18777.4588281112,-4.90321192714744e-06,-8.44147428938111e-05,6.55814485839297e-07,0.000831720631714773,-1.39878736242143e-07,-0.000177363394954542,-3.45711699323371e-06,0.00174922058919663
18907.6832919665,-4.8359252552261e-06,-8.38321107107201e-05,6.46823603576078e-07,0.000825991629911513,-1.37960716680281e-07,-0.000176141710268227,-3.40965903114595e-06,0.00173717307460239
19038.810881806,-4.76956166801645e-06,-8.32535166812807e-05,6.37955823204128e-07,0.000820302098717432,-1.36068968017146e-07,-0.000174928442151252,-3.36285256674049e-06,0.00172520853507487
19170.8478609426,-4.70410850988288e-06,-8.26789324734865e-05,6.29209463555082e-07,0.000814651766021304,-1.34203131214802e-07,-0.000173723532587113,-3.31668865596986e-06,0.0017133263991491
19303.8005361258,-4.63955329848592e-06,-8.21083299611177e-05,6.20582866301693e-07,0.000809040361591412,-1.32362852120586e-07,-0.000172526923959883,-3.27115847758426e-06,0.0017015260992957
19437.6752578439,-4.57588372241507e-06,-8.15416812221045e-05,6.12074395650723e-07,0.000803467617062483,-1.30547781401222e-07,-0.000171338559051424,-3.2262533314452e-06,0.00168980707189371
19572.4784206263,-4.51308763885388e-06,-8.09789585369087e-05,6.03682438039901e-07,0.000797933265922737,-1.28757574477818e-07,-0.000170158381038634,-3.18196463686257e-06,0.00167816875720377
19708.2164633496,-4.45115307127667e-06,-8.04201343869177e-05,5.95405401838839e-07,0.000792437043501002,-1.26991891461711e-07,-0.000168986333490707,-3.13828393095434e-06,0.00166661059934132
19844.8958695448,-4.39006820717677e-06,-7.98651814528575e-05,5.87241717053921e-07,0.000786978686953951,-1.25250397091181e-07,-0.000167822360366408,-3.09520286702894e-06,0.00165513204625012
19982.5231677076,-4.32982139582533e-06,-7.93140726132168e-05,5.79189835037048e-07,0.000781557935253392,-1.2353276066898e-07,-0.000166666406011374,-3.0527132129897e-06,0.00164373254967581
20121.1049316092,-4.27040114606098e-06,-7.87667809426902e-05,5.71248228198263e-07,0.000776174529173685,-1.21838656000714e-07,-0.00016551841515543,-3.01080684976144e-06,0.00163241156513981
20260.6477806113,-4.21179612410918e-06,-7.82232797106324e-05,5.63415389722117e-07,0.000770828211279216,-1.20167761334028e-07,-0.000164378332909925,-2.96947576973837e-06,0.00162116855191327
20401.1583799816,-4.15399515143163e-06,-7.76835423795301e-05,5.55689833287843e-07,0.000765518725911987,-1.18519759298598e-07,-0.00016324610476509,-2.92871207525362e-06,0.00161000297299126
20542.6434412127,-4.09698720260448e-06,-7.71475426034855e-05,5.48070092793153e-07,0.000760245819179264,-1.16894336846932e-07,-0.000162121676587405,-2.88850797706953e-06,0.00159891429506715
20685.1097223421,-4.04076140322591e-06,-7.66152542267166e-05,5.40554722081762e-07,0.000755009238941343,-1.15291185195945e-07,-0.000161004994616996,-2.84885579288888e-06,0.00158790198850712
20828.5640282755,-3.98530702785171e-06,-7.60866512820697e-05,5.33142294674447e-07,0.000749808734799372,-1.13709999769317e-07,-0.000159896005465043,-2.80974794588635e-06,0.00157696552732487
20973.0132111114,-3.93061349795934e-06,-7.55617079895468e-05,5.25831403503719e-07,0.000744644058083289,-1.12150480140621e-07,-0.000158794656111209,-2.77117696326045e-06,0.00156610438915654
21118.464170469,-3.8766703799394e-06,-7.50403987548457e-05,5.18620660651964e-07,0.000739514961839816,-1.10612329977198e-07,-0.000157700893901085,-2.73313547480498e-06,0.00155531805523569
21264.923853817,-3.82346738311473e-06,-7.45226981679152e-05,5.11508697093093e-07,0.000734421200820557,-1.09095256984791e-07,-0.000156614666543656,-2.69561621150047e-06,0.00154460601036861
21412.3992568061,-3.77099435778613e-06,-7.40085810015216e-05,5.0449416243757e-07,0.000729362531470174,-1.07598972852906e-07,-0.00015553592210878,-2.65861200412462e-06,0.00153396774290968
21560.8974236026,-3.71924129330513e-06,-7.34980222098309e-05,4.97575724680876e-07,0.000724338711914644,-1.06123193200915e-07,-0.000154464609024693,-2.62211578188216e-06,0.00152340274473694
21710.4254472254,-3.6681983161725e-06,-7.29909969270014e-05,4.90752069955248e-07,0.000719349501949599,-1.04667637524856e-07,-0.000153400676075519,-2.58612057105324e-06,0.00151291051122781
21860.9904698845,-3.61785568816314e-06,-7.24874804657913e-05,4.84021902284775e-07,0.000714394663028752,-1.03232029144966e-07,-0.000152344072398811,-2.55061949366059e-06,0.00150249054123504
22012.599683322,-3.56820380447614e-06,-7.19874483161777e-05,4.77383943343687e-07,0.000709473958252398,-1.018160951539e-07,-0.000151294747483098,-2.51560576615482e-06,0.00149214233706272
22165.260329156,-3.51923319191026e-06,-7.14908761439896e-05,4.70836932217908e-07,0.000704587152356005,-1.00419566365643e-07,-0.00015025265116546,-2.48107269811797e-06,0.00148186540444258
22318.9796992262,-3.47093450706415e-06,-7.0997739789551e-05,4.64379625169737e-07,0.000699734011698867,-9.90421772651091e-08,-0.000149217733629104,-2.44701369098463e-06,0.00147165925251031
22473.7651359423,-3.42329853456119e-06,-7.05080152663393e-05,4.5801079540569e-07,0.000694914304252868,-9.76836659584102e-08,-0.000148189945400979,-2.41342223678089e-06,0.00146152339378219
22629.6240326348,-3.37631618529836e-06,-7.00216787596529e-05,4.51729232847395e-07,0.000690127799591283,-9.63437741237872e-08,-0.000147169237349386,-2.38029191688031e-06,0.00145145734413178
22786.5638339077,-3.32997849471921e-06,-6.95387066252936e-05,4.45533743905581e-07,0.000685374268877702,-9.50222469632048e-08,-0.000146155560681619,-2.34761640077727e-06,0.00144146062276678
22944.592035995,-3.28427662111012e-06,-6.90590753882579e-05,4.39423151257034e-07,0.000680653484854992,-9.37188331545852e-08,-0.000145148866941618,-2.31538944487694e-06,0.00143153275220612
23103.7161871177,-3.23920184391997e-06,-6.85827617414431e-05,4.33396293624554e-07,0.000675965221834368,-9.24332848046871e-08,-0.000144149108007635,-2.28360489130203e-06,0.00142167325825712
23263.9438878451,-3.19474556210258e-06,-6.81097425443621e-05,4.27452025559823e-07,0.000671309255684515,-9.11653574026117e-08,-0.000143156236089923,-2.25225666671577e-06,0.00141188166999286
23425.2827914574,-3.1508992924819e-06,-6.7639994821872e-05,4.2158921722919e-07,0.000666685363820812,-8.99148097739342e-08,-0.000142170203728437,-2.22133878116124e-06,0.00140215751972968
23587.7406043117,-3.10765466813928e-06,-6.71734957629124e-05,4.15806754202287e-07,0.000662093325194602,-8.86814040354453e-08,-0.000141190963790551,-2.19084532691643e-06,0.00139250034300487
23751.3250862094,-3.06500343682295e-06,-6.67102227192562e-05,4.10103537243494e-07,0.000657532920282567,-8.7464905550506e-08,-0.000140218469468792,-2.16077047736524e-06,0.00138290967855447
23916.0440507678,-3.02293745937904e-06,-6.62501532042699e-05,4.04478482106163e-07,0.000653003931076152,-8.62650828849929e-08,-0.000139252674278589,-2.13110848588378e-06,0.00137338506829123
24081.9053657923,-2.98144870820408e-06,-6.57932648916864e-05,3.98930519329607e-07,0.000648506141071084,-8.50817077638408e-08,-0.000138293532056041,-2.10185368474216e-06,0.00136392605728279
24248.9169536531,-2.9405292657185e-06,-6.53395356143875e-05,3.93458594038788e-07,0.000644039335256946,-8.39145550281634e-08,-0.000137340996955695,-2.07300048402115e-06,0.00135453219372988
24417.0867916629,-2.90017132286116e-06,-6.48889433631982e-05,3.88061665746699e-07,0.00063960330010684,-8.27634025929537e-08,-0.000136395023448343,-2.04454337054397e-06,0.0013452030289448
24586.4229124585,-2.86036717760413e-06,-6.44414662856897e-05,3.82738708159367e-07,0.000635197823567108,-8.1628031405347e-08,-0.000135455566318835,-2.01647690682247e-06,0.00133593811732997
24756.933404384,-2.821109233488e-06,-6.39970826849954e-05,3.77488708983481e-07,0.00063082269504714,-8.05082254034493e-08,-0.000134522580663907,-1.98879573001804e-06,0.00132673701635665
24928.6264118777,-2.78238999817701e-06,-6.35557710186346e-05,3.72310669736585e-07,0.000626477705409237,-7.94037714757153e-08,-0.000133596021890019,-1.96149455091657e-06,0.00131759928654382
25101.5101358603,-2.74420208203396e-06,-6.31175098973487e-05,3.67203605559821e-07,0.00062216264695856,-7.83144594208738e-08,-0.000132675845711217,-1.9345681529177e-06,0.00130852449143718
25275.5928341276,-2.70653819671454e-06,-6.26822780839458e-05,3.6216654503316e-07,0.000617877313433134,-7.72400819083902e-08,-0.000131762008147004,-1.90801139103772e-06,0.0012995121975883
25450.882821744,-2.6693911537809e-06,-6.22500544921564e-05,3.57198529993136e-07,0.000613621499993944,-7.61804344394629e-08,-0.000130854465520224,-1.88181919092639e-06,0.00129056197453395
25627.3884714405,-2.63275386333401e-06,-6.18208181854981e-05,3.52298615352991e-07,0.000609395003215068,-7.51353153085397e-08,-0.00012995317445497,-1.85598654789708e-06,0.00128167339477551
25805.1182140139,-2.59661933266491e-06,-6.13945483761511e-05,3.47465868925259e-07,0.000605197621073915,-7.41045255653582e-08,-0.000129058091874494,-1.83050852597032e-06,0.00127284603375858
25984.08053873,-2.56098066492411e-06,-6.09712244238423e-05,3.42699371246707e-07,0.000601029152941503,-7.30878689774908e-08,-0.000128169174999143,-1.8053802569305e-06,0.00126407946985267
26164.2839937291,-2.52583105780935e-06,-6.05508258347392e-05,3.37998215405639e-07,0.000596889399572815,-7.20851519933973e-08,-0.000127286381344301,-1.78059693939542e-06,0.00125537328433112
26345.7371864336,-2.49116380227122e-06,-6.01333322603546e-05,3.33361506871511e-07,0.000592778163097233,-7.1096183705974e-08,-0.000126409668718352,-1.75615383789877e-06,0.00124672706135106
26528.4487839603,-2.45697228123641e-06,-5.97187234964583e-05,3.28788363326826e-07,0.000588695247009015,-7.01207758165933e-08,-0.000125538995220651,-1.73204628198505e-06,0.00123814038793354
26712.4275135331,-2.42324996834844e-06,-5.93069794820002e-05,3.24277914501302e-07,0.000584640456157865,-6.91587425996286e-08,-0.000124674319239513,-1.70826966531705e-06,0.00122961285394385
26897.6821629011,-2.38999042672558e-06,-5.88980802980408e-05,3.19829302008249e-07,0.000580613596739544,-6.82099008674547e-08,-0.000123815599450217,-1.68481944479548e-06,0.00122114405207191
27084.2215807571,-2.35718730773573e-06,-5.84920061666925e-05,3.15441679183163e-07,0.000576614476286569,-6.72740699359241e-08,-0.000122962794813021,-1.66169113969082e-06,0.00121273357781283
27272.0546771616,-2.324834349788e-06,-5.80887374500682e-05,3.11114210924467e-07,0.000572642903658958,-6.63510715903037e-08,-0.000122115864571189,-1.63888033078689e-06,0.00120438102944757
27461.1904239671,-2.29292537714087e-06,-5.76882546492401e-05,3.06846073536418e-07,0.000568698689035054,-6.54407300516758e-08,-0.000121274768249039,-1.61638265953643e-06,0.00119608600802376
27651.6378552475,-2.26145429872653e-06,-5.72905384032058e-05,3.02636454574101e-07,0.000564781643902402,-6.45428719437869e-08,-0.000120439465649998,-1.59419382722805e-06,0.00118784811733667
27843.4060677294,-2.2304151069914e-06,-5.68955694878652e-05,2.98484552690526e-07,0.000560891581048701,-6.36573262603491e-08,-0.000119609916854673,-1.57230959416476e-06,0.00117966696391027
28036.5042212264,-2.19980187675236e-06,-5.65033288150034e-05,2.94389577485775e-07,0.000557028314552802,-6.27839243327782e-08,-0.000118786082218934,-1.55072577885372e-06,0.00117154215697845
28230.9415390768,-2.16960876406873e-06,-5.61137974312847e-05,2.90350749358182e-07,0.000553191659775793,-6.19224997983705e-08,-0.000117967922372016,-1.52943825720718e-06,0.00116347330846634
28426.7273085842,-2.13983000512955e-06,-5.57269565172524e-05,2.86367299357507e-07,0.000549381433352119,-6.10728885689067e-08,-0.000117155398214622,-1.50844296175423e-06,0.00115546003297178
28623.8708814609,-2.11045991515617e-06,-5.53427873863394e-05,2.82438469040107e-07,0.000545597453180788,-6.0234928799682e-08,-0.000116348470917055,-1.48773588086362e-06,0.00114750194774694
28822.3816742749,-2.08149288731974e-06,-5.49612714838848e-05,2.7856351032603e-07,0.00054183953841662,-5.94084608589521e-08,-0.00011554710191735,-1.46731305797703e-06,0.00113959867268001
29022.2691688993,-2.0529233916736e-06,-5.45823903861607e-05,2.74741685358065e-07,0.000538107509461573,-5.85933272977947e-08,-0.000114751252919426,-1.44717059085302e-06,0.00113174983027706
29223.5429129655,-2.02474597410009e-06,-5.42061257994051e-05,2.70972266362663e-07,0.000534401187956109,-5.77893728203753e-08,-0.000113960885891245,-1.4273046308212e-06,0.00112395504564401
29426.2125203191,-1.99695525527203e-06,-5.38324595588648e-05,2.67254535512754e-07,0.000530720396770645,-5.69964442546175e-08,-0.000113175963062994,-1.40771138204688e-06,0.00111621394646873
29630.2876714792,-1.96954592962803e-06,-5.34613736278437e-05,2.63587784792397e-07,0.000527064959997041,-5.62143905232674e-08,-0.000112396446925269,-1.38838710080555e-06,0.00110852616300324
29835.7781141006,-1.9425127643622e-06,-5.30928500967618e-05,2.59971315863277e-07,0.000523434702940164,-5.54430626153519e-08,-0.000111622300227275,-1.36932809476754e-06,0.00110089132804609
30042.6936634399,-1.91585059842733e-06,-5.27268711822193e-05,2.56404439932971e-07,0.000519829452109497,-5.46823135580196e-08,-0.000110853485975042,-1.35053072229234e-06,0.00109330907692478
30251.0442028234,-1.88955434155193e-06,-5.23634192260702e-05,2.5288647762503e-07,0.00051624903521082,-5.39319983887671e-08,-0.00011008996742965,-1.33199139173275e-06,0.00108577904747838
30460.8396841202,-1.86361897327057e-06,-5.20024766945024e-05,2.49416758850777e-07,0.000512693281137935,-5.31919741280356e-08,-0.000109331708105467,-1.31370656074844e-06,0.0010783008800402
30672.0901282168,-1.83803954196759e-06,-5.16440261771261e-05,2.45994622682865e-07,0.000509162019964464,-5.24620997521838e-08,-0.000108578671768398,-1.2956727356291e-06,0.00107087421742064
30884.8056254963,-1.81281116393373e-06,-5.12880503860686e-05,2.42619417230524e-07,0.000505655082935683,-5.17422361668216e-08,-0.000107830822434148,-1.27788647062671e-06,0.00106349870489012
31098.9963363199,-1.78792902243589e-06,-5.09345321550775e-05,2.39290499516503e-07,0.000502172302460442,-5.10322461805098e-08,-0.0001070881243665,-1.26034436729713e-06,0.00105617399016213
31314.6724915125,-1.76338836679934e-06,-5.05834544386306e-05,2.36007235355666e-07,0.000498713512103108,-5.03319944788107e-08,-0.000106350542075596,-1.24304307385062e-06,0.00104889972337643
31531.8443928511,-1.73918451150271e-06,-5.02348003110533e-05,2.3276899923524e-07,0.000495278546575595,-4.96413475986953e-08,-0.000105618040316239,-1.22597928451134e-06,0.00104167555708233
31750.5224135575,-1.71531283528522e-06,-4.98885529656424e-05,2.29575174196667e-07,0.000491867241729423,-4.89601739032923e-08,-0.000104890584086202,-1.20914973888563e-06,0.00103450114622205
31970.7169987928,-1.6917687802662e-06,-4.95446957137983e-05,2.26425151719068e-07,0.000488479434547855,-4.82883435569837e-08,-0.000104168138624551,-1.19255122133897e-06,0.00102737614811435
32192.4386661572,-1.66854785107656e-06,-4.92032119841627e-05,2.23318331604267e-07,0.000485114963138068,-4.76257285008334e-08,-0.000103450669409978,-1.17618056038143e-06,0.00102030022243803
32415.6980061919,-1.64564561400226e-06,-4.88640853217645e-05,2.20254121863386e-07,0.000481773666723397,-4.69722024283532e-08,-0.000102738142159147,-1.16003462806169e-06,0.00101327303121578
32640.5056828852,-1.62305769613938e-06,-4.85272993871714e-05,2.17231938604962e-07,0.000478455385635616,-4.6327640761594e-08,-0.000102030522825046,-1.14411033936925e-06,0.001006294238798
32866.8724341813,-1.60077978456087e-06,-4.81928379556496e-05,2.14251205924583e-07,0.000475159961307293,-4.56919206275625e-08,-0.000101327777595365,-1.12840465164492e-06,0.00099936351184676
33094.8090724944,-1.57880762549452e-06,-4.78606849163287e-05,2.11311355796014e-07,0.000471887236264169,-4.5064920834958e-08,-0.000100629872890864,-1.11291456399939e-06,0.000992480519319887
33324.3264852235,-1.55713702351242e-06,-4.75308242713746e-05,2.08411827963805e-07,0.000468637054117624,-4.44465218512238e-08,-9.99367753637728e-05,-1.09763711673977e-06,0.000985644932455171
33555.4356352742,-1.53576384073128e-06,-4.72032401351682e-05,2.05552069837338e-07,0.000465409259557167,-4.38366057799101e-08,-9.92484518961875e-05,-1.082569390804e-06,0.000978856424754639
33788.1475615808,-1.51468399602381e-06,-4.68779167334912e-05,2.02731536386325e-07,0.000462203698342996,-4.32350563383455e-08,-9.85648695984858e-05,-1.06770850720308e-06,0.000972114671968984
34022.4733796346,-1.49389346424089e-06,-4.65548384027172e-05,1.9994969003771e-07,0.000459020217298596,-4.26417588356083e-08,-9.78859958077494e-05,-1.05305162647087e-06,0.000965419352082057
34258.4242820144,-1.47338827544435e-06,-4.6233989589011e-05,1.97206000573971e-07,0.000455858664303406,-4.20566001508003e-08,-9.7211798086201e-05,-1.03859594812152e-06,0.000958770145295507
34496.0115389212,-1.45316451415024e-06,-4.59153548475328e-05,1.94499945032801e-07,0.000452718888285515,-4.14794687116132e-08,-9.65422442196476e-05,-1.0243387101143e-06,0.000952166734013493
34735.2464987164,-1.4332183185825e-06,-4.55989188416491e-05,1.91831007608147e-07,0.000449600739214431,-4.0910254473187e-08,-9.58773022159389e-05,-1.01027718832582e-06,0.000945608802827527
34976.1405884643,-1.4135458799368e-06,-4.52846663421499e-05,1.89198679552588e-07,0.000446504068093879,-4.03488488972541e-08,-9.52169403034333e-05,-9.96408696029464e-07,0.000939096038501398
35218.7053144771,-1.39414344165451e-06,-4.49725822264724e-05,1.86602459081044e-07,0.000443428726954669,-3.97951449315695e-08,-9.45611269294769e-05,-9.82730583381979e-07,0.000932628129956226
35462.9522628655,-1.37500729870651e-06,-4.46626514779297e-05,1.84041851275779e-07,0.000440374568847597,-3.92490369896164e-08,-9.39098307588904e-05,-9.69240236917113e-07,0.00092620476825559
35708.8931000911,-1.35613379688693e-06,-4.43548591849472e-05,1.81516367992703e-07,0.000437341447836405,-3.87104209305913e-08,-9.32630206724697e-05,-9.55935079046232e-07,0.000919825646590787
35956.5395735246,-1.33751933211642e-06,-4.40491905403032e-05,1.79025527768937e-07,0.000434329218990786,-3.81791940396581e-08,-9.26206657654935e-05,-9.42812567565735e-07,0.000913490460266164
36205.9035120061,-1.3191603497551e-06,-4.37456308403771e-05,1.76568855731638e-07,0.000431337738379442,-3.76552550084727e-08,-9.19827353462443e-05,-9.29870195171303e-07,0.000907198906684585
36456.9968264106,-1.30105334392477e-06,-4.34441654844018e-05,1.74145883508053e-07,0.000428366863063182,-3.71385039159703e-08,-9.13491989345374e-05,-9.17105488978752e-07,0.000900950685332957
36709.831510217,-1.28319485684051e-06,-4.31447799737236e-05,1.71756149136802e-07,0.000425416451088073,-3.66288422094153e-08,-9.07200262602612e-05,-9.04516010051505e-07,0.00089474549776789
36964.4196400802,-1.2655814781514e-06,-4.28474599110669e-05,1.69399196980364e-07,0.000422486361478643,-3.61261726857088e-08,-9.00951872619278e-05,-8.92099352934557e-07,0.000888583047601446
37220.7733764093,-1.24820984429022e-06,-4.25521909998042e-05,1.6707457763874e-07,0.00041957645423112,-3.56303994729485e-08,-8.94746520852323e-05,-8.7985314519479e-07,0.000882463040486973
37478.9049639467,-1.23107663783211e-06,-4.22589590432333e-05,1.64781847864304e-07,0.000416686590306729,-3.51414280122421e-08,-8.88583910816244e-05,-8.67775046967664e-07,0.000876385184105056
37738.8267323548,-1.21417858686197e-06,-4.19677499438583e-05,1.62520570477798e-07,0.000413816631625026,-3.46591650397646e-08,-8.82463748068867e-05,-8.55862750510072e-07,0.000870349188149546
38000.5510968034,-1.19751246435058e-06,-4.16785497026778e-05,1.60290314285475e-07,0.000410966441057291,-3.41835185690636e-08,-8.76385740197267e-05,-8.44113979759388e-07,0.00086435476431371
38264.0905585636,-1.18107508753917e-06,-4.1391344418477e-05,1.5809065399736e-07,0.000408135882419945,-3.37143978736014e-08,-8.70349596803743e-05,-8.32526489898514e-07,0.000858401626276439
38529.4577056047,-1.1648633173325e-06,-4.11061202871269e-05,1.55921170146633e-07,0.000405324820468042,-3.32517134695379e-08,-8.64355029491936e-05,-8.21098066926957e-07,0.000852489489688598
38796.6652131954,-1.14887405770021e-06,-4.08228636008875e-05,1.53781449010091e-07,0.000402533120888777,-3.2795377098745e-08,-8.58401751852994e-05,-8.09826527237738e-07,0.000846618072159423
39065.7258445091,-1.1331042550864e-06,-4.05415607477174e-05,1.51671082529709e-07,0.000399760650295063,-3.23453017120543e-08,-8.52489479451884e-05,-7.98709717200164e-07,0.00084078709324305
39336.6524512341,-1.11755089782721e-06,-4.02621982105877e-05,1.49589668235248e-07,0.000397007276219132,-3.19014014527313e-08,-8.4661792981375e-05,-7.87745512748273e-07,0.000834996274425111
39609.4579741865,-1.10221101557652e-06,-3.99847625668026e-05,1.47536809167938e-07,0.000394272867106201,-3.14635916401758e-08,-8.40786822410406e-05,-7.76931818974986e-07,0.000829245339109439
39884.1554439296,-1.08708167873938e-06,-3.97092404873234e-05,1.45512113805167e-07,0.000391557292308161,-3.10317887538426e-08,-8.34995878646891e-05,-7.66266569731777e-07,0.000823534012604844
40160.7579813948,-1.07215999791326e-06,-3.94356187360995e-05,1.4351519598623e-07,0.000388860422077326,-3.0605910417383e-08,-8.29244821848144e-05,-7.55747727233892e-07,0.000817862022112016
40439.2787985098,-1.05744312333694e-06,-3.91638841694026e-05,1.41545674839056e-07,0.000386182127560217,-3.01858753830001e-08,-8.23533377245746e-05,-7.45373281670933e-07,0.00081222909671047
40719.7311988284,-1.042928244347e-06,-3.88940237351683e-05,1.39603174707953e-07,0.000383522280791393,-2.97716035160196e-08,-8.17861271964779e-05,-7.35141250822844e-07,0.000806634967345629
41002.1285781671,-1.02861258884163e-06,-3.86260244723403e-05,1.37687325082323e-07,0.00038088075468732,-2.9363015779668e-08,-8.12228235010746e-05,-7.25049679681117e-07,0.000801079366815956
41286.4844252437,-1.01449342275193e-06,-3.83598735102216e-05,1.35797760526356e-07,0.000378257423040289,-2.89600342200608e-08,-8.06633997256621e-05,-7.15096640075248e-07,0.000795562029760205
41572.812322323,-1.00056804952033e-06,-3.80955580678289e-05,1.33934120609668e-07,0.000375652160512369,-2.85625819513928e-08,-8.01078291429941e-05,-7.05280230304275e-07,0.000790082692644738
41861.1259458642,-9.86833809586258e-07,-3.78330654532539e-05,1.32096049838901e-07,0.000373064842629409,-2.81705831413323e-08,-7.95560852100035e-05,-6.95598574773414e-07,0.000784641093750945
42151.4390671752,-9.73288079878758e-07,-3.75723830630271e-05,1.30283197590233e-07,0.000370495345775073,-2.77839629966119e-08,-7.90081415665304e-05,-6.86049823635653e-07,0.000779236973162736
42443.7655530697,-9.59928273316143e-07,-3.73134983814888e-05,1.28495218042824e-07,0.000367943547184929,-2.74026477488189e-08,-7.84639720340611e-05,-6.76632152438295e-07,0.000773870072754139
42738.1193665299,-9.46751838312424e-07,-3.70563989801629e-05,1.26731770113155e-07,0.000365409324940564,-2.70265646403754e-08,-7.79235506144748e-05,-6.67343761774318e-07,0.000768540136176955
43034.5145673733,-9.33756258290579e-07,-3.68010725171365e-05,1.24992517390274e-07,0.00036289255796375,-2.66556419107132e-08,-7.73868514887996e-05,-6.58182876938569e-07,0.000763246908848531
43332.9653129246,-9.20939051202416e-07,-3.65475067364442e-05,1.23277128071905e-07,0.000360393126010646,-2.62898087826339e-08,-7.68538490159762e-05,-6.49147747588625e-07,0.000757990137939589
43633.4858586911,-9.08297769055078e-07,-3.62956894674565e-05,1.21585274901449e-07,0.000357910909666046,-2.59289954488583e-08,-7.63245177316317e-05,-6.40236647410358e-07,0.000752769572362158
43936.0905590448,-8.95829997443979e-07,-3.6045608624273e-05,1.19916635105825e-07,0.000355445790337655,-2.55731330587554e-08,-7.57988323468597e-05,-6.3144787378805e-07,0.000747584962757573
44240.7938679069,-8.83533355092195e-07,-3.57972522051206e-05,1.18270890334166e-07,0.000352997650250418,-2.52221537052562e-08,-7.52767677470116e-05,-6.22779747479081e-07,0.000742436061484576
44547.6103394389,-8.71405493396106e-07,-3.55506082917557e-05,1.16647726597347e-07,0.000350566372440879,-2.48759904119423e-08,-7.47582989904929e-05,-6.14230612293033e-07,0.000737322622607477
44856.5546287376,-8.59444095977326e-07,-3.53056650488711e-05,1.15046834208341e-07,0.000348151840751584,-2.45345771203135e-08,-7.42434013075716e-05,-6.0579883477525e-07,0.000732244401884419
45167.641492535,-8.47646878240711e-07,-3.50624107235072e-05,1.13467907723382e-07,0.000345753939825519,-2.41978486772274e-08,-7.37320500991908e-05,-5.97482803894698e-07,0.0007272011567557
45480.8857899031,-8.36011586938483e-07,-3.48208336444682e-05,1.11910645883933e-07,0.000343372555100591,-2.38657408225106e-08,-7.32242209357939e-05,-5.89280930736148e-07,0.000722192646332201
45796.3024829641,-8.24535999740268e-07,-3.45809222217415e-05,1.10374751559442e-07,0.000341007572804142,-2.35381901767395e-08,-7.27198895561533e-05,-5.81191648196549e-07,0.000717218631383867
46113.9066376045,-8.13217924809083e-07,-3.43426649459228e-05,1.08859931690885e-07,0.000338658879947506,-2.3215134229187e-08,-7.22190318662117e-05,-5.73213410685609e-07,0.000712278874328295
46433.713424195,-8.02055200383078e-07,-3.41060503876445e-05,1.07365897235066e-07,0.000336326364320598,-2.28965113259337e-08,-7.17216239379274e-05,-5.65344693830446e-07,0.000707373139219372
46755.7381183149,-7.91045694363065e-07,-3.38710671970088e-05,1.0589236310969e-07,0.000334009914486548,-2.25822606581426e-08,-7.12276420081309e-05,-5.57583994184329e-07,0.000702501191736022
47079.9961014825,-7.80187303905642e-07,-3.36377041030251e-05,1.04439048139176e-07,0.000331709419776365,-2.22723222504914e-08,-7.07370624773865e-05,-5.4992982893939e-07,0.000697662799170995
47406.5028618884,-7.69477955021953e-07,-3.34059499130513e-05,1.03005675001209e-07,0.00032942477028364,-2.19666369497654e-08,-7.02498619088647e-05,-5.42380735643304e-07,0.000692857730419773
47735.2739951367,-7.58915602181888e-07,-3.31757935122392e-05,1.01591970174025e-07,0.000327155856859289,-2.16651464136034e-08,-6.97660170272196e-05,-5.34935271919834e-07,0.000688085755969512
48066.3252049891,-7.4849822792376e-07,-3.29472238629846e-05,1.00197663884415e-07,0.000324902571106329,-2.13677930993998e-08,-6.92855047174763e-05,-5.27592015193239e-07,0.000683346647888098
48399.6723041153,-7.38223842469286e-07,-3.27202300043809e-05,9.88224900564299e-08,0.000322664805374686,-2.10745202533558e-08,-6.88083020239242e-05,-5.20349562416438e-07,0.000678640179813245
48735.331214848,-7.28090483343889e-07,-3.24948010516769e-05,9.7466186260794e-08,0.000320442452756053,-2.07852718996819e-08,-6.83343861490198e-05,-5.13206529802937e-07,0.000673966126941696
49073.317969944,-7.18096215002155e-07,-3.22709261957389e-05,9.61284936650048e-08,0.000318235407078766,-2.04999928299466e-08,-6.78637344522949e-05,-5.06161552562398e-07,0.000669324266018476
49413.6487133493,-7.08239128458477e-07,-3.20485947025163e-05,9.48091569841144e-08,0.000316043562902729,-2.02186285925713e-08,-6.73963244492747e-05,-4.99213284639882e-07,0.000664714375326235
49756.3397009709,-6.9851734092271e-07,-3.18277959125115e-05,9.35079244321792e-08,0.000313866815514364,-1.99411254824679e-08,-6.69321338104011e-05,-4.92360398458631e-07,0.000660136234674655
50101.4073014524,-6.88928995440867e-07,-3.1608519240254e-05,9.22245476743784e-08,0.000311705060921607,-1.9667430530819e-08,-6.64711403599656e-05,-4.85601584666413e-07,0.000655589625389936
50448.8679969571,-6.79472260540696e-07,-3.13907541737771e-05,9.09587817797775e-08,0.000309558195848926,-1.9397491494996e-08,-6.60133220750474e-05,-4.78935551885325e-07,0.000651074330304346
50798.7383839539,-6.70145329882156e-07,-3.11744902741005e-05,8.97103851747441e-08,0.000307426117732384,-1.91312568486168e-08,-6.55586570844611e-05,-4.72361026465053e-07,0.000646590133745859
51151.0351740109,-6.60946421912652e-07,-3.09597171747149e-05,8.84791195969937e-08,0.000305308724714729,-1.88686757717378e-08,-6.51071236677096e-05,-4.65876752239499e-07,0.00064213682152784
51505.7751945938,-6.51873779527008e-07,-3.07464245810711e-05,8.7264750050266e-08,0.000303205915640525,-1.86096981411803e-08,-6.46587002539454e-05,-4.5948149028676e-07,0.000637714180938824
51862.9753898685,-6.42925669732117e-07,-3.05346022700731e-05,8.60670447596197e-08,0.000301117590051308,-1.83542745209898e-08,-6.42133654209395e-05,-4.5317401869241e-07,0.000633322000732359
52222.6528215118,-6.34100383316153e-07,-3.03242400895747e-05,8.48857751273333e-08,0.000299043648180781,-1.81023561530242e-08,-6.37710978940556e-05,-4.46953132316007e-07,0.000628960071116906
52584.8246695256,-6.25396234522356e-07,-3.01153279578795e-05,8.37207156894156e-08,0.000296983990950045,-1.78538949476719e-08,-6.33318765452335e-05,-4.40817642560836e-07,0.000624628183745827
52949.5082330576,-6.16811560727254e-07,-2.9907855863245e-05,8.25716440727007e-08,0.000294938519962854,-1.76088434746957e-08,-6.28956803919779e-05,-4.34766377146785e-07,0.00062032613170743
53316.7209312277,-6.0834472212333e-07,-2.97018138633904e-05,8.1438340952538e-08,0.000292907137500911,-1.73671549542029e-08,-6.24624885963556e-05,-4.28798179886363e-07,0.000616053709515091
53686.4803039601,-5.99994101406005e-07,-2.94971920850073e-05,8.03205900110513e-08,0.000290889746519192,-1.71287832477374e-08,-6.20322804639979e-05,-4.22911910463774e-07,0.000611810713097429
54058.8040128205,-5.91758103464948e-07,-2.9293980723275e-05,7.9218177895975e-08,0.000288886250641306,-1.68936828494951e-08,-6.16050354431119e-05,-4.17106444217037e-07,0.000607596939788573
54433.709841861,-5.83635155079582e-07,-2.90921700413785e-05,7.81308941800473e-08,0.000286896554154881,-1.66618088776577e-08,-6.11807331234968e-05,-4.11380671923088e-07,0.00060341218831847
54811.215698468,-5.75623704618802e-07,-2.88917503700305e-05,7.70585313209621e-08,0.000284920562006989,-1.64331170658465e-08,-6.07593532355682e-05,-4.05733499585843e-07,0.00059925625880328
55191.3396142186,-5.67722221744768e-07,-2.86927121069964e-05,7.60008846218631e-08,0.0002829581797996,-1.62075637546916e-08,-6.03408756493885e-05,-4.00163848227154e-07,0.000595128952735821
55574.0997457415,-5.59929197120806e-07,-2.84950457166238e-05,7.49577521923826e-08,0.000281009313785062,-1.59851058835177e-08,-5.99252803737046e-05,-3.94670653680655e-07,0.000591030072976098
55959.5143755845,-5.52243142123269e-07,-2.82987417293741e-05,7.39289349102083e-08,0.000279073870861623,-1.57657009821424e-08,-5.95125475549913e-05,-3.89252866388419e-07,0.000586959423741875
56347.6019130871,-5.44662588557386e-07,-2.81037907413584e-05,7.29142363831787e-08,0.000277151758568973,-1.55493071627871e-08,-5.91026574765025e-05,-3.83909451200426e-07,0.000582916810599337
56738.380895261,-5.37186088376975e-07,-2.79101834138764e-05,7.19134629118922e-08,0.000275242885083823,-1.53358831120987e-08,-5.86955905573278e-05,-3.7863938717676e-07,0.000578902040453788
57131.8699876742,-5.29812213408031e-07,-2.77179104729594e-05,7.09264234528319e-08,0.000273347159215518,-1.512538808328e-08,-5.82913273514565e-05,-3.73441667392549e-07,0.000574914921540446
57528.0879853436,-5.22539555076071e-07,-2.75269627089148e-05,6.99529295819893e-08,0.000271464490401665,-1.49177818883277e-08,-5.78898485468475e-05,-3.68315298745555e-07,0.000570955263415263
57927.053813632,-5.15366724137253e-07,-2.73373309758765e-05,6.89927954589894e-08,0.000269594788703815,-1.4713024890377e-08,-5.74911349645061e-05,-3.63259301766434e-07,0.000567022876945852
58328.7865291527,-5.08292350413144e-07,-2.71490061913562e-05,6.80458377917029e-08,0.000267737964803149,-1.45110779961502e-08,-5.70951675575664e-05,-3.58272710431572e-07,0.000563117574302431
58733.3053206791,-5.01315082529162e-07,-2.69619793357995e-05,6.71118758013436e-08,0.000265893929996216,-1.43119026485091e-08,-5.67019274103812e-05,-3.53354571978517e-07,0.000559239168948868
59140.6295100621,-4.94433587656569e-07,-2.67762414521444e-05,6.61907311880421e-08,0.000264062596190685,-1.4115460819109e-08,-5.63113957376168e-05,-3.4850394672392e-07,0.000555387475633763
59550.7785531519,-4.87646551258042e-07,-2.65917836453832e-05,6.52822280968912e-08,0.000262243875901135,-1.39217150011534e-08,-5.59235538833556e-05,-3.43719907884e-07,0.000551562310381603
59963.7720407286,-4.80952676836687e-07,-2.64085970821281e-05,6.4386193084453e-08,0.000260437682244869,-1.37306282022471e-08,-5.55383833202031e-05,-3.3900154139745e-07,0.000547763490483974
60379.6296994364,-4.7435068568854e-07,-2.6226672990179e-05,6.35024550857274e-08,0.000258643928937762,-1.35421639373482e-08,-5.51558656484031e-05,-3.34347945750799e-07,0.000543990834490834
60798.3713927276,-4.67839316658424e-07,-2.60460026580952e-05,6.26308453815672e-08,0.000256862530290132,-1.33562862218155e-08,-5.47759825949568e-05,-3.29758231806141e-07,0.000540244162201844
61220.0171218097,-4.61417325899184e-07,-2.58665774347696e-05,6.1771197566545e-08,0.000255093401202645,-1.31729595645515e-08,-5.43987160127503e-05,-3.25231522631263e-07,0.000536523294657768
61644.5870266023,-4.55083486634199e-07,-2.56883887290068e-05,6.09233475172529e-08,0.000253336457162241,-1.29921489612387e-08,-5.40240478796858e-05,-3.20766953332075e-07,0.000532828054131918
62072.1013866976,-4.48836588923176e-07,-2.55114280091034e-05,6.00871333610407e-08,0.000251591614238099,-1.28138198876695e-08,-5.3651960297821e-05,-3.16363670887363e-07,0.000529158264121668
62502.5806223305,-4.42675439431127e-07,-2.53356868024315e-05,5.92623954451781e-08,0.000249858789077619,-1.26379382931661e-08,-5.32824354925125e-05,-3.12020833985794e-07,0.000525513749340023
62936.0452953524,-4.36598861200546e-07,-2.51611566950258e-05,5.84489763064416e-08,0.000248137898902438,-1.24644705940912e-08,-5.29154558115665e-05,-3.07737612865171e-07,0.000521894335707249
63372.5161102152,-4.30605693426678e-07,-2.49878293311728e-05,5.76467206411134e-08,0.000246428861504471,-1.2293383667447e-08,-5.25510037243947e-05,-3.03513189153885e-07,0.000518299850342555
63812.0139149584,-4.24694791235903e-07,-2.48156964130041e-05,5.68554752753954e-08,0.000244731595241982,-1.21246448445625e-08,-5.21890618211762e-05,-2.99346755714552e-07,0.000514730121555839
64254.5597022062,-4.18865025467125e-07,-2.46447497000909e-05,5.60750891362233e-08,0.000243046019035677,-1.19582219048664e-08,-5.18296128120252e-05,-2.95237516489789e-07,0.000511184978839483
64700.1746101695,-4.13115282456197e-07,-2.44749810090434e-05,5.53054132224828e-08,0.000241372052364831,-1.17940830697455e-08,-5.14726395261644e-05,-2.91184686350115e-07,0.000507664252860213
65148.8799236562,-4.07444463823262e-07,-2.43063822131116e-05,5.45463005766181e-08,0.000239709615263434,-1.16321969964874e-08,-5.11181249111038e-05,-2.8718749094393e-07,0.00050416777545101
65600.697075087,-4.01851486263051e-07,-2.41389452417896e-05,5.37976062566296e-08,0.000238058628316373,-1.14725327723058e-08,-5.07660520318263e-05,-2.83245166549566e-07,0.000500695379603077
66055.6476455202,-3.96335281338022e-07,-2.39726620804229e-05,5.30591873084535e-08,0.000236419012655628,-1.13150599084474e-08,-5.04164040699769e-05,-2.79356959929354e-07,0.00049724689945786
66513.7533656814,-3.90894795274362e-07,-2.3807524769818e-05,5.23309027387209e-08,0.000234790689956509,-1.11597483343801e-08,-5.006916432306e-05,-2.75522128185715e-07,0.000493822170299134
66975.0361170023,-3.85528988760768e-07,-2.36435254058548e-05,5.16126134878874e-08,0.000233173582433902,-1.100656839206e-08,-4.97243162036398e-05,-2.71739938619199e-07,0.000490421028545124
67439.5179326655,-3.8023683675001e-07,-2.34806561391028e-05,5.09041824037329e-08,0.00023156761283856,-1.08554908302776e-08,-4.93818432385482e-05,-2.68009668588504e-07,0.000487043311740701
67907.2209986571,-3.75017328263186e-07,-2.33189091744385e-05,5.0205474215221e-08,0.000229972704453403,-1.07064867990804e-08,-4.90417290680965e-05,-2.64330605372386e-07,0.000483688858549618
68378.167654826,-3.69869466196694e-07,-2.3158276770667e-05,4.9516355506719e-08,0.000228388781089851,-1.05595278442731e-08,-4.87039574452944e-05,-2.60702046033492e-07,0.000480357508746806
68852.3803959518,-3.64792267131822e-07,-2.29987512401451e-05,4.88366946925681e-08,0.000226815767084185,-1.0414585901992e-08,-4.83685122350723e-05,-2.57123297284042e-07,0.000477049103210718
69329.8818728181,-3.59784761146977e-07,-2.28403249484081e-05,4.8166361992004e-08,0.000225253587293925,-1.02716332933542e-08,-4.80353774135107e-05,-2.53593675353367e-07,0.000473763483915734
69810.6948932956,-3.54845991632465e-07,-2.26829903137981e-05,4.75052294044178e-08,0.00022370216709424,-1.01306427191802e-08,-4.77045370670737e-05,-2.50112505857256e-07,0.000470500493924608
70294.8424234306,-3.49975015107836e-07,-2.25267398070968e-05,4.68531706849588e-08,0.000222161432374383,-9.99158725478808e-09,-4.73759753918492e-05,-2.4667912366911e-07,0.000467259977380976
70782.3475885425,-3.45170901041704e-07,-2.23715659511586e-05,4.62100613204676e-08,0.000220631309534143,-9.85444034485971e-09,-4.70496766927921e-05,-2.43292872792849e-07,0.000464041779501907
71273.2336743282,-3.40432731674076e-07,-2.22174613205484e-05,4.55757785057421e-08,0.000219111725480329,-9.7191757983769e-09,-4.67256253829755e-05,-2.39953106237576e-07,0.000460845746570516
71767.5241279742,-3.35759601841083e-07,-2.20644185411805e-05,4.49502011201256e-08,0.000217602607623277,-9.58576778362674e-09,-4.64038059828446e-05,-2.36659185893955e-07,0.000457671725928617
72265.2425592773,-3.31150618802136e-07,-2.1912430289961e-05,4.43332097044161e-08,0.000216103883873376,-9.45419082327561e-09,-4.60842031194771e-05,-2.33410482412287e-07,0.000454519565969431
72766.4127417709,-3.26604902069452e-07,-2.17614892944324e-05,4.3724686438093e-08,0.000214615482637626,-9.32441978951056e-09,-4.5766801525849e-05,-2.30206375082265e-07,0.000451389116130352
73271.058613862,-3.22121583239905e-07,-2.16115883324206e-05,4.31245151168534e-08,0.000213137332816215,-9.19642989924705e-09,-4.54515860401037e-05,-2.2704625171437e-07,0.000448280226885745
73779.2042799737,-3.17699805829204e-07,-2.14627202316849e-05,4.25325811304577e-08,0.000211669363799118,-9.07019670940272e-09,-4.51385416048284e-05,-2.23929508522906e-07,0.000445192749739815
74290.8740116972,-3.13338725108321e-07,-2.13148778695696e-05,4.19487714408767e-08,0.000210211505462721,-8.94569611223524e-09,-4.48276532663335e-05,-2.2085555001063e-07,0.000442126537219503
74806.0922489501,-3.0903750794219e-07,-2.11680541726592e-05,4.13729745607401e-08,0.000208763688166473,-8.82290433074476e-09,-4.45189061739387e-05,-2.17823788854979e-07,0.000439081442867452
75324.8836011454,-3.04795332630593e-07,-2.10222421164351e-05,4.08050805320774e-08,0.000207325842749555,-8.70179791413865e-09,-4.42122855792624e-05,-2.14833645795841e-07,0.000436057321235004
75847.2728483651,-3.00611388751254e-07,-2.08774347249355e-05,4.02449809053528e-08,0.000205897900527573,-8.58235373335893e-09,-4.39077768355173e-05,-2.11884549524886e-07,0.000433054027875261
76373.2849425456,-2.96484877005057e-07,-2.07336250704172e-05,3.96925687187837e-08,0.000204479793289275,-8.46454897667041e-09,-4.36053653968102e-05,-2.08975936576399e-07,0.000430071419336175
76902.9450086679,-2.92415009063418e-07,-2.05908062730197e-05,3.91477384779463e-08,0.000203071453293292,-8.34836114530978e-09,-4.33050368174468e-05,-2.06107251219628e-07,0.000427109353153708
77436.2783459591,-2.88401007417726e-07,-2.04489715004324e-05,3.86103861356563e-08,0.0002016728132649,-8.23376804919377e-09,-4.3006776751241e-05,-2.03277945352594e-07,0.000424167687845016
77973.3104290997,-2.84442105230862e-07,-2.03081139675635e-05,3.80804090721287e-08,0.000200283806392803,-8.12074780268669e-09,-4.27105709508299e-05,-2.00487478397372e-07,0.0004212462829017
78514.0669094413,-2.80537546190751e-07,-2.01682269362112e-05,3.7557706075407e-08,0.000198904366325938,-8.00927882042532e-09,-4.24164052669919e-05,-1.97735317196797e-07,0.000418344998783089
79058.5736162311,-2.76686584365929e-07,-2.00293037147381e-05,3.70421773220615e-08,0.000197534427170309,-7.89933981320157e-09,-4.21242656479715e-05,-1.95020935912603e-07,0.00041546369690958
79606.8565578463,-2.72888484063081e-07,-1.98913376577467e-05,3.65337243581508e-08,0.000196173923485831,-7.79090978390104e-09,-4.18341381388067e-05,-1.92343815924946e-07,0.000412602239656013
80158.9419230357,-2.69142519686544e-07,-1.97543221657581e-05,3.60322500804459e-08,0.000194822790283208,-7.68396802349761e-09,-4.15460088806631e-05,-1.89703445733316e-07,0.000409760490345105
80714.8560821713,-2.65447975599728e-07,-1.96182506848928e-05,3.55376587179088e-08,0.000193480963020822,-7.57849410710262e-09,-4.12598641101704e-05,-1.87099320858802e-07,0.000406938313240911
81274.6255885071,-2.61804145988447e-07,-1.94831167065533e-05,3.50498558134281e-08,0.00019214837760165,-7.47446789006846e-09,-4.09756901587658e-05,-1.84530943747708e-07,0.000404135573542354
81838.2771794484,-2.58210334726121e-07,-1.93489137671095e-05,3.45687482058009e-08,0.000190824970370201,-7.37186950414513e-09,-4.06934734520397e-05,-1.81997823676478e-07,0.000401352137376774
82405.8377778279,-2.54665855240826e-07,-1.92156354475862e-05,3.40942440119651e-08,0.000189510678109473,-7.27067935369e-09,-4.04132005090879e-05,-1.79499476657948e-07,0.000398587871793542
82977.3344931927,-2.51170030384168e-07,-1.90832753733524e-05,3.36262526094722e-08,0.000188205438037931,-7.17087811192893e-09,-4.01348579418664e-05,-1.77035425348855e-07,0.000395842644757705
83552.7946230977,-2.47722192301965e-07,-1.89518272138137e-05,3.31646846192026e-08,0.000186909187806509,-7.07244671726913e-09,-3.98584324545524e-05,-1.74605198958647e-07,0.000393116325143684
84132.2456544116,-2.44321682306684e-07,-1.88212846821054e-05,3.2709451888315e-08,0.000185621865495623,-6.97536636966206e-09,-3.95839108429084e-05,-1.72208333159522e-07,0.000390408782729005
84715.7152646274,-2.40967850751654e-07,-1.86916415347897e-05,3.22604674734322e-08,0.000184343409612223,-6.8796185270167e-09,-3.93112799936513e-05,-1.69844369997715e-07,0.000387719888188084
85303.2313231867,-2.37660056906978e-07,-1.85628915715534e-05,3.18176456240547e-08,0.000183073759086843,-6.78518490166133e-09,-3.90405268838257e-05,-1.67512857805991e-07,0.000385049513086046
85894.8218928089,-2.34397668837169e-07,-1.84350286349082e-05,3.13809017662038e-08,0.000181812853270689,-6.69204745685451e-09,-3.87716385801817e-05,-1.65213351117355e-07,0.000382397529872597
86490.5152308334,-2.31180063280451e-07,-1.83080466098939e-05,3.09501524862862e-08,0.000180560631932738,-6.60018840334316e-09,-3.85046022385566e-05,-1.62945410579932e-07,0.000379763811875922
87090.3397905676,-2.28006625529728e-07,-1.81819394237825e-05,3.05253155151824e-08,0.000179317035256859,-6.5095901959684e-09,-3.82394051032613e-05,-1.60708602873025e-07,0.000377148233296643
87694.3242226474,-2.24876749315172e-07,-1.8056701045785e-05,3.01063097125509e-08,0.000178082003838956,-6.42023553031747e-09,-3.79760345064703e-05,-1.58502500624316e-07,0.000374550669201806
88302.4973764047,-2.21789836688435e-07,-1.79323254867605e-05,2.96930550513487e-08,0.000176855478684128,-6.33210733942186e-09,-3.77144778676172e-05,-1.56326682328218e-07,0.000371970995518914
88914.8883012464,-2.18745297908439e-07,-1.78088067989269e-05,2.92854726025631e-08,0.000175637401203849,-6.24518879050035e-09,-3.74547226927924e-05,-1.5418073226533e-07,0.000369409089030001
89531.5262480405,-2.15742551328747e-07,-1.76861390755739e-05,2.88834845201535e-08,0.00017442771321317,-6.15946328174713e-09,-3.71967565741471e-05,-1.52064240423016e-07,0.000366864827365752
90152.440670515,-2.12781023286458e-07,-1.75643164507775e-05,2.84870140261985e-08,0.000173226356927934,-6.0749144391634e-09,-3.69405671892994e-05,-1.49976802417056e-07,0.000364338088999646
90777.661226663,-2.09860147992655e-07,-1.74433330991176e-05,2.80959853962479e-08,0.000172033274962021,-5.99152611343296e-09,-3.66861423007464e-05,-1.4791801941439e-07,0.000361828753242163
91407.217780161,-2.06979367424323e-07,-1.73231832353964e-05,2.77103239448734e-08,0.0001708484103246,-5.90928237684006e-09,-3.64334697552785e-05,-1.45887498056907e-07,0.000359336700235013
92041.1404017939,-2.04138131217783e-07,-1.72038611143597e-05,2.73299560114199e-08,0.000169671706417407,-5.82816752023003e-09,-3.61825374833994e-05,-1.43884850386296e-07,0.000356861810945416
92679.4593708925,-2.0133589656356e-07,-1.70853610304193e-05,2.69548089459492e-08,0.000168503107032042,-5.74816605001109e-09,-3.59333334987489e-05,-1.41909693769911e-07,0.000354403967160409
93322.2051767786,-1.98572128102718e-07,-1.69676773173784e-05,2.65848110953789e-08,0.00016734255634728,-5.6692626851977e-09,-3.56858458975302e-05,-1.39961650827668e-07,0.000351963051481207
93969.4085202226,-1.95846297824594e-07,-1.68508043481578e-05,2.62198917898092e-08,0.000166189998926406,-5.59144235449399e-09,-3.54400628579413e-05,-1.38040349359941e-07,0.000349538947317592
94621.1003149089,-1.93157884965955e-07,-1.6734736534525e-05,2.58599813290387e-08,0.000165045379714565,-5.51469019341756e-09,-3.51959726396098e-05,-1.36145422276444e-07,0.000347131538882344
95277.3116889132,-1.90506375911526e-07,-1.66194683268246e-05,2.55050109692634e-08,0.000163908644036128,-5.43899154146241e-09,-3.49535635830319e-05,-1.34276507526093e-07,0.000344740711185712
95938.0739861886,-1.87891264095893e-07,-1.65049942137108e-05,2.51549129099598e-08,0.000162779737592085,-5.364331939301e-09,-3.47128241090157e-05,-1.32433248027835e-07,0.000342366350029922
96603.4187680637,-1.85312049906739e-07,-1.63913087218817e-05,2.48096202809458e-08,0.000161658606457446,-5.29069712602445e-09,-3.44737427181273e-05,-1.30615291602415e-07,0.000340008342003718
97273.3778147489,-1.8276824058942e-07,-1.62784064158158e-05,2.44690671296207e-08,0.000160545197078665,-5.21807303642074e-09,-3.42363079901417e-05,-1.28822290905091e-07,0.000337666574476951
97947.983126856,-1.80259350152847e-07,-1.61662818975096e-05,2.41331884083787e-08,0.000159439456271081,-5.14644579829009e-09,-3.40005085834968e-05,-1.27053903359266e-07,0.000335340935595194
98627.2669269249,-1.77784899276655e-07,-1.6054929806218e-05,2.3801919962196e-08,0.000158341331216377,-5.07580172979729e-09,-3.37663332347519e-05,-1.25309791091036e-07,0.000333031314274406
99311.2616609643,-1.75344415219649e-07,-1.59443448181958e-05,2.34751985163872e-08,0.000157250769460054,-5.00612733686012e-09,-3.3533770758049e-05,-1.2358962086463e-07,0.000330737600195617
100000,-1.72937431729511e-07,-1.58345216464414e-05,2.31529616645298e-08,0.000156167718908928,-4.93740931057383e-09,-3.33028100445788e-05,-1.21893064018744e-07,0.000328459683799668
