Frequency_Hz,Y11_Real,Y11_Imag,Y12_Real,Y12_Imag,Y21_Real,Y21_Imag,Y22_Real,Y22_Imag
0.1,0.774777628250048,-0.00910073306261809,-0.852964010898812,-0.000753948768957407,0.147072466514837,-0.000754608965904824,-1.07080170164162,-5.64311324918049e-05
0.100693514841637,0.774776456544135,-0.00916386658331697,-0.852964473823215,-0.000759176818429842,0.147072511055571,-0.000759850833432077,-1.07080344923326,-5.67379283541586e-05
0.10139183931163,0.774775268459248,-0.00922743832860643,-0.852964943199073,-0.000764441110107089,0.147072556201196,-0.000765129232194108,-1.07080522103841,-5.70450854813984e-05
0.102095006765465,0.774774063765452,-0.00929145134550987,-0.852965419116411,-0.000769741895000843,0.147072601959712,-0.000770444419241742,-1.07080701739101,-5.73525695541852e-05
0.102803050789954,0.774772842229554,-0.0093559087023408,-0.852965901666514,-0.000775079425855996,0.147072648339219,-0.000775796653484991,-1.07080883862956,-5.76603452499408e-05
0.103516005204838,0.774771603615062,-0.00942081348885371,-0.852966390941944,-0.000780453957162511,0.147072695347916,-0.000781186195707498,-1.07081068509717,-5.79683762202618e-05
0.104233904064403,0.774770347682132,-0.00948616881639592,-0.852966887036559,-0.000785865745167324,0.147072742994104,-0.000786613308581134,-1.07081255714166,-5.8276625067584e-05
0.104956781659108,0.774769074187526,-0.00955197781806053,-0.852967390045529,-0.000791315047886335,0.14707279128619,-0.00079207825668073,-1.07081445511557,-5.85850533214582e-05
0.105684672517218,0.774767782884556,-0.0096182436488405,-0.852967900065355,-0.000796802125116489,0.147072840232679,-0.000797581306498934,-1.07081637937628,-5.88936214142924e-05
0.106417611406461,0.77476647352304,-0.00968496948578381,-0.852968417193891,-0.000802327238447932,0.147072889842188,-0.000803122726461182,-1.07081833028602,-5.92022886567387e-05
0.10715563333568,0.77476514584925,-0.00975215852814996,-0.85296894153036,-0.000807890651276254,0.147072940123435,-0.000808702786940874,-1.07082030821198,-5.95110132121865e-05
0.107898773556513,0.774763799605858,-0.0098198139975674,-0.852969473175372,-0.000813492628814761,0.147072991085246,-0.000814321760274626,-1.07082231352633,-5.98197520711372e-05
0.108647067565072,0.774762434531891,-0.00988793913819221,-0.852970012230947,-0.000819133438106918,0.147073042736558,-0.000819979920777678,-1.07082434660635,-6.01284610248429e-05
0.109400551103639,0.77476105036267,-0.00995653721686781,-0.852970558800533,-0.000824813348038772,0.147073095086414,-0.000825677544759464,-1.07082640783443,-6.04370946383284e-05
0.110159260162376,0.774759646829762,-0.0100256115232862,-0.852971112989026,-0.000830532629351557,0.14707314814397,-0.00083141491053931,-1.07082849759819,-6.07456062230172e-05
0.11092323098104,0.774758223660925,-0.0100951653701497,-0.85297167490279,-0.000836291554654284,0.147073201918494,-0.000837192298462289,-1.07083061629051,-6.10539478085523e-05
0.111692500050717,0.774756780580051,-0.0101652020933352,-0.852972244649681,-0.000842090398436485,0.147073256419363,-0.000843009990915216,-1.07083276430964,-6.13620701143403e-05
0.112467104115564,0.774755317307112,-0.0102357250520574,-0.852972822339062,-0.000847929437081008,0.147073311656073,-0.000848868272342784,-1.07083494205924,-6.16699225201647e-05
0.113247080174565,0.774753833558102,-0.010306737629036,-0.852973408081829,-0.000853808948876874,0.147073367638231,-0.000854767429263878,-1.07083714994845,-6.19774530364672e-05
0.114032465483296,0.774752329044981,-0.0103782432306616,-0.852974001990433,-0.000859729214032275,0.147073424375562,-0.000860707750288022,-1.070839388392,-6.22846082737605e-05
0.114823297555707,0.774750803475616,-0.0104502452871648,-0.852974604178897,-0.000865690514687607,0.147073481877908,-0.000866689526131994,-1.07084165781024,-6.25913334115422e-05
0.115619614165913,0.77474925655372,-0.010522747252785,-0.852975214762844,-0.000871693134928601,0.147073540155229,-0.000872713049636571,-1.07084395862924,-6.28975721666328e-05
0.116421453349997,0.774747687978795,-0.0105957526059413,-0.852975833859514,-0.000877737360799546,0.147073599217606,-0.000878778615783473,-1.07084629128087,-6.320326676066e-05
0.117228853407829,0.774746097446067,-0.010669264849405,-0.852976461587793,-0.000883823480316568,0.147073659075239,-0.000884886521712446,-1.07084865620284,-6.35083578869183e-05
0.118041852904894,0.774744484646429,-0.0107432875104719,-0.852977098068231,-0.000889951783481042,0.147073719738449,-0.000891037066738497,-1.07085105383883,-6.38127846767159e-05
0.118860490674132,0.774742849266372,-0.0108178241411378,-0.852977743423067,-0.000896122562293043,0.147073781217684,-0.000897230552369324,-1.07085348463853,-6.41164846646863e-05
0.1196848058178,0.774741190987927,-0.0108928783182737,-0.852978397776252,-0.00090233611076492,0.147073843523511,-0.000903467282322893,-1.07085594905774,-6.44193937537132e-05
0.120514837709331,0.774739509488597,-0.0109684536438031,-0.852979061253479,-0.00090859272493491,0.147073906666626,-0.000909747562545173,-1.07085844755844,-6.47214461789447e-05
0.12135062599522,0.77473780444129,-0.0110445537448805,-0.852979733982198,-0.000914892702880908,0.14707397065785,-0.00091607170122807,-1.07086098060886,-6.50225744710728e-05
0.122192210596917,0.774736075514257,-0.0111211822740709,-0.852980416091647,-0.000921236344734247,0.147074035508131,-0.000922440008827521,-1.0708635486836,-6.53227094188705e-05
0.123039631712731,0.774734322371019,-0.0111983429095313,-0.852981107712877,-0.000927623952693607,0.147074101228547,-0.000928852798081761,-1.07086615226367,-6.5621780030875e-05
0.123892929819754,0.774732544670301,-0.0112760393551929,-0.852981808978777,-0.000934055831039027,0.147074167830304,-0.000935310384029771,-1.07086879183662,-6.59197134965095e-05
0.124752145675793,0.774730742065962,-0.0113542753409444,-0.852982520024096,-0.000940532286145974,0.14707423532474,-0.000941813084029896,-1.07087146789657,-6.62164351460659e-05
0.125617320321316,0.774728914206921,-0.0114330546228182,-0.852983240985477,-0.000947053626499467,0.147074303723326,-0.000948361217778662,-1.07087418094435,-6.65118684101129e-05
0.126488495081411,0.774727060737092,-0.0115123809831757,-0.852983972001478,-0.000953620162708418,0.147074373037665,-0.000954955107329766,-1.07087693148756,-6.68059347779387e-05
0.127365711567764,0.774725181295303,-0.0115922582308961,-0.852984713212598,-0.000960232207519895,0.147074443279494,-0.000961595077113257,-1.07087972004066,-6.70985537552099e-05
0.128249011680643,0.774723275515226,-0.0116726902015651,-0.852985464761311,-0.000966890075833598,0.147074514460685,-0.000968281453954905,-1.07088254712507,-6.73896428205617e-05
0.129138437610901,0.774721343025302,-0.0117536807576662,-0.852986226792087,-0.000973594084716391,0.147074586593249,-0.00097501456709575,-1.07088541326926,-6.76791173816887e-05
0.130034031841991,0.774719383448662,-0.0118352337887718,-0.852986999451424,-0.000980344553416879,0.147074659689333,-0.000981794748211869,-1.07088831900881,-6.79668907300202e-05
0.130935837151994,0.774717396403053,-0.0119173532117378,-0.852987782887877,-0.000987141803380128,0.147074733761221,-0.000988622331434312,-1.07089126488657,-6.82528739948535e-05
0.131843896615665,0.774715381500754,-0.0120000429708979,-0.852988577252085,-0.000993986158262497,0.14707480882134,-0.000995497653369259,-1.07089425145269,-6.85369760963506e-05
0.132758253606487,0.774713338348503,-0.0120833070382601,-0.8529893826968,-0.00100087794394645,0.147074884882257,-0.00100242105311836,-1.07089727926476,-6.88191036977148e-05
0.133678951798747,0.774711266547408,-0.0121671494137047,-0.85299019937692,-0.00100781748855559,0.14707496195668,-0.00100939287229928,-1.07090034888785,-6.90991611559943e-05
0.134606035169616,0.774709165692872,-0.0122515741251836,-0.852991027449517,-0.00101480512246972,0.147075040057461,-0.00101641345506649,-1.07090346089469,-6.93770504725244e-05
0.135539548001256,0.774707035374501,-0.012336585228921,-0.852991867073869,-0.00102184117833998,0.147075119197595,-0.0010234831481322,-1.07090661586571,-6.96526712416767e-05
0.136479534882933,0.77470487517603,-0.0124221868096158,-0.85299271841149,-0.00102892599110412,0.147075199390224,-0.00103060230078753,-1.07090981438914,-6.99259205990538e-05
0.137426040713143,0.774702684675224,-0.0125083829806455,-0.852993581626163,-0.00103605989800184,0.147075280648635,-0.00103777126492394,-1.07091305706113,-7.01966931682813e-05
0.138379110701763,0.774700463443801,-0.0125951778842714,-0.85299445688397,-0.00104324323859022,0.147075362986263,-0.0010449903950548,-1.07091634448588,-7.04648810069403e-05
0.139338790372205,0.774698211047337,-0.0126825756918452,-0.852995344353328,-0.00105047635475926,0.14707544641669,-0.00105226004833724,-1.07091967727567,-7.07303735512504e-05
0.140305125563594,0.774695927045179,-0.0127705806040182,-0.852996244205019,-0.00105775959074752,0.147075530953649,-0.00105958058459418,-1.07092305605104,-7.09930575596707e-05
0.141278162432955,0.774693610990349,-0.0128591968509503,-0.852997156612224,-0.00106509329315779,0.147075616611022,-0.00106695236633666,-1.07092648144085,-7.12528170551674e-05
0.14225794745742,0.774691262429456,-0.012948428692522,-0.85299808175056,-0.00107247781097294,0.147075703402842,-0.00107437575878623,-1.0709299540824,-7.15095332668586e-05
0.143244527436446,0.774688880902598,-0.0130382804185475,-0.85299901979811,-0.00107991349557181,0.147075791343297,-0.00108185112989782,-1.07093347462154,-7.17630845696038e-05
0.14423794949405,0.774686465943267,-0.0131287563489893,-0.85299997093546,-0.00108740070074523,0.147075880446723,-0.0010893788503826,-1.07093704371281,-7.20133464231776e-05
0.145238261081064,0.774684017078252,-0.0132198608341746,-0.853000935345737,-0.00109493978271207,0.147075970727616,-0.00109695929373126,-1.07094066201948,-7.22601913096255e-05
0.146245509977397,0.774681533827539,-0.0133115982550125,-0.85300191321464,-0.00110253110013547,0.147076062200622,-0.0011045928362374,-1.07094433021374,-7.25034886696341e-05
0.147259744294318,0.774679015704212,-0.0134039730232148,-0.853002904730482,-0.00111017501413909,0.147076154880546,-0.00111227985702124,-1.07094804897676,-7.27431048374722e-05
0.148281012476756,0.774676462214348,-0.0134969895815158,-0.853003910084222,-0.00111787188832353,0.147076248782348,-0.00112002073805355,-1.07095181899883,-7.29789029747657e-05
0.149309363305612,0.774673872856917,-0.013590652403896,-0.853004929469507,-0.00112562208878272,0.147076343921146,-0.00112781586417985,-1.07095564097948,-7.32107430026774e-05
0.150344845900091,0.774671247123674,-0.0136849659958061,-0.853005963082706,-0.00113342598412061,0.147076440312216,-0.00113566562314482,-1.07095951562757,-7.34384815329475e-05
0.151387509720044,0.774668584499054,-0.0137799348943933,-0.853007011122953,-0.0011412839454677,0.147076537970994,-0.00114357040561702,-1.07096344366147,-7.36619717972703e-05
0.152437404568337,0.77466588446006,-0.0138755636687292,-0.853008073792182,-0.00114919634649787,0.147076636913075,-0.00115153060521378,-1.07096742580909,-7.38810635755732e-05
0.153494580593225,0.774663146476158,-0.0139718569200388,-0.853009151295172,-0.00115716356344525,0.147076737154215,-0.0011595466185265,-1.07097146280808,-7.40956031225481e-05
0.154559088290748,0.774660370009162,-0.0140688192819325,-0.853010243839581,-0.0011651859751211,0.147076838710331,-0.00116761884514607,-1.07097555540594,-7.43054330926834e-05
0.155630978507143,0.774657554513118,-0.0141664554206384,-0.853011351635992,-0.00117326396293089,0.147076941597501,-0.00117574768768863,-1.07097970436011,-7.45103924640889e-05
0.156710302441275,0.774654699434193,-0.0142647700352374,-0.853012474897953,-0.00118139791089145,0.147077045831967,-0.00118393355182158,-1.07098391043811,-7.47103164604607e-05
0.15779711164708,0.774651804210555,-0.0143637678578991,-0.853013613842019,-0.00118958820564819,0.147077151430135,-0.00119217684628993,-1.0709881744177,-7.49050364715481e-05
0.158891458036027,0.774648868272256,-0.0144634536541207,-0.853014768687795,-0.00119783523649241,0.147077258408571,-0.00120047798294281,-1.07099249708698,-7.509437997201e-05
0.159993393879601,0.774645891041107,-0.0145638322229664,-0.85301593965798,-0.00120613939537875,0.147077366784009,-0.00120883737676036,-1.07099687924451,-7.52781704388139e-05
0.161102971811794,0.77464287193056,-0.0146649083973094,-0.853017126978409,-0.00121450107694267,0.147077476573345,-0.0012172554458809,-1.07100132169948,-7.54562272665682e-05
0.162220244831628,0.774639810345579,-0.014766687044075,-0.853018330878101,-0.00122292067851812,0.147077587793641,-0.0012257326116283,-1.0710058252718,-7.56283656816459e-05
0.163345266305675,0.774636705682518,-0.014869173064487,-0.853019551589301,-0.0012313986001552,0.147077700462126,-0.00123426929853984,-1.07101039079228,-7.57943966539776e-05
0.164478089970617,0.774633557328986,-0.0149723713943139,-0.853020789347529,-0.00123993524463803,0.147077814596192,-0.00124286593439409,-1.07101501910272,-7.59541268078173e-05
0.165618769935804,0.77463036466372,-0.015076287004118,-0.853022044391624,-0.00124853101750251,0.147077930213399,-0.00125152295023937,-1.0710197110561,-7.61073583298577e-05
0.166767360685846,0.774627127056455,-0.0151809248995069,-0.853023316963793,-0.00125718632705446,0.147078047331474,-0.00126024078042234,-1.07102446751666,-7.62538888762071e-05
0.167923917083208,0.774623843867781,-0.0152862901213857,-0.85302460730966,-0.00126590158438764,0.147078165968307,-0.00126901986261692,-1.07102928936011,-7.63935114772019e-05
0.169088494370839,0.774620514449014,-0.0153923877462118,-0.853025915678311,-0.0012746772034019,0.147078286141959,-0.00127786063785364,-1.07103417747369,-7.65260144401508e-05
0.170261148174801,0.774617138142053,-0.0154992228862516,-0.853027242322348,-0.00128351360082155,0.147078407870655,-0.00128676355054917,-1.07103913275641,-7.66511812505116e-05
0.171441934506935,0.774613714279237,-0.0156068006898383,-0.853028587497935,-0.00129241119621362,0.147078531172789,-0.00129572904853624,-1.0710441561191,-7.67687904707354e-05
0.172630909767531,0.774610242183206,-0.015715126341633,-0.853029951464855,-0.00130137041200634,0.147078656066918,-0.00130475758309387,-1.07104924848465,-7.68786156371964e-05
0.173828130748022,0.77460672116675,-0.0158242050628864,-0.853031334486553,-0.00131039167350779,0.147078782571769,-0.00131384960897795,-1.07105441078806,-7.69804251553041e-05
0.1750336546337,0.774603150532665,-0.0159340421117034,-0.853032736830195,-0.00131947540892444,0.147078910706235,-0.00132300558445216,-1.07105964397669,-7.70739821919775e-05
0.176247539006444,0.774599529573599,-0.0160446427833089,-0.853034158766721,-0.00132862204937987,0.147079040489374,-0.00133222597131918,-1.07106494901034,-7.71590445665243e-05
0.177469841847474,0.774595857571901,-0.0161560124103162,-0.853035600570895,-0.00133783202893372,0.147079171940411,-0.0013415112349523,-1.07107032686143,-7.72353646391055e-05
0.178700621540116,0.774592133799464,-0.016268156362997,-0.853037062521363,-0.00134710578460049,0.147079305078735,-0.00135086184432734,-1.07107577851517,-7.73026891968398e-05
0.179939936872594,0.774588357517571,-0.0163810800495534,-0.853038544900707,-0.00135644375636857,0.147079439923902,-0.00136027827205497,-1.07108130496968,-7.7360759337855e-05
0.181187847040838,0.774584527976727,-0.0164947889163924,-0.853040047995504,-0.00136584638721943,0.147079576495632,-0.00136976099441334,-1.07108690723618,-7.74093103530632e-05
0.182444411651309,0.774580644416505,-0.0166092884484014,-0.853041572096378,-0.00137531412314666,0.147079714813809,-0.0013793104913811,-1.07109258633915,-7.74480716052434e-05
0.183709690723849,0.774576706065372,-0.0167245841692271,-0.853043117498064,-0.00138484741317535,0.147079854898478,-0.00138892724667077,-1.07109834331645,-7.74767664061399e-05
0.184983744694544,0.774572712140527,-0.0168406816415552,-0.853044684499462,-0.00139444670938143,0.147079996769849,-0.00139861174776252,-1.07110417921957,-7.74951118910211e-05
0.186266634418617,0.774568661847729,-0.0169575864673927,-0.853046273403702,-0.00140411246691111,0.147080140448293,-0.00140836448593826,-1.07111009511368,-7.75028188903376e-05
0.187558421173328,0.774564554381118,-0.0170753042883526,-0.853047884518198,-0.00141384514400036,0.14708028595434,-0.00141818595631618,-1.0711160920779,-7.74995917995486e-05
0.188859166660905,0.774560388923045,-0.01719384078594,-0.853049518154715,-0.00142364520199468,0.147080433308683,-0.00142807665788566,-1.0711221712054,-7.74851284457562e-05
0.190168933011491,0.774556164643889,-0.0173132016818408,-0.853051174629429,-0.00143351310536859,0.147080582532168,-0.00143803709354254,-1.07112833360362,-7.74591199521057e-05
0.191487782786108,0.774551880701878,-0.0174333927382121,-0.853052854262993,-0.00144344932174565,0.147080733645802,-0.0014480677701248,-1.0711345803944,-7.742125059923e-05
0.192815778979652,0.774547536242899,-0.0175544197579753,-0.853054557380595,-0.00145345432191813,0.147080886670747,-0.0014581691984487,-1.07114091271417,-7.73711976841673e-05
0.194152985023894,0.774543130400315,-0.0176762885851109,-0.853056284312031,-0.00146352857986706,0.147081041628317,-0.00146834189334523,-1.07114733171414,-7.73086313763105e-05
0.195499464790516,0.774538662294769,-0.0177990051049553,-0.853058035391767,-0.00147367257278225,0.147081198539981,-0.00147858637369703,-1.07115383856046,-7.72332145709403e-05
0.196855282594159,0.774534131033992,-0.0179225752445,-0.853059810959005,-0.00148388678108237,0.147081357427356,-0.00148890316247576,-1.07116043443439,-7.7144602739096e-05
0.198220503195496,0.77452953571261,-0.0180470049726937,-0.853061611357755,-0.00149417168843516,0.147081518312209,-0.00149929278677981,-1.0711671205325,-7.7042443775488e-05
0.199595191804325,0.774524875411934,-0.0181723003007447,-0.853063436936901,-0.00150452778177769,0.147081681216455,-0.0015097557778725,-1.07117389806685,-7.69263778424845e-05
0.200979414082682,0.774520149199763,-0.0182984672824274,-0.853065288050274,-0.00151495555133663,0.14708184616215,-0.00152029267122069,-1.07118076826516,-7.67960372118348e-05
0.202373236147981,0.774515356130176,-0.0184255120143902,-0.85306716505672,-0.00152545549064882,0.147082013171496,-0.00153090400653385,-1.07118773237101,-7.66510461027436e-05
0.203776724576168,0.77451049524332,-0.0185534406364655,-0.853069068320175,-0.00153602809658148,0.147082182266833,-0.00154159032780359,-1.07119479164401,-7.64910205169611e-05
0.205189946404906,0.774505565565194,-0.0186822593319818,-0.853070998209736,-0.00154667386935308,0.147082353470638,-0.00155235218334354,-1.07120194736,-7.63155680709171e-05
0.206612969136771,0.774500566107439,-0.0188119743280792,-0.853072955099739,-0.00155739331255368,0.147082526805523,-0.00156319012582983,-1.07120920081126,-7.61242878241641e-05
0.208045860742482,0.774495495867108,-0.0189425918960252,-0.853074939369831,-0.0015681869331658,0.147082702294231,-0.00157410471234192,-1.07121655330665,-7.59167701046559e-05
0.209488689664142,0.774490353826447,-0.0190741183515346,-0.853076951405048,-0.00157905524158502,0.147082879959634,-0.001585096504404,-1.07122400617187,-7.5692596330737e-05
0.210941524818514,0.774485138952664,-0.0192065600550904,-0.853078991595893,-0.00158999875164089,0.14708305982473,-0.00159616606802675,-1.07123156074958,-7.54513388296074e-05
0.212404435600306,0.774479850197701,-0.0193399234122681,-0.853081060338416,-0.00160101798061781,0.147083241912637,-0.00160731397374965,-1.07123921839967,-7.51925606522486e-05
0.21387749188549,0.774474486497993,-0.0194742148740609,-0.853083158034292,-0.00161211344927585,0.147083426246592,-0.00161854079668379,-1.07124698049943,-7.49158153847129e-05
0.215360764034637,0.774469046774231,-0.0196094409372087,-0.853085285090903,-0.00162328568187183,0.147083612849947,-0.00162984711655516,-1.07125484844372,-7.4620646955903e-05
0.21685432289628,0.774463529931119,-0.0197456081445279,-0.853087441921422,-0.00163453520618029,0.147083801746164,-0.00164123351774838,-1.07126282364523,-7.4306589441353e-05
0.218358239810298,0.774457934857125,-0.0198827230852451,-0.853089628944897,-0.00164586255351467,0.147083992958811,-0.00165270058935099,-1.07127090753463,-7.3973166863972e-05
0.21987258661132,0.77445226042423,-0.0200207923953315,-0.853091846586332,-0.00165726825874831,0.147084186511558,-0.00166424892519827,-1.07127910156081,-7.36198929898457e-05
0.22139743563216,0.774446505487673,-0.020159822757841,-0.853094095276778,-0.00166875286033574,0.147084382428172,-0.00167587912391854,-1.07128740719109,-7.32462711210968e-05
0.222932859707273,0.77444066888569,-0.02029982090325,-0.853096375453419,-0.00168031690033384,0.147084580732513,-0.00168759178897901,-1.0712958259114,-7.28517938840822e-05
0.224478932176229,0.774434749439248,-0.0204407936097994,-0.85309868755966,-0.00169196092442315,0.147084781448529,-0.0016993875287321,-1.07130435922651,-7.24359430141347e-05
0.22603572688722,0.774428745951781,-0.0205827477038393,-0.853101032045219,-0.00170368548192916,0.147084984600249,-0.00171126695646237,-1.07131300866024,-7.19981891357108e-05
0.227603318200585,0.774422657208912,-0.0207256900601759,-0.853103409366217,-0.00171549112584357,0.147085190211777,-0.001723230690434,-1.07132177575568,-7.15379915384312e-05
0.229181780992365,0.774416481978179,-0.0208696276024207,-0.853105819985271,-0.00172737841284575,0.147085398307292,-0.0017352793539387,-1.0713306620754,-7.10547979491383e-05
0.230771190657875,0.774410219008751,-0.0210145673033425,-0.853108264371591,-0.00173934790332412,0.147085608911035,-0.00174741357534432,-1.07133966920165,-7.05480442993317e-05
0.23237162311531,0.774403867031143,-0.0211605161852211,-0.853110743001072,-0.00175140016139747,0.147085822047305,-0.00175963398814399,-1.07134879873661,-7.00171544881917e-05
0.233983154809368,0.774397424756919,-0.0213074813202036,-0.853113256356393,-0.00176353575493649,0.147086037740454,-0.00177194123100571,-1.07135805230259,-6.94615401411747e-05
0.235605862714901,0.774390890878405,-0.0214554698306638,-0.853115804927117,-0.00177575525558522,0.14708625601488,-0.00178433594782271,-1.07136743154228,-6.88806003643211e-05
0.237239824340596,0.774384264068378,-0.0216044888895627,-0.853118389209789,-0.00178805923878242,0.147086476895017,-0.00179681878776423,-1.0713769381189,-6.82737214931367e-05
0.238885117732672,0.774377542979765,-0.0217545457208124,-0.85312100970804,-0.00180044828378313,0.14708670040533,-0.00180939040532695,-1.07138657371653,-6.76402768378243e-05
0.240541821478611,0.774370726245333,-0.0219056475996423,-0.853123666932687,-0.00181292297368012,0.147086926570307,-0.00182205146038709,-1.07139634004025,-6.6979626422603e-05
0.242210014710909,0.774363812477366,-0.0220578018529669,-0.85312636140184,-0.00182548389542531,0.147087155414452,-0.00183480261825296,-1.07140623881641,-6.62911167209485e-05
0.24388977711086,0.77435680026735,-0.0222110158597567,-0.853129093641009,-0.00183813163985129,0.147087386962273,-0.00184764454971823,-1.07141627179286,-6.55740803855165e-05
0.24558118891236,0.77434968818564,-0.022365297051412,-0.853131864183211,-0.0018508668016928,0.147087621238278,-0.00186057793111582,-1.07142644073916,-6.48278359729887e-05
0.247284330905736,0.774342474781135,-0.0225206529121376,-0.853134673569077,-0.00186368997960806,0.147087858266962,-0.00187360344437237,-1.07143674744683,-6.40516876639491e-05
0.24899928444161,0.774335158580928,-0.022677090979321,-0.853137522346969,-0.00187660177620026,0.147088098072798,-0.00188672177706332,-1.07144719372956,-6.32449249772377e-05
0.250726131434783,0.774327738089973,-0.0228346188439127,-0.853140411073088,-0.00188960279803898,0.147088340680232,-0.00189993362246874,-1.0714577814235,-6.2406822479294e-05
0.252464954368146,0.774320211790733,-0.0229932441508093,-0.853143340311591,-0.00190269365568152,0.147088586113665,-0.00191323967962966,-1.07146851238742,-6.1536639488019e-05
0.254215836296621,0.774312578142817,-0.0231529745992379,-0.853146310634706,-0.0019158749636941,0.147088834397451,-0.00192664065340516,-1.07147938850302,-6.06336197707946e-05
0.25597886085113,0.77430483558263,-0.0233138179431441,-0.853149322622851,-0.00192914734067338,0.147089085555877,-0.00194013725453009,-1.07149041167511,-5.96969912375622e-05
0.257754112242586,0.774296982522998,-0.0234757819915815,-0.853152376864754,-0.00194251140926752,0.147089339613161,-0.00195373019967345,-1.07150158383189,-5.87259656276429e-05
0.259541675265918,0.774289017352793,-0.0236388746091038,-0.853155473957574,-0.0019559677961973,0.147089596593432,-0.00196742021149739,-1.07151290692519,-5.77197381909644e-05
0.261341635304121,0.774280938436562,-0.0238031037161602,-0.853158614507027,-0.00196951713227738,0.147089856520724,-0.00198120801871705,-1.07152438293068,-5.66774873635711e-05
0.263154078332332,0.77427274411413,-0.0239684772894912,-0.853161799127508,-0.00198316005243729,0.147090119418959,-0.00199509435616089,-1.07153601384816,-5.55983744370825e-05
0.26497909092194,0.774264432700216,-0.0241350033625282,-0.853165028442219,-0.00199689719574227,0.147090385311936,-0.00200907996483185,-1.07154780170175,-5.44815432218793e-05
0.266816760244719,0.774256002484028,-0.0243026900257956,-0.853168303083302,-0.00201072920541429,0.147090654223319,-0.00202316559196917,-1.0715597485402,-5.33261197044055e-05
0.268667174076992,0.774247451728858,-0.0244715454273138,-0.853171623691966,-0.00202465672885272,0.147090926176617,-0.00203735199111094,-1.07157185643708,-5.21312116981421e-05
0.270530420803823,0.774238778671672,-0.0246415777730062,-0.853174990918621,-0.0020386804176551,0.147091201195177,-0.00205163992215729,-1.07158412749106,-5.08959084882799e-05
0.27240658942324,0.774229981522687,-0.0248127953271071,-0.853178405423016,-0.00205280092763764,0.147091479302165,-0.00206603015143444,-1.07159656382616,-4.96192804696205e-05
0.274295769550488,0.774221058464947,-0.0249852064125727,-0.853181867874374,-0.00206701891885571,0.147091760520549,-0.00208052345175936,-1.07160916759199,-4.83003787782876e-05
0.276198051422303,0.774212007653886,-0.0251588194114939,-0.853185378951532,-0.00208133505562409,0.147092044873086,-0.00209512060250519,-1.07162194096399,-4.69382349168601e-05
0.278113525901229,0.774202827216885,-0.0253336427655117,-0.853188939343082,-0.00209575000653723,0.147092332382304,-0.00210982238966747,-1.07163488614371,-4.55318603720112e-05
0.280042284479955,0.774193515252831,-0.0255096849762349,-0.853192549747518,-0.00211026444448929,0.147092623070485,-0.0021246296059311,-1.07164800535904,-4.4080246226208e-05
0.281984419285683,0.774184069831654,-0.025686954605659,-0.853196210873377,-0.00212487904669396,0.147092916959645,-0.00213954305073794,-1.07166130086446,-4.25823627619171e-05
0.283940023084533,0.774174488993864,-0.0258654602765887,-0.85319992343939,-0.00213959449470418,0.147093214071519,-0.00215456353035535,-1.07167477494134,-4.10371590587322e-05
0.285909189285972,0.774164770750079,-0.0260452106730617,-0.853203688174633,-0.00215441147443179,0.147093514427541,-0.00216969185794545,-1.0716884298981,-3.94435625835632e-05
0.287892011947275,0.774154913080548,-0.0262262145407742,-0.85320750581868,-0.0021693306761667,0.147093818048821,-0.00218492885363504,-1.07170226807058,-3.7800478772998e-05
0.289888585778017,0.774144913934659,-0.0264084806875102,-0.853211377121754,-0.0021843527945962,0.147094124956131,-0.00220027534458648,-1.07171629182221,-3.61067906091417e-05
0.291899006144599,0.774134771230447,-0.0265920179835706,-0.853215302844892,-0.0021994785288238,0.147094435169877,-0.00221573216506926,-1.07173050354428,-3.43613581868518e-05
0.293923369074803,0.774124482854086,-0.0267768353622061,-0.853219283760097,-0.00221470858238797,0.147094748710083,-0.0022313001565324,-1.07174490565625,-3.25630182742287e-05
0.295961771262377,0.774114046659378,-0.0269629418200512,-0.853223320650505,-0.00223004366328065,0.147095065596364,-0.00224698016767765,-1.07175950060592,-3.07105838648625e-05
0.298014310071653,0.77410346046723,-0.0271503464175607,-0.853227414310551,-0.00224548448396538,0.147095385847906,-0.00226277305453347,-1.07177429086977,-2.88028437225862e-05
0.300081083542203,0.774092722065123,-0.0273390582794475,-0.853231565546132,-0.00226103176139544,0.147095709483443,-0.0022786796805299,-1.07178927895314,-2.68385619177358e-05
0.302162190393513,0.774081829206578,-0.0275290865951227,-0.853235775174781,-0.0022766862170313,0.147096036521226,-0.00229470091657421,-1.07180446739057,-2.48164773557769e-05
0.304257730029708,0.774070779610598,-0.0277204406191376,-0.853240044025837,-0.00229244857685823,0.147096366979006,-0.00231083764112738,-1.07181985874596,-2.27353032974664e-05
0.306367802544292,0.77405957096112,-0.0279131296716275,-0.853244372940621,-0.00230831957140326,0.147096700874004,-0.0023270907402814,-1.07183545561292,-2.05937268709655e-05
0.308492508724934,0.774048200906439,-0.0281071631387566,-0.853248762772617,-0.00232429993575197,0.14709703822288,-0.0023434611078375,-1.07185126061494,-1.83904085750697e-05
0.31063195005828,0.774036667058639,-0.0283025504731656,-0.853253214387647,-0.00234039040956497,0.147097379041713,-0.00235994964538507,-1.07186727640571,-1.61239817743908e-05
0.312786228734801,0.774024966993,-0.0284993011944204,-0.853257728664059,-0.00235659173709386,0.147097723345965,-0.00237655726238162,-1.07188350566936,-1.37930521853236e-05
0.314955447653674,0.774013098247408,-0.0286974248894621,-0.853262306492914,-0.00237290466719706,0.147098071150458,-0.00239328487623346,-1.07189995112068,-1.13961973537136e-05
0.317139710427697,0.774001058321741,-0.0288969312130594,-0.85326694877817,-0.00238932995335499,0.147098422469336,-0.00241013341237729,-1.07191661550541,-8.93196612319902e-06
0.319339121388238,0.77398884467726,-0.0290978298882618,-0.85327165643688,-0.00240586835368507,0.14709877731604,-0.0024271038043627,-1.07193350160047,-6.39887809469886e-06
0.321553785590219,0.773976454735976,-0.0293001307068545,-0.853276430399384,-0.0024225206309562,0.147099135703272,-0.00244419699393545,-1.07195061221425,-3.79542307687997e-06
0.323783808817133,0.773963885880017,-0.0295038435298142,-0.853281271609507,-0.00243928755260261,0.147099497642962,-0.00246141393112174,-1.0719679501868,-1.12006052685465e-06
0.326029297586097,0.773951135450975,-0.0297089782877671,-0.853286181024763,-0.00245616989073769,0.147099863146236,-0.00247875557431327,-1.07198551839014,1.6287810178095e-06
0.328290359152942,0.77393820074925,-0.0299155449814474,-0.853291159616557,-0.00247316842216682,0.147100232223378,-0.00249622289035326,-1.07200331972844,4.4527045176268e-06
0.330567101517332,0.773925079033381,-0.0301235536821568,-0.853296208370392,-0.00249028392840011,0.147100604883791,-0.00251381685462329,-1.07202135713836,7.3533450180574e-06
0.332859633427924,0.773911767519359,-0.030333014532226,-0.853301328286082,-0.00250751719566427,0.147100981135968,-0.00253153845113112,-1.07203963358919,1.03323702475844e-05
0.335168064387565,0.773898263379939,-0.030543937745476,-0.853306520377966,-0.00252486901491424,0.147101360987442,-0.00254938867259933,-1.07205815208318,1.33914812244784e-05
0.337492504658521,0.773884563743932,-0.0307563336076815,-0.853311785675122,-0.00254234018184395,0.147101744444756,-0.00256736852055491,-1.07207691565573,1.65324128744704e-05
0.339833065267741,0.773870665695493,-0.030970212477034,-0.853317125221592,-0.00255993149689668,0.147102131513417,-0.00258547900541973,-1.07209592737565,1.97569346579718e-05
0.342189858012163,0.773856566273386,-0.0311855847846065,-0.853322540076603,-0.0025776437652748,0.147102522197852,-0.00260372114660196,-1.07211519034541,2.30668512080368e-05
0.344562995464054,0.773842262470249,-0.0314024610348183,-0.853328031314799,-0.00259547779694862,0.147102916501371,-0.00262209597258834,-1.07213470770132,2.64640029783991e-05
0.346952590976386,0.773827751231837,-0.0316208518059004,-0.853333600026464,-0.00261343440666479,0.147103314426116,-0.00264060452103738,-1.07215448261385,2.99502669021123e-05
0.349358758688252,0.773813029456259,-0.0318407677503618,-0.853339247317767,-0.00263151441395396,0.147103715973019,-0.00265924783887351,-1.07217451828778,3.35275570610694e-05
0.351781613530314,0.773798093993197,-0.0320622195954557,-0.853344974310993,-0.00264971864313764,0.147104121141751,-0.00267802698238216,-1.07219481796246,3.71978253659311e-05
0.354221271230298,0.773782941643118,-0.0322852181436457,-0.853350782144788,-0.00266804792333426,0.147104529930679,-0.00269694301730562,-1.07221538491206,4.09630622472401e-05
0.356677848318515,0.773767569156464,-0.032509774273073,-0.853356671974405,-0.00268650308846457,0.147104942336809,-0.00271599701894,-1.07223622244575,4.48252973573593e-05
0.359151462133436,0.773751973232839,-0.0327358989380224,-0.853362644971954,-0.00270508497725602,0.14710535835574,-0.00273519007223296,-1.07225733390792,4.87866002838178e-05
0.361642230827288,0.773736150520175,-0.0329636031693889,-0.853368702326654,-0.00272379443324641,0.14710577798161,-0.00275452327188248,-1.07227872267845,5.28490812735927e-05
0.364150273371703,0.773720097613887,-0.0331928980751445,-0.853374845245092,-0.00274263230478677,0.14710620120704,-0.00277399772243643,-1.07230039217284,5.70148919690761e-05
0.366675709563398,0.773703811056012,-0.0334237948408034,-0.853381074951486,-0.00276159944504293,0.14710662802308,-0.00279361453839311,-1.07232234584248,6.12862261551161e-05
0.369218660029898,0.773687287334338,-0.033656304729887,-0.853387392687947,-0.00278069671199639,0.147107058419149,-0.00281337484430274,-1.07234458717484,6.56653205184654e-05
0.371779246235299,0.773670522881511,-0.0338904390843896,-0.853393799714752,-0.00279992496844429,0.147107492382979,-0.00283327977486978,-1.07236711969364,7.01544554179423e-05
0.374357590486067,0.773653514074139,-0.0341262093252413,-0.853400297310619,-0.00281928508199798,0.147107929900555,-0.00285333047505623,-1.07238994695907,7.4755955667638e-05
0.376953815936883,0.773636257231868,-0.034363626952771,-0.853406886772979,-0.00283877792508088,0.147108370956049,-0.00287352810018577,-1.07241307256801,7.94721913307539e-05
0.379568046596523,0.773618748616452,-0.0346027035471686,-0.853413569418268,-0.00285840437492493,0.147108815531759,-0.00289387381604888,-1.07243650015413,8.43055785269275e-05
0.382200407333782,0.773600984430803,-0.0348434507689444,-0.853420346582207,-0.00287816531356613,0.147109263608043,-0.00291436879900875,-1.07246023338816,8.92585802505508e-05
0.384851023883439,0.773582960818028,-0.0350858803593892,-0.853427219620097,-0.00289806162783854,0.147109715163249,-0.0029350142361082,-1.07248427597802,9.43337072022155e-05
0.387520022852263,0.773564673860453,-0.0353300041410312,-0.853434189907114,-0.00291809420936746,0.147110170173652,-0.00295581132517744,-1.07250863166899,9.95335186323443e-05
0.390207531725059,0.77354611957862,-0.0355758340180906,-0.853441258838608,-0.00293826395456086,0.147110628613376,-0.0029767612749426,-1.07253330424388,0.000104860623197256
0.392913678870758,0.77352729393028,-0.0358233819769351,-0.853448427830415,-0.00295857176459987,0.147111090454325,-0.00299786530513536,-1.0725582975232,0.000110317679827721
0.395638593548549,0.773508192809363,-0.0360726600865289,-0.853455698319157,-0.00297901854542749,0.147111555666108,-0.00301912464660321,-1.07258361536528,0.00011590739861092
0.398382405914052,0.773488812044937,-0.036323680498884,-0.853463071762569,-0.00299960520773626,0.147112024215961,-0.00304054054142078,-1.07260926166646,0.000121632541684596
0.401145247025537,0.773469147400137,-0.0365764554495047,-0.853470549639807,-0.00302033266695403,0.14711249606867,-0.00306211424300184,-1.07263524036119,0.000127495924144239
0.403927248850181,0.773449194571096,-0.0368309972578319,-0.853478133451783,-0.00304120184322848,0.147112971186487,-0.00308384701621219,-1.07266155542215,0.000133500414963822
0.406728544270374,0.773428949185839,-0.037087318327684,-0.853485824721489,-0.00306221366140993,0.14711344952905,-0.00310574013748349,-1.07268821086043,0.000139648937928866
0.409549267090063,0.773408406803177,-0.0373454311476935,-0.853493624994336,-0.00308336905103238,0.147113931053298,-0.00312779489492774,-1.0727152107256,0.000145944472583481
0.412389552041149,0.773387562911569,-0.0376053482917413,-0.853501535838489,-0.00310466894629305,0.147114415713382,-0.00315001258845269,-1.07274255910583,0.000152390055190438
0.415249534789915,0.773366412927974,-0.0378670824193871,-0.85350955884522,-0.00312611428602998,0.147114903460577,-0.00317239452987797,-1.07277026012799,0.000158988779704355
0.418129351943512,0.773344952196682,-0.0381306462762947,-0.853517695629254,-0.00314770601369774,0.147115394243188,-0.00319494204305199,-1.07279831795773,0.000165743798759138
0.421029141056481,0.773323175988127,-0.0383960526946552,-0.853525947829128,-0.00316944507734149,0.147115888006461,-0.0032176564639697,-1.07282673679959,0.000172658324667563
0.423949040637325,0.77330107949768,-0.0386633145936034,-0.85353431710755,-0.00319133242956863,0.147116384692479,-0.00324053914089099,-1.07285552089705,0.00017973563043655
0.426889190155123,0.773278657844424,-0.0389324449796311,-0.853542805151772,-0.00321336902751892,0.147116884240072,-0.00326359143445981,-1.0728846745326,0.000186979050794067
0.429849730046193,0.773255906069908,-0.0392034569469952,-0.853551413673958,-0.00323555583283211,0.147117386584707,-0.00328681471782415,-1.07291420202778,0.000194391983231262
0.432830801720801,0.773232819136887,-0.0394763636781195,-0.853560144411569,-0.0032578938116135,0.147117891658392,-0.00331021037675651,-1.07294410774326,0.000201977889057653
0.435832547569911,0.773209391928034,-0.0397511784439926,-0.853568999127742,-0.00328038393439731,0.147118399389564,-0.00333377980977526,-1.07297439607883,0.000209740294470573
0.438855110971994,0.773185619244635,-0.0400279146045582,-0.853577979611686,-0.00330302717610758,0.147118909702984,-0.00335752442826646,-1.07300507147344,0.000217682791638446
0.441898636299867,0.773161495805269,-0.0403065856090999,-0.853587087679077,-0.00332582451601681,0.147119422519621,-0.00338144565660633,-1.07303613840525,0.000225809039797492
0.444963268927599,0.773137016244459,-0.0405872049966203,-0.853596325172463,-0.00334877693770191,0.147119937756544,-0.00340554493228451,-1.07306760139154,0.000234122766363892
0.448049155237445,0.773112175111309,-0.040869786396212,-0.853605693961673,-0.00337188542899782,0.147120455326799,-0.00342982370602773,-1.07309946498878,0.000242627768058307
0.451156442626847,0.773086966868115,-0.0411543435274226,-0.85361519594423,-0.00339515098194825,0.147120975139293,-0.00345428344192405,-1.07313173379257,0.000251327912045712
0.454285279515466,0.773061385888956,-0.0414408902006103,-0.853624833045779,-0.00341857459275365,0.147121497098667,-0.00347892561754767,-1.0731644124376,0.000260227137088676
0.457435815352278,0.773035426458268,-0.0417294403172948,-0.853634607220512,-0.00344215726171665,0.147122021105177,-0.00350375172408425,-1.07319750559763,0.000269329454715167
0.46060820062271,0.77300908276939,-0.0420200078704969,-0.853644520451605,-0.0034658999931842,0.147122547054559,-0.00352876326645666,-1.07323101798537,0.00027863895039984
0.463802586855826,0.772982348923091,-0.0423126069450711,-0.85365457475166,-0.00348980379548677,0.147123074837902,-0.00355396176345125,-1.07326495435245,0.000288159784760794
0.467019126631568,0.772955218926072,-0.0426072517180288,-0.853664772163156,-0.0035138696808745,0.14712360434151,-0.00357934874784436,-1.07329931948931,0.000297896194768721
0.470257973588042,0.772927686689453,-0.0429039564588531,-0.853675114758899,-0.00353809866545022,0.147124135446766,-0.00360492576652941,-1.0733341182251,0.000307852494971478
0.473519282428857,0.772899746027229,-0.0432027355298018,-0.853685604642494,-0.00356249176909876,0.147124668029991,-0.00363069438064419,-1.07336935542755,0.000318033078732349
0.476803208930514,0.772871390654704,-0.0435036033862025,-0.853696243948806,-0.00358705001541314,0.147125201962298,-0.00365665616569853,-1.07340503600282,0.00032844241948235
0.480109909949849,0.772842614186909,-0.0438065745767356,-0.853707034844447,-0.00361177443161708,0.147125737109448,-0.00368281271170211,-1.07344116489538,0.000339085071986267
0.483439543431522,0.772813410136988,-0.0441116637437072,-0.85371797952825,-0.00363666604848392,0.147126273331694,-0.00370916562329269,-1.0734777470878,0.000349965673623415
0.486792268415562,0.772783771914564,-0.04441888562331,-0.853729080231771,-0.00366172590025149,0.147126810483633,-0.00373571651986434,-1.07351478760061,0.000361088945681876
0.490168245044966,0.772753692824086,-0.0447282550458727,-0.85374033921978,-0.0036869550245334,0.147127348414043,-0.00376246703569591,-1.07355229149204,0.000372459694666344
0.493567634573345,0.772723166063138,-0.0450397869360965,-0.853751758790776,-0.00371235446222625,0.147127886965722,-0.00378941882007951,-1.07359026385783,0.000384082813620429
0.496990599372628,0.772692184720745,-0.0453534963132803,-0.853763341277496,-0.00373792525741224,0.147128425975327,-0.00381657353744922,-1.07362870983101,0.000395963283462308
0.500437302940819,0.77266074177563,-0.0456693982915296,-0.853775089047439,-0.00376366845725812,0.147128965273204,-0.00384393286750951,-1.07366763458157,0.000408106174333706
0.503907909909802,0.772628830094468,-0.0459875080799558,-0.853787004503399,-0.00378958511190931,0.147129504683211,-0.00387149850536389,-1.07370704331626,0.000420516646963243
0.50740258605321,0.772596442430102,-0.0463078409828573,-0.853799090084003,-0.00381567627437952,0.14713004402255,-0.00389927216164328,-1.07374694127824,0.000433199954042285
0.510921498294339,0.772563571419739,-0.0466304123998881,-0.853811348264254,-0.00384194300043565,0.14713058310158,-0.00392725556263429,-1.07378733374679,0.000446161441614606
0.514464814714125,0.772530209583119,-0.0469552378262106,-0.853823781556089,-0.00386838634847802,0.14713112172364,-0.00395545045040729,-1.07382822603693,0.000459406550479213
0.518032704559168,0.77249634932066,-0.0472823328526323,-0.853836392508945,-0.00389500737941535,0.147131659684855,-0.0039838585829442,-1.07386962349911,0.000472940817605794
0.52162533824982,0.772461982911576,-0.0476117131657259,-0.853849183710325,-0.00392180715653461,0.147132196773949,-0.00401248173426591,-1.07391153151879,0.000486769877563437
0.525242887388322,0.772427102511969,-0.0479433945479333,-0.853862157786383,-0.00394878674536572,0.147132732772046,-0.00404132169455939,-1.07395395551606,0.00050089946396184
0.528885524767003,0.7723917001529,-0.0482773928776517,-0.853875317402509,-0.00397594721354066,0.147133267452474,-0.0040703802703043,-1.07399690094517,0.000515335410904649
0.532553424376533,0.772355767738423,-0.0486137241293009,-0.853888665263931,-0.00400328963064685,0.147133800580558,-0.00409965928439904,-1.07404037329413,0.000530083654455504
0.536246761414231,0.772319297043606,-0.0489524043733727,-0.853902204116317,-0.0040308150680749,0.147134331913413,-0.00412916057628629,-1.07408437808421,0.00054515023411672
0.539965712292437,0.772282279712518,-0.0492934497764615,-0.853915936746396,-0.00405852459886025,0.147134861199732,-0.00415888600207786,-1.07412892086943,0.000560541294317596
0.543710454646936,0.772244707256186,-0.0496368766012736,-0.853929865982577,-0.00408641929751846,0.14713538817957,-0.00418883743467877,-1.07417400723604,0.000576263085917739
0.547481167345445,0.772206571050535,-0.0499827012066168,-0.853943994695586,-0.00411450023987462,0.14713591258412,-0.00421901676391057,-1.07421964280198,0.000592321967718024
0.551278030496154,0.772167862334297,-0.0503309400473694,-0.85395832579911,-0.00414276850288577,0.147136434135489,-0.00424942589663383,-1.0742658332163,0.000608724407985761
0.55510122545633,0.772128572206886,-0.0506816096744262,-0.853972862250447,-0.00417122516445671,0.14713695254647,-0.00428006675686951,-1.07431258415855,0.000625476985988249
0.558950934840979,0.77208869162626,-0.051034726734623,-0.853987607051169,-0.00419987130324877,0.147137467520305,-0.00431094128591944,-1.07435990133815,0.000642586393538425
0.56282734253157,0.772048211406743,-0.0513903079706376,-0.854002563247794,-0.00422870799848193,0.147137978750445,-0.00434205144248565,-1.07440779049372,0.000660059436549898
0.566730633684818,0.772007122216828,-0.0517483702208667,-0.854017733932466,-0.0042577363297287,0.147138485920308,-0.00437339920278837,-1.07445625739243,0.000677903036601313
0.570660994741526,0.771965414576949,-0.0521089304192792,-0.85403312224365,-0.00428695737670128,0.147138988703031,-0.00440498656068294,-1.07450530782925,0.000696124232512141
0.574618613435493,0.771923078857226,-0.0524720055952435,-0.854048731366827,-0.00431637221903042,0.147139486761214,-0.00443681552777514,-1.07455494762619,0.000714730181924361
0.578603678802477,0.771880105275184,-0.0528376128733287,-0.854064564535212,-0.0043459819360363,0.147139979746664,-0.00446888813353508,-1.07460518263157,0.000733728162895908
0.582616381189231,0.771836483893446,-0.053205769473081,-0.854080625030467,-0.00437578760649152,0.147140467300129,-0.00450120642540968,-1.07465601871918,0.000753125575500724
0.586656912262587,0.771792204617391,-0.0535764927087697,-0.854096916183443,-0.00440579030837517,0.147140949051033,-0.00453377246893317,-1.07470746178747,0.000772929943436473
0.590725465018618,0.771747257192798,-0.0539497999891078,-0.85411344137491,-0.00443599111861827,0.147141424617203,-0.00456658834783609,-1.07475951775864,0.000793148915641251
0.594822233791852,0.771701631203447,-0.0543257088169426,-0.85413020403632,-0.00446639111284051,0.147141893604589,-0.00459965616415224,-1.07481219257775,0.000813790267914782
0.598947414264556,0.771655316068705,-0.0547042367889165,-0.854147207650563,-0.00449699136507734,0.14714235560698,-0.00463297803832378,-1.07486549221183,0.000834861904548678
0.603101203476082,0.77160830104108,-0.0550854015950982,-0.85416445575274,-0.00452779294749794,0.147142810205718,-0.00466655610930406,-1.07491942264885,0.000856371859959959
0.607283799832281,0.771560575203743,-0.0554692210185814,-0.854181951930954,-0.00455879693011303,0.147143256969406,-0.00470039253465843,-1.07497398989674,0.000878328300332909
0.611495403114975,0.771512127468035,-0.0558557129350528,-0.854199699827095,-0.00459000438047322,0.147143695453604,-0.00473448949066257,-1.07502919998236,0.000900739525262484
0.615736214491506,0.771462946570932,-0.0562448953123276,-0.854217703137656,-0.00462141636335622,0.147144125200529,-0.00476884917239858,-1.07508505895043,0.000923613969405046
0.620006436524339,0.771413021072493,-0.0566367862098488,-0.854235965614539,-0.00465303394044426,0.147144545738747,-0.00480347379384823,-1.07514157286239,0.000946960204130709
0.624306273180741,0.771362339353281,-0.0570314037781556,-0.854254491065893,-0.00468485816999016,0.147144956582855,-0.00483836558798389,-1.07519874779529,0.00097078693917968
0.628635929842521,0.771310889611747,-0.057428766258314,-0.854273283356947,-0.00471689010647228,0.14714535723316,-0.00487352680685632,-1.07525658984059,0.000995103024320432
0.632995613315842,0.771258659861601,-0.0578288919813123,-0.85429234641086,-0.00474913080023804,0.147145747175361,-0.00490895972167979,-1.07531510510294,0.00101991745101021
0.637385531841099,0.771205637929147,-0.0582317993674193,-0.854311684209585,-0.00478158129713554,0.147146125880209,-0.00494466662291398,-1.07537429969894,0.00104523935405654
0.641805895102865,0.771151811450593,-0.0586375069255053,-0.854331300794742,-0.00481424263813308,0.147146492803178,-0.00498064982034283,-1.07543417975579,0.0010710780132786
0.646256914239905,0.77109716786934,-0.0590460332523238,-0.854351200268498,-0.00484711585892635,0.147146847384118,-0.00501691164314992,-1.07549475141002,0.00109744285516866
0.650738801855265,0.771041694433235,-0.0594573970317533,-0.85437138679447,-0.00488020198953248,0.147147189046912,-0.00505345443999052,-1.07555602080609,0.00112434345455203
0.655251772026422,0.770985378191812,-0.0598716170340006,-0.854391864598624,-0.00491350205387135,0.147147517199119,-0.00509028057906001,-1.07561799409494,0.00115178953624584
0.659796040315516,0.770928205993491,-0.0602887121147592,-0.8544126379702,-0.00494701706933318,0.147147831231619,-0.00512739244815843,-1.07568067743259,0.00117979097671406
0.664371823779638,0.770870164482766,-0.0607087012143301,-0.854433711262644,-0.00498074804633225,0.147148130518248,-0.0051647924547514,-1.07574407697858,0.00120835780571976
0.668979340981204,0.770811240097364,-0.0611316033566952,-0.854455088894543,-0.00501469598784667,0.147148414415427,-0.00520248302602675,-1.0758081988945,0.00123750020797292
0.673618811998395,0.770751419065368,-0.0615574376485495,-0.854476775350586,-0.00504886188894325,0.147148682261788,-0.00524046660894711,-1.07587304934235,0.00126722852477223
0.678290458435663,0.770690687402334,-0.0619862232782867,-0.854498775182528,-0.00508324673628754,0.147148933377793,-0.00527874567029812,-1.07593863448292,0.00129755325564201
0.682994503434323,0.770629030908375,-0.0624179795149407,-0.854521093010169,-0.00511785150763877,0.147149167065346,-0.00531732269673214,-1.07600496047416,0.00132848505996019
0.687731171683206,0.770566435165213,-0.0628527257070785,-0.85454373352234,-0.00515267717132867,0.147149382607402,-0.00535620019480738,-1.07607203346943,0.00136003475858043
0.692500689429393,0.770502885533226,-0.0632904812816461,-0.854566701477914,-0.00518772468572438,0.147149579267572,-0.00539538069102207,-1.07613985961577,0.00139221333544343
0.697303284489026,0.770438367148453,-0.0637312657427663,-0.854590001706807,-0.00522299499867469,0.147149756289711,-0.00543486673184376,-1.07620844505208,0.00142503193917848
0.70213918625818,0.770372864919593,-0.0641750986704865,-0.854613639111015,-0.00525848904693943,0.147149912897519,-0.00547466088373353,-1.07627779590727,0.00145850188469543
0.70700862572383,0.77030636352497,-0.064621999719476,-0.854637618665649,-0.00529420775560167,0.147150048294119,-0.00551476573316475,-1.07634791829839,0.00149263465476179
0.71191183547488,0.770238847409484,-0.065071988617672,-0.854661945419979,-0.00533015203746148,0.147150161661637,-0.00555518388663648,-1.0764188183287,0.0015274419015695
0.716849049713269,0.770170300781533,-0.0655250851648729,-0.854686624498506,-0.00536632279241214,0.147150252160781,-0.00559591797068112,-1.07649050208565,0.00156293544828473
0.721820504265165,0.770100707609925,-0.06598130923128,-0.854711661102028,-0.00540272090679718,0.147150318930403,-0.00563697063186643,-1.07656297563887,0.00159912729058492
0.726826436592224,0.770030051620761,-0.0664406807559811,-0.854737060508729,-0.00543934725274836,0.147150361087064,-0.00567834453679113,-1.07663624503812,0.00163602959817599
0.731867085802933,0.769958316294304,-0.0669032197453843,-0.854762828075277,-0.00547620268750432,0.147150377724593,-0.00572004237207493,-1.07671031631114,0.00167365471629538
0.736942692664033,0.769885484861824,-0.0673689462715913,-0.854788969237935,-0.00551328805270851,0.147150367913637,-0.00576206684434164,-1.07678519546147,0.00171201516719238
0.742053499612018,0.769811540302433,-0.0678378804707154,-0.854815489513679,-0.00555060417368729,0.147150330701203,-0.00580442068019602,-1.07686088846628,0.00175112365159125
0.747199750764715,0.769736465339891,-0.0683100425411423,-0.854842394501337,-0.00558815185870613,0.147150265110206,-0.00584710662619387,-1.07693740127404,0.00179099305013086
0.752381691932944,0.769660242439407,-0.0687854527417306,-0.85486968988273,-0.00562593189820518,0.147150170138999,-0.00589012744880515,-1.07701473980229,0.00183163642478201
0.757599570632259,0.769582853804416,-0.0692641313899535,-0.85489738142383,-0.00566394506401198,0.147150044760903,-0.00593348593437006,-1.0770929099352,0.00187306702024154
0.762853636094773,0.769504281373343,-0.0697460988599796,-0.854925474975934,-0.00570219210853196,0.147149887923734,-0.00597718488904772,-1.07717191752122,0.00191529826529924
0.768144139281058,0.769424506816351,-0.0702313755806912,-0.854953976476836,-0.00574067376391578,0.14714969854932,-0.00602122713875747,-1.0772517683706,0.00195834377417964
0.773471332892138,0.769343511532078,-0.0707199820336422,-0.854982891952025,-0.0057793907412029,0.147149475533013,-0.00606561552911251,-1.07733246825289,0.00200221734785488
0.778835471381553,0.769261276644359,-0.0712119387509504,-0.855012227515889,-0.00581834372944139,0.147149217743205,-0.00611035292534556,-1.07741402289441,0.00204693297532732
0.784236810967519,0.76917778299893,-0.0717072663131266,-0.855041989372927,-0.0058575333947824,0.147148924020821,-0.0061554422122265,-1.0774964379756,0.00209250483488266
0.78967560964516,0.769093011160136,-0.0722059853468385,-0.855072183818973,-0.00589696037955008,0.147148593178827,-0.00620088629397176,-1.07757971912843,0.00213894729530872
0.795152127198837,0.76900694140761,-0.0727081165226086,-0.855102817242439,-0.00593662530128503,0.147148224001719,-0.00624668809414533,-1.07766387193367,0.00218627491708234
0.800666625214554,0.768919553732951,-0.0732136805524446,-0.855133896125559,-0.00597652875176176,0.147147815245013,-0.00629285055555089,-1.07774890191817,0.00223450245351908
0.806219367092452,0.7688308278364,-0.0737226981874027,-0.855165427045646,-0.00601667129597905,0.14714736563473,-0.00633937664011532,-1.07783481455205,0.0022836448518872
0.811810618059391,0.768740743123489,-0.0742351902150822,-0.855197416676368,-0.00605705347112288,0.147146873866872,-0.00638626932876305,-1.07792161524588,0.00233371725448278
0.817440645181619,0.768649278701707,-0.0747511774570503,-0.855229871789017,-0.00609767578550099,0.147146338606903,-0.00643353162128104,-1.07800930934779,0.0023847349996638
0.823109717377527,0.768556413377138,-0.0752706807661973,-0.855262799253809,-0.0061385387174491,0.147145758489215,-0.00648116653617457,-1.07809790214053,0.00243671362284553
0.828818105430497,0.768462125651106,-0.0757937210240194,-0.85529620604118,-0.00617964271420726,0.147145132116593,-0.00652917711051308,-1.07818739883851,0.00248966885744956
0.834566082001833,0.76836639371682,-0.0763203191378328,-0.855330099223091,-0.00622098819076697,0.147144458059684,-0.00657756639976642,-1.07827780458477,0.00254361663581015
0.840353921643785,0.768269195456,-0.0768504960379099,-0.855364485974355,-0.00626257552868698,0.147143734856446,-0.00662633747763072,-1.0783691244479,0.00259857309003364
0.846181900812664,0.768170508435517,-0.077384272674548,-0.855399373573959,-0.00630440507487856,0.147142961011608,-0.00667549343584435,-1.07846136341895,0.00265455455281033
0.852050297882047,0.768070309904027,-0.0779216700150602,-0.855434769406406,-0.0063464771403587,0.14714213499612,-0.00672503738399319,-1.07855452640826,0.00271157755817625
0.857959393156072,0.767968576788599,-0.0784627090406919,-0.855470680963056,-0.00638879199897061,0.147141255246595,-0.00677497244930529,-1.07864861824225,0.00276965884222474
0.863909468882829,0.767865285691354,-0.0790074107434627,-0.855507115843485,-0.00643134988607182,0.147140320164759,-0.00682530177643464,-1.07874364366021,0.00282881534376389
0.86990080926784,0.767760412886105,-0.0795557961229317,-0.855544081756845,-0.00647415099718791,0.147139328116883,-0.006876028527234,-1.07883960731096,0.00288906420492091
0.875933700487633,0.767653934314991,-0.0801078861828859,-0.855581586523237,-0.00651719548663222,0.147138277433227,-0.00692715588051639,-1.07893651374957,0.00295042277169
0.882008430703416,0.767545825585133,-0.08066370192795,-0.855619638075086,-0.00656048346609041,0.147137166407466,-0.00697868703180497,-1.07903436743396,0.00301290859442177
0.888125290074835,0.767436061965279,-0.0812232643601203,-0.855658244458526,-0.00660401500316957,0.147135993296127,-0.00703062519307169,-1.0791331727215,0.00307653942825442
0.894284570773836,0.767324618382467,-0.0817865944752171,-0.855697413834794,-0.00664779011991048,0.147134756318015,-0.0070829735924637,-1.07923293386558,0.00314133323348387
0.900486566998624,0.767211469418698,-0.08235371325926,-0.855737154481627,-0.00669180879126344,0.147133453653636,-0.00713573547401793,-1.07933365501209,0.00320730817586962
0.906731574987708,0.767096589307609,-0.0829246416847613,-0.855777474794665,-0.00673607094352618,0.147132083444623,-0.00718891409736337,-1.07943534019593,0.00327448262687857
0.913019893034057,0.766979951931167,-0.0834994007069401,-0.855818383288861,-0.00678057645274324,0.147130643793157,-0.00724251273741106,-1.07953799333742,0.00334287516386139
0.919351821499347,0.76686153081637,-0.0840780112598548,-0.855859888599894,-0.00682532514306647,0.147129132761385,-0.0072965346840313,-1.07964161823873,0.00341250457016112
0.925727662828307,0.766741299131969,-0.0846604942524542,-0.855901999485591,-0.00687031678507607,0.147127548370838,-0.00735098324171839,-1.07974621858025,0.00348338983515467
0.932147721563161,0.766619229685192,-0.0852468705645465,-0.855944724827347,-0.00691555109406065,0.14712588860185,-0.00740586172924209,-1.07985179791691,0.00355555015422049
0.938612304358183,0.766495294918502,-0.0858371610426853,-0.855988073631551,-0.00696102772825691,0.147124151392967,-0.00746117347928617,-1.07995835967452,0.00362900492863605
0.945121719994339,0.766369466906356,-0.0864313864959739,-0.856032055031018,-0.00700674628704698,0.147122334640368,-0.00751692183807365,-1.08006590714602,0.00370377376540071
0.951676279394036,0.766241717351998,-0.0870295676917838,-0.85607667828642,-0.0070527063091133,0.147120436197273,-0.00757311016497843,-1.08017444348776,0.00377987647698252
0.958276295635973,0.76611201758426,-0.087631725351393,-0.856121952787717,-0.00709890727055112,0.147118453873358,-0.00762974183212363,-1.0802839717157,0.00385733308098946
0.964922083970099,0.765980338554396,-0.0882378801455362,-0.856167888055595,-0.00714534858293626,0.147116385434169,-0.0076868202239656,-1.08039449470164,0.00393616379975925
0.971613961832666,0.765846650832932,-0.0888480526898731,-0.856214493742902,-0.00719202959134876,0.147114228600533,-0.00774434873686453,-1.08050601516938,0.00401638905987228
0.978352248861393,0.765710924606544,-0.0894622635403716,-0.856261779636081,-0.00723894957235133,0.147111981047969,-0.0078023307786407,-1.08061853569087,0.00409802949158095
0.985137266910738,0.765573129674962,-0.0900805331886041,-0.856309755656606,-0.00728610773192204,0.147109640406107,-0.00786076976811641,-1.08073205868237,0.00418110592815679
0.991969340067262,0.765433235447904,-0.0907028820569615,-0.856358431862417,-0.00733350320334003,0.147107204258097,-0.00791966913464372,-1.08084658640057,0.00426563940515234
0.998848794665118,0.765291210942032,-0.0913293304937781,-0.856407818449349,-0.00738113504502448,0.147104670140027,-0.00797903231761759,-1.08096212093864,0.00435165115957875
1.00577595930163,0.765147024777951,-0.0919598987683734,-0.856457925752563,-0.00742900223832516,0.147102035540343,-0.00803886276597421,-1.08107866422242,0.00443916262899485
1.01275116485301,0.765000645177225,-0.0925946070660058,-0.856508764247971,-0.00747710368526487,0.14709929789926,-0.00809916393767481,-1.08119621800641,0.00452819545050875
1.01977474449012,0.764852039959439,-0.0932334754827414,-0.856560344553655,-0.00752543820623201,0.14709645460819,-0.00815993929917427,-1.08131478386987,0.00461877145968903
1.02684703369442,0.764701176539292,-0.0938765240202364,-0.856612677431287,-0.00757400453762404,0.147093503009162,-0.00822119232487508,-1.08143436321293,0.00471091268938711
1.033968370274,0.764548021923722,-0.0945237725804317,-0.856665773787533,-0.00762280132943947,0.147090440394249,-0.00828292649656569,-1.08155495725255,0.00480464136846398
1.04113909437969,0.764392542709077,-0.0951752409601617,-0.856719644675462,-0.00767182714281914,0.147087264004995,-0.00834514530284398,-1.08167656701867,0.00489997992042801
1.0483595485213,0.764234705078318,-0.0958309488456767,-0.856774301295938,-0.00772108044753551,0.147083971031849,-0.0084078522385253,-1.08179919335022,0.00499695096197622
1.05563007758401,0.764074474798268,-0.0964909158070774,-0.856829754999009,-0.0077705596194293,0.147080558613599,-0.008471050804035,-1.08192283689117,0.005095577301441
1.06295102884484,0.763911817216899,-0.0971551612926638,-0.856886017285282,-0.00782026293779289,0.147077023836814,-0.00853474450478552,-1.08204749808664,0.00519588193714166
1.07032275198921,0.763746697260669,-0.0978237046231963,-0.856943099807293,-0.00787018858270015,0.147073363735286,-0.00859893685053794,-1.08217317717891,0.00529788805563791
1.07774559912768,0.763579079431895,-0.0984965649860698,-0.85700101437086,-0.00792033463228185,0.147069575289478,-0.00866363135474771,-1.08229987420355,0.00540161902988728
1.08521992481272,0.763408927806181,-0.0991737614294016,-0.857059772936429,-0.00797069905994574,0.147065655425981,-0.0087288315338948,-1.08242758898547,0.0055070984173029
1.0927460860557,0.763236206029891,-0.0998553128560322,-0.857119387620401,-0.00802127973154122,0.147061601016971,-0.00879454090679805,-1.08255632113509,0.00561434995771309
1.1003244423439,0.76306087731767,-0.100541238017439,-0.857179870696453,-0.00807207440246793,0.147057408879671,-0.00886076299391373,-1.08268607004439,0.00572339757122248
1.10795535565772,0.762882904450018,-0.101231555507562,-0.857241234596828,-0.00812308071472724,0.147053075775829,-0.00892750131661806,-1.08281683488313,0.00583426535597042
1.11563919048792,0.762702249770917,-0.101926283756548,-0.857303491913631,-0.00817429619391664,0.147048598411188,-0.0089947593964741,-1.08294861459499,0.00594697758579271
1.12337631385307,0.762518875185505,-0.102625441024399,-0.857366655400084,-0.00822571824616622,0.147043973434975,-0.00906254075448255,-1.08308140789375,0.00606155870777914
1.13116709531708,0.762332742157818,-0.103329045394544,-0.857430737971777,-0.00827734415501653,0.147039197439389,-0.00913084891031667,-1.08321521325958,0.00617803333973321
1.13901190700682,0.762143811708578,-0.104037114767318,-0.857495752707898,-0.00832917107823777,0.147034266959104,-0.00919968738154137,-1.08335002893523,0.00629642626752924
1.14691112362992,0.76195204441304,-0.104749666853355,-0.857561712852431,-0.0083811960445894,0.147029178470771,-0.00926905968281619,-1.08348585292241,0.00641676244236905
1.15486512249268,0.761757400398907,-0.105466719166901,-0.857628631815347,-0.00843341595051937,0.147023928392537,-0.00933896932508245,-1.08362268297805,0.00653906697793682
1.16287428351806,0.76155983934429,-0.106188289019031,-0.857696523173756,-0.0084858275568041,0.14701851308357,-0.0094094198147347,-1.08376051661074,0.00666336514745486
1.17093898926384,0.76135932047575,-0.106914393510789,-0.857765400673048,-0.00853842748512607,0.147012928843586,-0.00948041465277595,-1.08389935107714,0.00678968238063754
1.1790596249409,0.761155802566388,-0.107645049526239,-0.857835278227995,-0.00859121221459139,0.1470071719124,-0.00955195733395733,-1.08403918337846,0.00691804426054549
1.18723657843162,0.760949243934003,-0.108380273725428,-0.857906169923838,-0.00864417807818466,0.147001238469472,-0.00962405134590204,-1.08418001025697,0.00704847652034052
1.19547024030838,0.760739602439326,-0.109120082537271,-0.857978090017332,-0.00869732125916242,0.146995124633473,-0.00969670016821333,-1.08432182819262,0.00718100503994068
1.20376100385228,0.760526835484306,-0.109864492152338,-0.858051052937772,-0.00875063778738371,0.146988826461857,-0.0097699072715671,-1.08446463339965,0.00731565584257843
1.21210926507183,0.760310900010481,-0.110613518515572,-0.858125073287978,-0.00880412353557763,0.146982339950448,-0.00984367611678885,-1.08460842182333,0.00745245509125936
1.22051542272196,0.760091752497406,-0.111367177318909,-0.858200165845258,-0.00885777421554826,0.146975661033034,-0.00991801015391505,-1.08475318913671,0.00759142908512539
1.22897987832301,0.75986934896116,-0.112125483993821,-0.858276345562324,-0.00891158537431519,0.146968785580976,-0.00999291282123935,-1.08489893073746,0.00773260425572336
1.23750303617991,0.759643644952928,-0.11288845370377,-0.858353627568181,-0.00896555239019062,0.146961709402829,-0.0100683875443434,-1.08504564174479,0.00787600716317721
1.24608530340153,0.759414595557649,-0.113656101336582,-0.858432027168975,-0.00901967046879307,0.146954428243972,-0.0101444377351125,-1.08519331699645,0.00802166449226793
1.25472708992008,0.75918215539275,-0.11442844149673,-0.8585115598488,-0.00907393463899522,0.14694693778626,-0.0102210667907364,-1.08534195104579,0.00816960304842329
1.26342880851072,0.758946278606946,-0.115205488497544,-0.858592241270471,-0.00912833974880831,0.146939233647678,-0.0102982780926951,-1.08549153815888,0.00831984975361472
1.27219087481126,0.75870691887913,-0.115987256353324,-0.858674087276249,-0.00918288046120153,0.146931311382015,-0.0103760750057296,-1.0856420723118,0.00847243164216821
1.28101370734203,0.758464029417334,-0.116773758771379,-0.858757113888523,-0.00923755124985615,0.146923166478558,-0.0104544608767989,-1.08579354718793,0.00862737585648582
1.28989772752585,0.758217562957777,-0.117565009143978,-0.85884133731045,-0.00929234639485496,0.146914794361786,-0.0105334390340221,-1.08594595617538,0.00878470964268629
1.29884335970818,0.757967471763991,-0.118361020540221,-0.858926773926545,-0.00934725997830604,0.146906190391093,-0.0106130127856057,-1.08609929236447,0.00894446034615909
1.30785103117738,0.757713707626031,-0.11916180569782,-0.859013440303226,-0.00940228587990125,0.146897349860519,-0.0106931854187581,-1.08625354854539,0.00910665540703953
1.31692117218509,0.757456221859778,-0.119967377014805,-0.859101353189302,-0.00945741777241013,0.146888267998498,-0.0107739601985896,-1.0864087172059,0.00927132235560668
1.32605421596686,0.757194965306318,-0.12077774654114,-0.859190529516419,-0.00951264911710706,0.146878939967627,-0.0108553403669981,-1.08656479052909,0.00943848880760301
1.33525059876274,0.756929888331413,-0.121592925970259,-0.859280986399444,-0.00956797315913391,0.146869360864443,-0.0109373291415429,-1.0867217603914,0.00960818245948286
1.34451075983821,0.756660940825068,-0.122412926630519,-0.859372741136798,-0.00962338292279716,0.146859525719223,-0.0110199297143041,-1.08687961836058,0.00978043108358961
1.3538351415051,0.756388072201175,-0.123237759476568,-0.859465811210733,-0.00967887120679931,0.146849429495801,-0.0111031452507296,-1.08703835569387,0.00995526252326501
1.36322418914273,0.756111231397264,-0.124067435080635,-0.859560214287544,-0.0097344305794054,0.1468390670914,-0.0111869788884689,-1.08719796333625,0.0101327046878935
1.37267835121923,0.755830366874339,-0.124901963623725,-0.859655968217733,-0.00979005337354386,0.146828433336486,-0.0112714337361953,-1.08735843191885,0.0103127855478853
1.38219807931287,0.75554542661681,-0.125741354886748,-0.859753091036093,-0.00984573168184305,0.146817522994637,-0.011356512872415,-1.08751975175745,0.0104955331296005
1.39178382813373,0.755256358132523,-0.126585618241549,-0.859851600961747,-0.00990145735160217,0.146806330762429,-0.0114422193442647,-1.08768191285108,0.0106809755102183
1.40143605554534,0.754963108452889,-0.127434762641867,-0.859951516398106,-0.00995722197969826,0.146794851269351,-0.0115285561662981,-1.08784490488085,0.0108691408125539
1.4111552225866,0.754665624133115,-0.128288796614198,-0.860052855932769,-0.0100130169074279,0.146783079077726,-0.0116155263192597,-1.08800871720875,0.0110600571998281
1.42094179349378,0.754363851252526,-0.129147728248591,-0.860155638337349,-0.0100688332152861,0.146771008682661,-0.0117031327488491,-1.08817333887676,0.0112537528703909
1.43079623572268,0.754057735415007,-0.130011565189344,-0.860259882567227,-0.0101246617176798,0.146758634512017,-0.0117913783644732,-1.08833875860594,0.0114502560524056
1.440719019971,0.753747221749532,-0.130880314625626,-0.860365607761237,-0.0101804929575792,0.146745950926393,-0.0118802660379893,-1.08850496479576,0.011649594998496
1.45071062020079,0.753432254910813,-0.131753983282015,-0.860472833241272,-0.0102363172011051,0.146732952219137,-0.0119697986024369,-1.08867194552354,0.0118517979803595
1.46077151366109,0.753112779080049,-0.132632577408947,-0.860581578511815,-0.0102921244320545,0.146719632616378,-0.0120599788507603,-1.08883968854399,0.0120568932833524
1.47090218091073,0.752788737965789,-0.133516102773084,-0.860691863259389,-0.0103479043463624,0.146705986277073,-0.0121508095345219,-1.08900818128894,0.0122649092010511
1.48110310584131,0.752460074804907,-0.1344045646476,-0.86080370735193,-0.0104036463465037,0.146692007293088,-0.0122422933626064,-1.08917741086722,0.0124758740297927
1.49137477570027,0.752126732363686,-0.13529796780238,-0.860917130838071,-0.0104593395358328,0.146677689689283,-0.0123344329999156,-1.08934736406463,0.012689816063199
1.50171768111418,0.751788652939024,-0.136196316494129,-0.861032153946349,-0.0105149727128622,0.14666302742364,-0.0124272310660557,-1.08951802734414,0.0129067635866898
1.5121323161122,0.751445778359756,-0.137099614456408,-0.86114879708432,-0.010570534365482,0.146648014387397,-0.0125206901340162,-1.08968938684614,0.0131267448719909
1.52261917814963,0.751098049988092,-0.138007864889575,-0.861267080837585,-0.0106260126651192,0.146632644405216,-0.0126148127288411,-1.08986142838893,0.0133497881716378
1.53317876813171,0.750745408721179,-0.138921070450641,-0.861387025968731,-0.0106813954608382,0.146616911235365,-0.012709601326293,-1.09003413746931,0.0135759217134835
1.54381159043753,0.750387794992794,-0.139839233243049,-0.861508653416169,-0.0107366702733838,0.146600808569931,-0.0128050583515101,-1.09020749926333,0.0138051736952146
1.55451815294413,0.750025148775149,-0.140762354806355,-0.861631984292892,-0.0107918242891658,0.146584330035054,-0.0129011861776571,-1.09038149862719,0.0140375722788766
1.56529896705074,0.749657409580841,-0.141690436105831,-0.861757039885119,-0.0108468443541883,0.146567469191185,-0.0129979871245698,-1.0905561200983,0.0142731455854219
1.57615454770323,0.74928451646492,-0.142623477521981,-0.861883841650857,-0.010901716967922,0.146550219533365,-0.0130954634573937,-1.09073134789652,0.0145119216892755
1.58708541341869,0.7489064080271,-0.143561478839964,-0.862012411218351,-0.0109564282771226,0.146532574491536,-0.0131936173852179,-1.09090716592548,0.0147539286129303
1.5980920863102,0.748523022414104,-0.144504439238939,-0.862142770384435,-0.011010964069594,0.146514527430867,-0.0132924510597037,-1.09108355777411,0.0149991943215756
1.60917509211179,0.74813429732214,-0.145452357281313,-0.862274941112779,-0.0110653097679001,0.146496071652117,-0.013391966573709,-1.09126050671833,0.0152477467177609
1.62033496020352,0.747740169999537,-0.146405230901914,-0.862408945532028,-0.0111194504230223,0.14647720039201,-0.0134921659599084,-1.09143799572282,0.0154996136361065
1.63157222363676,0.747340577249505,-0.147363057397062,-0.862544805933831,-0.0111733707079683,0.146457906823642,-0.0135930511894099,-1.09161600744308,0.0157548228380577
1.64288741915971,0.746935455433061,-0.148325833413563,-0.862682544770761,-0.0112270549113287,0.146438184056918,-0.0136946241703683,-1.09179452422744,0.0160134020066967
1.65428108724297,0.746524740472089,-0.14929355493761,-0.862822184654123,-0.0112804869307858,0.146418025139004,-0.0137968867465957,-1.09197352811944,0.0162753787416088
1.6657537721054,0.746108367852574,-0.1502662172836,-0.862963748351642,-0.0113336502665751,0.146397423054813,-0.01389984069617,-1.09215300086017,0.0165407805538166
1.67730602174008,0.745686272627971,-0.151243815082858,-0.863107258785037,-0.0113865280148981,0.146376370727517,-0.0140034877300411,-1.0923329238909,0.0168096348607797
1.68893838794052,0.745258389422753,-0.152226342272272,-0.863252739027477,-0.0114391028612923,0.146354861019077,-0.014107829490636,-1.09251327835574,0.0170819689814709
1.70065142632699,0.744824652436116,-0.153213792082852,-0.863400212300912,-0.0114913570739551,0.146332886730811,-0.0142128675504626,-1.09269404510456,0.0173578101315296
1.71244569637308,0.744384995445849,-0.154206157028181,-0.863549701973283,-0.0115432724970258,0.14631044060398,-0.0143186034107129,-1.09287520469591,0.0176371854185026
1.72432176143241,0.743939351812381,-0.155203428892797,-0.863701231555605,-0.0115948305438258,0.146287515320404,-0.0144250384998665,-1.09305673740026,0.017920121837172
1.73628018876552,0.743487654483002,-0.156205598720475,-0.86385482469892,-0.0116460121900589,0.146264103503102,-0.0145321741722934,-1.09323862320319,0.0182066462649786
1.74832154956701,0.743029835996261,-0.157212656802425,-0.864010505191128,-0.0116967979669727,0.146240197716967,-0.0146400117068589,-1.09342084180885,0.0184967854575457
1.7604464189928,0.742565828486551,-0.158224592665407,-0.864168296953672,-0.0117471679544834,0.146215790469456,-0.0147485523055286,-1.09360337264351,0.0187905660443076
1.77265537618758,0.742095563688878,-0.15924139505975,-0.864328224038107,-0.0117971017742644,0.146190874211317,-0.0148577970919753,-1.0937861948592,0.0190880145242456
1.78494900431252,0.741618972943826,-0.160263051947293,-0.86449031062251,-0.0118465785828011,0.146165441337339,-0.0149677471101885,-1.09396928733755,0.0193891572617417
1.79732789057308,0.741135987202715,-0.161289550489237,-0.864654581007775,-0.0118955770644134,0.146139484187131,-0.0150784033230857,-1.09415262869369,0.0196940204825491
1.80979262624709,0.740646537032962,-0.162320877033912,-0.864821059613748,-0.0119440754242481,0.146112995045927,-0.0151897666111271,-1.09433619728029,0.0200026302698874
1.82234380671297,0.740150552623644,-0.163357017104458,-0.864989770975229,-0.0119920513812406,0.146085966145418,-0.0153018377709341,-1.09451997119177,0.0203150125606663
1.83498203147818,0.73964796379128,-0.164397955386422,-0.865160739737828,-0.0120394821610518,0.146058389664615,-0.0154146175139104,-1.0947039282685,0.0206311931418416
1.84770790420785,0.739138699985815,-0.165443675715281,-0.86533399065367,-0.0120863444889777,0.14603025773074,-0.0155281064648694,-1.09488804610123,0.0209511976469082
1.86052203275364,0.738622690296838,-0.16649416106387,-0.865509548576952,-0.0121326145828366,0.146001562420137,-0.0156423051606645,-1.09507230203556,0.0212750515525372
1.87342502918271,0.738099863460019,-0.167549393529743,-0.865687438459351,-0.0121782681458349,0.145972295759222,-0.0157572140488261,-1.09525667317652,0.021602780175353
1.88641750980704,0.737570147863768,-0.168609354322442,-0.865867685345274,-0.0122232803594132,0.145942449725454,-0.0158728334862032,-1.09544113639327,0.0219344086688653
1.89950009521279,0.737033471556151,-0.169674023750702,-0.866050314366951,-0.0122676258760744,0.145912016248335,-0.0159891637376124,-1.09562566832384,0.0222699620205516
1.91267341029,0.736489762252027,-0.170743381209574,-0.866235350739378,-0.0123112788121975,0.14588098721044,-0.0161062049744922,-1.09581024537999,0.0226094650490969
1.92593808426241,0.735938947340443,-0.171817405167469,-0.866422819755086,-0.0123542127408386,0.145849354448477,-0.0162239572735654,-1.09599484375216,0.0229529424017936
1.93929475071751,0.735380953892279,-0.172896073153145,-0.86661274677876,-0.0123964006845192,0.145817109754365,-0.0163424206155089,-1.09617943941449,0.0233004185521065
1.95274404763682,0.734815708668151,-0.173979361742608,-0.866805157241686,-0.0124378151080086,0.145784244876359,-0.0164615948836308,-1.09636400812987,0.0236519177974027
1.96628661742637,0.73424313812658,-0.175067246545961,-0.86700007663603,-0.0124784279110978,0.14575075152018,-0.0165814798625572,-1.09654852545508,0.0240074642568525
1.97992310694735,0.733663168432429,-0.176159702194174,-0.867197530508951,-0.0125182104213713,0.145716621350197,-0.0167020752369268,-1.09673296674604,0.0243670818695038
1.99365416754703,0.733075725465617,-0.177256702325806,-0.86739754445654,-0.0125571333869771,0.145681845990621,-0.0168233805900955,-1.09691730716303,0.0247307943925302
2.00748045508988,0.732480734830122,-0.178358219573661,-0.867600144117587,-0.0125951669693979,0.145646417026731,-0.0169453954028511,-1.09710152167601,0.025098625399657
2.0214026299889,0.731878121863258,-0.179464225551389,-0.867805355167169,-0.012632280736227,0.145610326006134,-0.0170681190521376,-1.09728558506994,0.0254705982797698
2.03542135723711,0.731267811645266,-0.180574690840034,-0.868013203310064,-0.0126684436539502,0.145573564440052,-0.0171915508097912,-1.0974694719502,0.0258467362357008
2.0495373064394,0.730649729009191,-0.181689584974542,-0.868223714273977,-0.0127036240807385,0.145536123804628,-0.0173156898412867,-1.09765315674798,0.0262270622832032
2.06375115184445,0.730023798551076,-0.182808876430213,-0.86843691380259,-0.0127377897592517,0.145497995542277,-0.0174405352044967,-1.09783661372571,0.0266115992501081
2.07806357237695,0.729389944640467,-0.18393253260912,-0.868652827648428,-0.0127709078094584,0.145459171063053,-0.0175660858484622,-1.09801981698253,0.0270003697756707
2.09247525167004,0.728748091431241,-0.185060519826491,-0.868871481565527,-0.0128029447214745,0.145419641746049,-0.0176923406121765,-1.09820274045972,0.0273933963101021
2.10698687809795,0.728098162872759,-0.18619280329706,-0.869092901301928,-0.0128338663484235,0.145379398940827,-0.0178192982233817,-1.09838535794621,0.0277907011142923
2.12159914480891,0.727440082721358,-0.187329347121392,-0.869317112591963,-0.01286363789932,0.145338433968875,-0.0179469572973801,-1.09856764308401,0.0281923062597224
2.1363127497582,0.726773774552181,-0.188470114272181,-0.869544141148363,-0.0128922239319837,0.145296738125095,-0.0180753163358582,-1.09874956937367,0.0285982336285659
2.15112839574156,0.726099161771353,-0.189615066580547,-0.86977401265416,-0.0129195883459832,0.145254302679315,-0.0182043737257271,-1.09893111017973,0.0290085049139829
2.1660467904287,0.725416167628518,-0.190764164722308,-0.870006752754391,-0.0129456943756151,0.145211118877839,-0.018334127737977,-1.09911223873614,0.0294231416206033
2.18106864639712,0.724724715229733,-0.191917368204257,-0.870242387047609,-0.0129705045829223,0.145167177945015,-0.018464576526548,-1.09929292815165,0.029842165065201
2.19619468116618,0.724024727550728,-0.193074635350439,-0.870480941077183,-0.0129939808507536,0.145122471084841,-0.0185957181272169,-1.09947315141513,0.0302655963775582
2.21142561723131,0.723316127450548,-0.19423592328844,-0.870722440322402,-0.0130160843758692,0.145076989482594,-0.0187275504565007,-1.09965288140094,0.0306934565015197
2.22676218209858,0.722598837685567,-0.195401187935691,-0.870966910189363,-0.013036775662098,0.145030724306493,-0.0188600713105785,-1.09983209087417,0.0311257661962355
2.24220510831939,0.721872780923905,-0.196570383985793,-0.871214376001662,-0.0130560145135454,0.144983666709387,-0.0189932783642297,-1.10001075249583,0.0315625460375907
2.25775513352553,0.721137879760219,-0.197743464894881,-0.871464862990865,-0.013073760027862,0.144935807830473,-0.0191271691697915,-1.10018883882802,0.0320038164198211
2.27341300046436,0.720394056730917,-0.19892038286802,-0.871718396286769,-0.0130899705895724,0.144887138797046,-0.0192617411561359,-1.10036632233903,0.0324495975573164
2.28917945703428,0.719641234329764,-0.200101088845653,-0.871975000907454,-0.0131046038634713,0.144837650726274,-0.0193969916276653,-1.1005431754083,0.0328999094866017
2.30505525632052,0.718879335023914,-0.201285532490107,-0.872234701749114,-0.0131176167880899,0.144787334727004,-0.0195329177633285,-1.1007193703314,0.0333547720685045
2.32104115663104,0.718108281270353,-0.202473662172156,-0.872497523575667,-0.0131289655692378,0.144736181901601,-0.0196695166156582,-1.10089487932482,0.0338142049904967
2.33713792153279,0.717327995532775,-0.203665424957674,-0.872763491008152,-0.0131386056736245,0.144684183347806,-0.0198067851098289,-1.10106967453076,0.0342782277692145
2.35334631988814,0.716538400298893,-0.204860766594357,-0.873032628513904,-0.0131464918225655,0.144631330160635,-0.0199447200427373,-1.10124372802173,0.0347468597531526
2.36966712589169,0.715739418098181,-0.206059631498549,-0.873304960395498,-0.0131525779857777,0.1445776134343,-0.0200833180821053,-1.10141701180517,0.0352201201255274
2.38610111910714,0.71493097152007,-0.207261962742173,-0.873580510779475,-0.0131568173752699,0.144523024264159,-0.020222575765606,-1.10158949782777,0.0356980279073078
2.40264908450462,0.714112983232588,-0.208467702039773,-0.873859303604845,-0.0131591624393317,0.144467553748701,-0.0203624895000136,-1.10176115797989,0.0361806019604122
2.41931181249812,0.713285376001461,-0.209676789735687,-0.874141362611351,-0.0131595648566277,0.144411192991552,-0.0205030555603784,-1.10193196409967,0.0366678609910631
2.43609009898327,0.712448072709673,-0.210889164791357,-0.874426711327512,-0.0131579755304023,0.144353933103519,-0.0206442700892262,-1.10210188797714,0.0371598235533019
2.45298474537537,0.711600996377495,-0.212104764772792,-0.874715373058435,-0.0131543445827984,0.144295765204655,-0.0207861290957845,-1.10227090135812,0.0376565080526537
2.46999655864764,0.710744070182979,-0.21332352583819,-0.875007370873391,-0.0131486213492988,0.144236680426358,-0.0209286284552345,-1.10243897594803,0.0381579327499443
2.48712635136979,0.70987721748294,-0.214545382725736,-0.875302727593162,-0.0131407543732935,0.144176669913496,-0.0210717639079912,-1.10260608341549,0.0386641157652571
2.50437494174681,0.709000361834408,-0.215770268741593,-0.875601465777152,-0.0131306914007797,0.144115724826566,-0.0212155310590114,-1.10277219539585,0.0391750750820363
2.52174315365806,0.708113427016568,-0.216998115748087,-0.875903607710262,-0.0131183793752004,0.144053836343875,-0.0213599253771303,-1.10293728349451,0.0396908285513207
2.53923181669665,0.707216337053195,-0.218228854152113,-0.876209175389531,-0.0131037644324283,0.143990995663756,-0.0215049421944281,-1.1031013192901,0.0402113938961094
2.55684176620901,0.706309016235572,-0.219462412893767,-0.876518190510538,-0.013086791895899,0.143927194006809,-0.021650576705627,-1.10326427433747,0.0407367887158553
2.57457384333485,0.705391389145908,-0.220698719435227,-0.876830674453571,-0.0130674062719033,0.14386242261817,-0.0217968239675191,-1.10342612017055,0.0412670304910761
2.59242889504728,0.70446338068126,-0.221937699749882,-0.877146648269551,-0.013045551245042,0.143796672769816,-0.0219436788984271,-1.10358682830503,0.041802136588083
2.61040777419332,0.703524916077945,-0.223179278311746,-0.877466132665722,-0.0130211696738513,0.143729935762885,-0.0220911362776973,-1.1037463702408,0.0423421242638182
2.6285113395346,0.702575920936465,-0.224423378085152,-0.877789147991105,-0.0129942035866047,0.14366220293004,-0.0222391907452266,-1.10390471746431,0.0428870106707962
2.64674045578839,0.701616321246932,-0.225669920514759,-0.878115714221708,-0.0129645941773006,0.143593465637846,-0.022387836801024,-1.10406184145065,0.0434368128621459
2.6650959936689,0.700646043415008,-0.226918825515871,-0.878445850945497,-0.0129322818018376,0.143523715289189,-0.0225370688048084,-1.10421771366553,0.043991547796743
2.68357882992886,0.699665014288341,-0.228170011465097,-0.878779577347135,-0.0128972059743908,0.14345294332571,-0.022686880975642,-1.10437230556695,0.0445512323444303
2.70218984740145,0.698673161183517,-0.229423395191369,-0.879116912192476,-0.0128593053639919,0.143381141230276,-0.0228372673916013,-1.10452558860681,0.0451158832913194
2.72092993504239,0.697670411913522,-0.230678891967323,-0.879457873812822,-0.0128185177913208,0.143308300529476,-0.0229882219894874,-1.10467753423221,0.0456855173451682
2.73979998797246,0.696656694815711,-0.231936415501075,-0.879802480088949,-0.0127747802257193,0.143234412796139,-0.023139738564574,-1.10482811388663,0.0462601511408228
2.75880090752022,0.695631938780282,-0.233195877928396,-0.88015074843489,-0.0127280287824306,0.143159469651886,-0.0232918107703977,-1.10497729901083,0.0468398012457266
2.77793360126509,0.694596073279259,-0.234457189805319,-0.880502695781482,-0.012678198720075,0.143083462769702,-0.0234444321185878,-1.1051250610436,0.047424484165483
2.79719898308069,0.69354902839598,-0.235720260101183,-0.880858338559689,-0.0126252244383668,0.143006383876541,-0.02359759597874,-1.10527137142229,0.0480142163494674
2.81659797317847,0.692490734855089,-0.236984996192135,-0.881217692683677,-0.0125690394760852,0.142928224755952,-0.0237512955783325,-1.10541620158312,0.0486090141964834
2.83613149815172,0.691421124053025,-0.238251303855114,-0.881580773533676,-0.0125095765093007,0.14284897725073,-0.0239055240026869,-1.10555952296126,0.0492088940604539
2.85580049101974,0.690340128089005,-0.239519087262336,-0.881947595938596,-0.0124467673498703,0.142768633265593,-0.0240602741949753,-1.10570130699075,0.049813872256144
2.87560589127251,0.689247679796508,-0.240788248976289,-0.882318174158428,-0.012380542944208,0.142687184769887,-0.0242155389562728,-1.10584152510413,0.0504239650649062
2.89554864491548,0.688143712775238,-0.24205868994527,-0.882692521866414,-0.0123108333723367,0.142604623800311,-0.0243713109456588,-1.10598014873194,0.0510391887404412
2.91562970451479,0.68702816142357,-0.243330309499474,-0.883070652130997,-0.0122375678472348,0.142520942463663,-0.0245275826803668,-1.10611714930191,0.0516595595145722
2.93585002924278,0.685900960971482,-0.24460300534766,-0.883452577397555,-0.0121606747144802,0.142436132939616,-0.024684346535984,-1.10625249823802,0.0522850936030175
2.95621058492378,0.684762047513945,-0.245876673574411,-0.883838309469909,-0.0120800814522044,0.142350187483514,-0.0248415947467029,-1.10638616695926,0.0529158072111646
2.97671234408028,0.68361135804478,-0.247151208638012,-0.884227859491632,-0.0119957146713635,0.142263098429183,-0.0249993194056237,-1.10651812687826,0.0535517165398316
2.99735628597932,0.682448830490978,-0.248426503368959,-0.884621237927135,-0.0119075001163348,0.142174858191774,-0.0251575124651119,-1.1066483493996,0.0541928377910124
3.01814339667932,0.681274403747454,-0.249702448969127,-0.885018454542558,-0.0118153626658484,0.142085459270616,-0.0253161657372095,-1.10677680591798,0.0548391871735996
3.03907466907719,0.680088017712247,-0.25097893501161,-0.885419518386451,-0.0117192263342612,0.141994894252099,-0.0254752708941021,-1.10690346781618,0.0554907809090759
3.06015110295567,0.678889613322143,-0.252255849441259,-0.885824437770269,-0.0116190142731836,0.141903155812562,-0.0256348194686434,-1.10702830646268,0.0561476352371703
3.08137370503119,0.677679132588721,-0.253533078575935,-0.886233220248659,-0.0115146487734666,0.141810236721217,-0.025794802854938,-1.10715129320925,0.0568097664214711
3.10274348900188,0.676456518634795,-0.254810507108501,-0.886645872599577,-0.0114060512675581,0.14171612984307,-0.0259552123089831,-1.10727239938815,0.057477190754989
3.12426147559604,0.675221715731256,-0.256088018109566,-0.887062400804212,-0.011293142332238,0.141620828141874,-0.0261160389493714,-1.10739159630923,0.0581499245656647
3.14592869262085,0.673974669334292,-0.257365493031006,-0.887482810026732,-0.0111758416917404,0.141524324683088,-0.0262772737580555,-1.10750885525677,0.0588279842218136
3.16774617501149,0.672715326122978,-0.25864281171029,-0.887907104593874,-0.0110540682212711,0.141426612636857,-0.0264389075811758,-1.10762414748609,0.0595113861375023
3.18971496488059,0.671443634037211,-0.25991985237561,-0.88833528797435,-0.0109277399509303,0.141327685280994,-0.0266009311299519,-1.10773744422002,0.0602001467778498
3.21183611156796,0.670159542315987,-0.26119649165186,-0.888767362758111,-0.0107967740700485,0.141227536003987,-0.0267633349816405,-1.10784871664506,0.0608942826642486
3.23411067169074,0.668863001535999,-0.262472604567465,-0.889203330635453,-0.010661086931945,0.141126158308005,-0.0269261095805589,-1.10795793590745,0.061593810379497
3.25653970919388,0.667553963650535,-0.263748064562086,-0.889643192375981,-0.0105205940591154,0.141023545811923,-0.0270892452391773,-1.10806507310892,0.062298746572839
3.27912429540095,0.666232382028665,-0.265022743495227,-0.890086947807441,-0.0103752101488616,0.140919692254345,-0.0272527321392796,-1.10817009930234,0.0630091079649063
3.30186550906528,0.664898211494693,-0.266296511655749,-0.890534595794413,-0.010224849079366,0.140814591496642,-0.027416560333194,-1.10827298548707,0.0637249113525525
3.32476443642155,0.663551408367864,-0.267569237772321,-0.890986134216899,-0.0100694239162245,0.140708237525993,-0.0275807197450962,-1.10837370260424,0.0644461736135796
3.3478221712376,0.662191930502284,-0.26884078902483,-0.89144155994879,-0.0099088469194431,0.140600624458423,-0.0277452001723838,-1.10847222153169,0.0651729117113459
3.37103981486675,0.660819737327067,-0.270111031056749,-0.891900868836231,-0.00974302955090767,0.140491746541854,-0.0279099912871251,-1.10856851307885,0.0659051426992541
3.39441847630035,0.659434789886645,-0.271379827988504,-0.892364055675901,-0.00957188248233332,0.140381598159148,-0.0280750826375818,-1.10866254798136,0.0666428837251096
3.41795927222076,0.658037050881263,-0.272647042431842,-0.892831114193201,-0.00939531560370449,0.140270173831152,-0.0282404636498086,-1.10875429689551,0.0673861520353495
3.44166332705473,0.656626484707591,-0.273912535505227,-0.893302037020373,-0.00921323803220975,0.140157468219741,-0.0284061236293285,-1.10884373039252,0.0681349649791312
3.46553177302703,0.655203057499466,-0.275176166850269,-0.893776815674557,-0.00902555812168232,0.140043476130854,-0.0285720517628863,-1.10893081895264,0.0688893400122792
3.48956575021462,0.653766737168714,-0.276437794649216,-0.894255440535794,-0.00883218347255071,0.139928192517522,-0.0287382371202812,-1.10901553295907,0.0696492947010854
3.51376640660105,0.652317493446042,-0.277697275643513,-0.894737900824989,-0.00863302094230917,0.139811612482894,-0.0289046686562786,-1.10909784269172,0.0704148467259543
3.53813489813128,0.650855297921959,-0.27895446515345,-0.895224184581845,-0.00842797665651329,0.139693731283246,-0.0290713352126029,-1.10917771832077,0.0711860138848956
3.56267238876697,0.649380124087711,-0.280209217098909,-0.895714278642778,-0.0082169560203087,0.13957454433098,-0.029238225520012,-1.10925512990014,0.0719628140968493
3.58738005054197,0.647891947376192,-0.281461384021232,-0.896208168618825,-0.00799986373049871,0.139454047197605,-0.0294053282004533,-1.10933004736071,0.0727452654048495
3.61225906361841,0.646390745202809,-0.282710817106207,-0.896705838873567,-0.0077766037881572,0.139332235616712,-0.0295726317693037,-1.10940244050348,0.0735333859790169
3.63731061634298,0.644876497006268,-0.283957366208204,-0.897207272501058,-0.00754707951179323,0.139209105486913,-0.0297401246376932,-1.1094722789925,0.074327194119375
3.66253590530377,0.643349184289243,-0.285200879875458,-0.897712451303804,-0.00731119355107229,0.139084652874774,-0.0299077951149126,-1.10953953234772,0.0751267082584909
3.68793613538733,0.641808790658913,-0.286441205376516,-0.898221355770767,-0.00706884790110102,0.138958874017717,-0.0300756314109071,-1.10960416993766,0.0759319469639314
3.71351251983634,0.64025530186732,-0.287678188727859,-0.898733965055453,-0.00681994391727847,0.138831765326895,-0.0302436216388549,-1.10966616097195,0.0767429289405347
3.73926628030746,0.638688705851517,-0.288911674722703,-0.899250256954056,-0.00656438233072021,0.138703323390043,-0.0304117538178323,-1.10972547449375,0.0775596730324927
3.76519864692972,0.637108992773481,-0.290141506960995,-0.899770207883696,-0.0063020632642603,0.138573544974294,-0.0305800158755656,-1.10978207937208,0.0783821982252396
3.7913108583633,0.635516155059749,-0.291367527880604,-0.90029379286077,-0.00603288624903175,0.138442427028966,-0.0307483956512699,-1.10983594429391,0.079210523647146
3.81760416185865,0.633910187440739,-0.292589578789716,-0.900820985479404,-0.00575675024163425,0.138309966688306,-0.0309168808985752,-1.10988703775629,0.0800446685710118
3.84407981331609,0.632291086989731,-0.293807499900442,-0.901351757890053,-0.00547355364188712,0.138176161274202,-0.0310854592885398,-1.10993532805825,0.0808846524153586
3.87073907734582,0.630658853161467,-0.295021130363639,-0.901886080778248,-0.00518319431117514,0.13804100829885,-0.031254118412752,-1.10998078329265,0.0817304947455171
3.89758322732826,0.62901348783032,-0.296230308304948,-0.902423923343501,-0.00488556959138509,0.137904505467376,-0.0314228457865191,-1.11002337133792,0.0825822152745059
3.92461354547494,0.627354995328021,-0.297434870862054,-0.902965253278403,-0.00458057632443931,0.137766650680414,-0.0315916288521445,-1.11006305984968,0.0834398338637009
3.95183132288971,0.625683382480881,-0.298634654223161,-0.90351003674791,-0.00426811087242474,0.137627442036632,-0.0317604549822918,-1.11009981625229,0.0843033705232923
3.97923785963041,0.623998658646486,-0.299829493666702,-0.904058238368849,-0.00394806913831913,0.137486877835205,-0.0319293114834375,-1.11013360773032,0.0851728454125267
4.00683446477099,0.622300835749813,-0.301019223602249,-0.904609821189655,-0.00362034658731597,0.137344956578232,-0.0320981855994098,-1.11016440121994,0.0860482788397317
4.03462245646401,0.620589928318745,-0.302203677612661,-0.905164746670355,-0.0032848382687477,0.137201676973097,-0.0322670645150151,-1.11019216340018,0.0869296912621225
4.06260316200361,0.61886595351892,-0.303382688497427,-0.905722974662817,-0.00294143883860543,0.137057037934763,-0.0324359353597502,-1.11021686068421,0.0878171032853875
4.09077791788892,0.617128931187906,-0.304556088317231,-0.906284463391288,-0.00259004258265622,0.136911038588011,-0.0326047852116007,-1.11023845921048,0.0887105356630524
4.11914806988789,0.615378883868628,-0.305723708439714,-0.906849169433224,-0.00223054344015589,0.136763678269597,-0.0327736011009247,-1.1102569248338,0.0896100092956181
4.14771497310157,0.613615836842036,-0.30688537958643,-0.907417047700442,-0.00186283502815243,0.136614956530351,-0.0329423700144202,-1.11027222311646,0.0905155452294764
4.17647999202884,0.61183981815895,-0.308040931880985,-0.907988051420615,-0.00148681066638273,0.136464873137198,-0.0331110788991771,-1.11028431931915,0.0914271646555971
4.20544450063156,0.610050858671057,-0.309190194898361,-0.908562132119107,-0.00110236340275471,0.136313428075098,-0.0332797146668104,-1.11029317839197,0.0923448889079877
4.23460988240025,0.608248992061009,-0.310332997715389,-0.909139239601195,-0.000709386039412285,0.136160621548911,-0.033448264197676,-1.1102987649653,0.0932687394619253
4.26397753042013,0.60643425487159,-0.31146916896238,-0.909719321934669,-0.00030777115938041,0.136006453985176,-0.0336167143451658,-1.1103010433407,0.0941987379319574
4.29354884743766,0.604606686533895,-0.312598536875896,-0.910302325432849,0.000102588846216833,0.135850926033809,-0.0337850519400827,-1.11029997748177,0.0951349060696742
4.32332524592758,0.602766329394504,-0.313720929352624,-0.910888194638022,0.000521801750369921,0.135694038569698,-0.0339532637950917,-1.11029553100492,0.0960772657612479
4.35330814816033,0.600913228741582,-0.314836174004366,-0.91147687230533,0.000949975461835784,0.135535792694226,-0.0341213367092483,-1.11028766717024,0.0970258390247431
4.38349898627002,0.599047432829889,-0.315944098214101,-0.912068299387112,0.00138721799623454,0.135376189736677,-0.0342892574726001,-1.11027634887223,0.0979806480071912
4.41389920232282,0.597168992904642,-0.317044529193117,-0.912662415017736,0.00183363744659881,0.135215231255559,-0.0344570128708614,-1.1102615386306,0.098941714981438
4.44451024838583,0.595277963224195,-0.318137294039169,-0.913259156498921,0.00228934195338382,0.135052919039818,-0.0346245896901579,-1.11024319858102,0.0999090623427539
4.47533358659646,0.593374401081504,-0.319222219795664,-0.913858459285581,0.00275443967394623,0.13488925510995,-0.0347919747218405,-1.11022129046593,0.100882712605215
4.50637068923228,0.591458366824314,-0.320299133511827,-0.914460256972202,0.00322903875150421,0.134724241718997,-0.0349591547673642,-1.11019577562527,0.101862688397852
4.53762303878129,0.589529923874064,-0.321367862303836,-0.91506448127977,0.00371324728358302,0.13455788135345,-0.0351261166432327,-1.1101666149873,0.10284901246056
4.56909212801278,0.587589138743435,-0.322428233416882,-0.915671062043266,0.00420717328996401,0.134390176734015,-0.035292847186003,-1.11013376905934,0.103841707639793
4.60077946004862,0.585636081052523,-0.323480074288142,-0.91627992719975,0.004710924680142,0.134221130816281,-0.0354593332573499,-1.11009719791867,0.104840796884003
4.63268654843505,0.583670823543605,-0.324523212610617,-0.91689100277705,0.00522460922030721,0.134050746791262,-0.0356255617491869,-1.11005686120327,0.10584630323887
4.66481491721498,0.581693442094436,-0.325557476397817,-0.917504212883066,0.00574833449986345,0.13387902808581,-0.0357915195888404,-1.11001271810278,0.106858249842289
4.69716610100076,0.579704015730067,-0.326582694049243,-0.918119479695713,0.00628220789749412,0.133705978362915,-0.0359571937442749,-1.10996472734933,0.107876659919133
4.72974164504755,0.57770262663313,-0.327598694416637,-0.918736723453521,0.00682633654679315,0.133531601521867,-0.0361225712293656,-1.10991284720849,0.108901556775778
4.76254310532705,0.575689360152565,-0.328605306870974,-0.919355862446891,0.00738082730147216,0.133355901698293,-0.0362876391092158,-1.10985703547027,0.109932963794415
4.79557204860185,0.573664304810755,-0.329602361370129,-0.919976813010052,0.00794578670016194,0.133178883264059,-0.0364523845055152,-1.10979724944012,0.110970904427116
4.82883005250031,0.571627552309032,-0.330589688527211,-0.9205994895137,0.00852132093082142,0.133000550827037,-0.0366167946019364,-1.10973344592999,0.112015402189692
4.86231870559183,0.56957919753152,-0.331567119679491,-0.921223804358363,0.00910753579477364,0.132820909230731,-0.0367808566495657,-1.10966558124949,0.113066480655307
4.89603960746281,0.567519338547295,-0.33253448695791,-0.921849667968489,0.00970453667038257,0.13263996355377,-0.0369445579723645,-1.10959361119703,0.114124163447887
4.92999436879299,0.565448076610822,-0.333491623357095,-0.922476988787272,0.0103124284763907,0.132457719109254,-0.0371078859726574,-1.10951749105109,0.115188474235288
4.96418461143244,0.563365516160648,-0.334438362805857,-0.92310567327224,0.0109313156349343,0.13227418144395,-0.0372708281366443,-1.10943717556152,0.116259436722253
4.99861196847899,0.561271764816318,-0.335374540238114,-0.923735625891606,0.0115613020342567,0.132089356337356,-0.0374333720399306,-1.10935261894094,0.117337074643145
5.03327808435624,0.559166933373491,-0.33629999166419,-0.924366749121396,0.0122024909911362,0.1319032498006,-0.0375955053530732,-1.10926377485615,0.118421411754464
5.06818461489212,0.557051135797237,-0.337214554242446,-0.924998943443377,0.0128549852130511,0.131715868075201,-0.0377572158471375,-1.10917059641972,0.119512471827138
5.10333322739797,0.554924489213487,-0.338118066351184,-0.925632107343778,0.0135188867601013,0.131527217631676,-0.0379184913992602,-1.10907303618154,0.120610278638605
5.13872560074817,0.552787113898607,-0.339010367660778,-0.926266137312827,0.0141942970067063,0.131337305167985,-0.0380793199982158,-1.10897104612056,0.121714855964679
5.17436342546036,0.550639133267102,-0.339891299205971,-0.926900927845114,0.014881316603102,0.131146137607836,-0.0382396897499796,-1.10886457763657,0.1228262275712
5.21024840377617,0.548480673857398,-0.340760703458297,-0.92753637144078,0.015580045436659,0.130953722098821,-0.0383995888832847,-1.10875358154207,0.123944417205475
5.24638224974252,0.546311865315717,-0.341618424398555,-0.928172358607546,0.01629058259304,0.130760066010403,-0.0385590057551679,-1.10863800805423,0.125069448587506
5.2827666892935,0.544132840378012,-0.342464307589289,-0.928808777863596,0.0170130263172267,0.130565176931741,-0.0387179288564989,-1.10851780678698,0.126201345401012
5.31940346033281,0.541943734849954,-0.343298200247222,-0.929445515741305,0.0177474739744306,0.130369062669359,-0.0388763468174892,-1.10839292674318,0.127340131284243
5.35629431281677,0.539744687584964,-0.344119951315564,-0.930082456791838,0.0184940220109173,0.130171731244652,-0.0390342484131753,-1.1082633163069,0.128485829820587
5.39344100883792,0.537535840460275,-0.344929411536166,-0.930719483590601,0.0192527659147641,0.129973190891237,-0.0391916225688713,-1.1081289232358,0.129638464528979
5.43084532270915,0.535317338351026,-0.34572643352143,-0.931356476743581,0.0200238001765779,0.129773450052138,-0.0393484583655857,-1.10798969465362,0.130798058854102
5.4685090410485,0.533089329102375,-0.346510871825937,-0.931993314894541,0.0208072182501938,0.129572517376817,-0.0395047450453984,-1.10784557704283,0.131964636156392
5.50643396286443,0.530851963499629,-0.34728258301772,-0.932629874733108,0.021603112513383,0.129370401718038,-0.0396604720167912,-1.10769651623729,0.133138219701841
5.54462189964184,0.528605395236398,-0.348041425749122,-0.933266031003734,0.0224115742285906,0.129167112128574,-0.0398156288599285,-1.10754245741516,0.134318832651611
5.58307467542852,0.526349780880764,-0.348787260827186,-0.933901656515535,0.0232326935037306,0.128962657857759,-0.0399702053318811,-1.10738334509187,0.135506498051443
5.6217941269223,0.524085279839479,-0.349519951283504,-0.934536622153017,0.0240665592530628,0.128757048347867,-0.04012419137179,-1.10721912311316,0.136701238820881
5.66078210355879,0.521812054320187,-0.350239362443462,-0.935170796887679,0.024913259158175,0.128550293230347,-0.0402775771059635,-1.10704973464836,0.1379030777423
5.70004046759971,0.519530269291684,-0.350945361994837,-0.935804047790502,0.0257728796290971,0.128342402321893,-0.0404303528529028,-1.10687512218372,0.139112037449748
5.73957109422183,0.517240092442233,-0.351637820055658,-0.936436240045304,0.0266455057655714,0.128133385620355,-0.0405825091282511,-1.10669522751592,0.140328140417599
5.77937587160657,0.514941694135924,-0.352316609241282,-0.937067236962981,0.0275312213185051,0.1279232533005,-0.0407340366496609,-1.10650999174567,0.141551408949017
5.81945670103016,0.512635247367124,-0.35298160473063,-0.937696899996612,0.0284301086516275,0.127712015709617,-0.0408849263415745,-1.10631935527146,0.142781865164241
5.85981549695445,0.510320927713004,-0.353632684331498,-0.93832508875743,0.0293422487033809,0.127499683362965,-0.0410351693399112,-1.10612325778349,0.144019530988682
5.90045418711838,0.507998913284187,-0.354269728544908,-0.938951661031658,0.0302677209490658,0.12728626693908,-0.0411847569966587,-1.10592163825773,0.145264428140841
5.94137471263004,0.505669384673518,-0.354892620628412,-0.939576472798191,0.0312066033632683,0.12707177727492,-0.0413336808843606,-1.10571443495005,0.146516578120049
5.9825790280594,0.503332524902992,-0.35550124665831,-0.940199378247125,0.0321589723825925,0.126856225360876,-0.0414819328004968,-1.10550158539059,0.147776002194027
6.02406910153166,0.500988519368869,-0.356095495590705,-0.94082022979913,0.0331249028687218,0.126639622335634,-0.0416295047717508,-1.10528302637826,0.14904272138627
6.06584691482126,0.49863755578498,-0.356675259321342,-0.941438878125641,0.0341044680718353,0.12642197948089,-0.04177638905816,-1.10505869397534,0.150316756463255
6.10791446344653,0.496279824124287,-0.357240432744172,-0.942055172169875,0.0350977395944001,0.126203308215935,-0.0419225781571421,-1.1048285235023,0.15159812792148
6.15027375676503,0.49391551655871,-0.357790913808581,-0.942668959168648,0.0361047873553644,0.125983620092098,-0.0420680648073949,-1.1045924495327,0.152886855974324
6.19292681806951,0.49154482739725,-0.358326603575221,-0.94328008467499,0.037125679554776,0.125762926787059,-0.0422128419926634,-1.10435040588836,0.154182960538742
6.23587568468454,0.489167953022463,-0.358847406270402,-0.943888392581543,0.0381604826388431,0.125541240099032,-0.0423569029453689,-1.10410232563454,0.155486461221788
6.27912240806387,0.486785091825313,-0.359353229338971,-0.944493725144721,0.0392092612654681,0.125318571940819,-0.0425002411500977,-1.10384814107541,0.156797377306972
6.32266905388835,0.484396444138439,-0.35984398349563,-0.945095923009633,0.0402720782702665,0.125094934333745,-0.042642850346942,-1.10358778374965,0.158115727740444
6.36651770216467,0.482002212167894,-0.360319582774652,-0.945694825235735,0.0413489946331,0.124870339401472,-0.0427847245346909,-1.10332118442613,0.159441531117025
6.41067044732463,0.479602599923389,-0.360779944577918,-0.946290269323213,0.0424400694451389,0.124644799363703,-0.0429258579738656,-1.10304827309988,0.160774805666057
6.45512939832527,0.477197813147089,-0.361224989721249,-0.946882091240062,0.0435453598764771,0.124418326529766,-0.0430662451895952,-1.10276897898819,0.162115569237103
6.49989667874954,0.474788059241022,-0.361654642478972,-0.947470125449864,0.0446649211443169,0.124190933292102,-0.0432058809743295,-1.10248323052678,0.163463839285479
6.54497442690774,0.47237354719313,-0.362068830626669,-0.948054204940226,0.0457988064817424,0.123962632119645,-0.0433447603903832,-1.10219095536633,0.164819632857622
6.5903647959397,0.469954487502042,-0.362467485482077,-0.948634161251876,0.0469470671071006,0.123733435551104,-0.0434828787723098,-1.10189208036902,0.166182966576302
6.63606995391757,0.467531092100594,-0.362850541944076,-0.94920982450839,0.0481097521940076,0.12350335618816,-0.0436202317290995,-1.1015865316053,0.167553856625675
6.68209208394941,0.465103574278175,-0.363217938529742,-0.949781023446522,0.0492869088419931,0.123272406688569,-0.043756815146199,-1.10127423435089,0.168932318736168
6.72843338428345,0.462672148601942,-0.363569617409411,-0.950347585447137,0.050478582047803,0.123040599759179,-0.0438926251873489,-1.10095511308389,0.170318368169216
6.77509606841313,0.460237030836973,-0.363905524439719,-0.950909336566705,0.0516848146773733,0.122807948148885,-0.044027658296236,-1.10062909148209,0.171712019701837
6.82208236518274,0.45779843786541,-0.364225609194588,-0.951466101569341,0.0529056474384876,0.122574464641492,-0.0441619111979571,-1.10029609242051,0.173113287611049
6.86939451889399,0.455356587604654,-0.364529824994108,-0.95201770395938,0.0541411188541341,0.122340162048528,-0.0442953809002911,-1.09995603796903,0.174522185658131
6.91703478941313,0.452911698924689,-0.364818128931304,-0.95256396601444,0.0553912652365739,0.122105053201989,-0.0444280646947782,-1.09960884939033,0.175938727072727
6.96500545227891,0.450463991564578,-0.365090481896736,-0.953104708818976,0.0566561206621286,0.121869150947026,-0.0445599601576013,-1.09925444713792,0.177362924536798
7.0133087988113,0.44801368604821,-0.365346848600922,-0.953639752298286,0.0579357169467032,0.121632468134591,-0.044691065150269,-1.0988927508544,0.178794790168415
7.06194713622089,0.445561003599367,-0.365587197594546,-0.95416891525294,0.059230083622049,0.121395017614031,-0.0448213778200974,-1.09852367936995,0.180234335505396
7.11092278771915,0.443106166056165,-0.365811501286433,-0.95469201539363,0.0605392479127781,0.12115681222565,-0.044950896600489,-1.09814715070094,0.181681571488792
7.16023809262934,0.440649395784951,-0.36601973595927,-0.955208869376392,0.0618632347141346,0.120917864793235,-0.0450796202110067,-1.09776308204882,0.183136508446214
7.20989540649828,0.438190915593717,-0.366211881783051,-0.955719292838187,0.0632020665705314,0.120678188116561,-0.0452075476572407,-1.09737138979914,0.184599156075012
7.25989710120885,0.435730948645107,-0.366387922826238,-0.956223100432825,0.0645557636548574,0.120437794963874,-0.0453346782304685,-1.09697198952085,0.186069523425289
7.31024556509332,0.433269718369078,-0.366547847064607,-0.956720105867177,0.0659243437485585,0.120196698064361,-0.0454610115071052,-1.09656479596575,0.187547618882771
7.36094320304735,0.430807448375297,-0.366691646387793,-0.957210121937691,0.067307822222497,0.119954910100613,-0.0455865473479445,-1.09614972306815,0.189033450151517
7.41199243664497,0.428344362365339,-0.366819316603499,-0.957692960567152,0.0687062120185934,0.11971244370109,-0.0457112858971878,-1.0957266839448,0.190527024236478
7.46339570425412,0.425880684044756,-0.366930857439381,-0.958168432841678,0.0701195236322487,0.119469311432588,-0.0458352275812635,-1.09529559089497,0.192028347425895
7.51515546115323,0.423416637035098,-0.367026272542597,-0.95863634904792,0.0715477650955507,0.119225525792721,-0.0459583731074335,-1.0948563554008,0.19353742527355
7.56727417964842,0.420952444785944,-0.36710556947702,-0.959096518710453,0.0729909419612633,0.118981099202422,-0.0460807234621887,-1.09440888812782,0.195054262580859
7.61975434919166,0.418488330487031,-0.367168759718121,-0.959548750629311,0.0744490572875961,0.118736043998466,-0.0462022799094326,-1.09395309892576,0.196578863378808
7.67259847649959,0.416024516980537,-0.367215858645512,-0.959992852917669,0.0759221116237516,0.118490372426029,-0.0463230439884532,-1.09348889682953,0.198111230909741
7.72580908567334,0.4135612266736,-0.367246885533176,-0.960428633039613,0.0774101029962504,0.118244096631279,-0.0464430175116854,-1.09301619006046,0.199651367608979
7.77938871831903,0.411098681451146,-0.367261863537372,-0.960855897848017,0.0789130268960232,0.117997228654018,-0.0465622025622615,-1.09253488602782,0.201199275086301
7.83333993366922,0.408637102589088,-0.367260819682242,-0.961274453622459,0.0804308762662709,0.11774978042037,-0.0466806014913542,-1.09204489133045,0.202754954107259
7.8876653087051,0.406176710667971,-0.367243784843125,-0.961684106107187,0.0819636414910811,0.117501763735526,-0.0467982169153112,-1.0915461117588,0.204318404574334
7.94236743827963,0.403717725487137,-0.367210793727596,-0.962084660549085,0.083511310384798,0.117253190276556,-0.0469150517125826,-1.0910384522971,0.205889625507946
7.99744893524145,0.401260365979471,-0.367161884854252,-0.962475921735641,0.0850738681821319,0.117004071585287,-0.0470311090204443,-1.09052181712581,0.207468615027304
8.0529124305597,0.398804850126807,-0.367097100529258,-0.962857694032875,0.0866512975290075,0.116754419061256,-0.0471463922315177,-1.0899961096244,0.209055370331094
8.10876057344967,0.396351394876051,-0.367016486820686,-0.963229781423213,0.0882435784741296,0.116504243954751,-0.0472609049900884,-1.08946123237423,0.210649887678017
8.16499603149936,0.393900216056092,-0.366920093530668,-0.963591987543288,0.0898506884612662,0.116253557359931,-0.0473746511882259,-1.08891708716189,0.212252162367173
8.22162149079689,0.391451528295572,-0.366807974165389,-0.963944115721642,0.0914726023222303,0.11600237020805,-0.0474876349617064,-1.08836357498268,0.213862188718277
8.27863965605879,0.389005544941567,-0.366680185902954,-0.964285969016315,0.093109292270549,0.115750693260769,-0.0475998606857422,-1.08780059604439,0.215479960051734
8.33605325075921,0.386562477979261,-0.366536789559158,-0.964617350252294,0.0947607278958097,0.115498537103586,-0.0477113329705198,-1.0872280497714,0.217105468668546
8.39386501726,0.384122537952652,-0.366377849551194,-0.964938062058814,0.0964268761586635,0.115245912139368,-0.0478220566565488,-1.08664583480906,0.218738705830064
8.45207771694168,0.381685933886369,-0.366203433859341,-0.965247906906474,0.098107701386477,0.114992828582006,-0.0479320368098271,-1.0860538490283,0.220379661737593
8.51069413033537,0.379252873208652,-0.366013613986664,-0.965546687144184,0.0998031652696118,0.114739296450187,-0.0480412787168234,-1.08545198953063,0.222028325511831
8.56971705725559,0.376823561675557,-0.365808464916763,-0.965834205035885,0.101513226858319,0.114485325561299,-0.0481497878792813,-1.08484015265337,0.223684685172158
8.62914931693396,0.374398203296427,-0.365588065069626,-0.966110262797062,0.103237842560228,0.11423092552547,-0.0482575700088499,-1.08421823397526,0.225348727615769
8.68899374815392,0.371977000260712,-0.36535249625562,-0.966374662631017,0.10497696613842,0.113976105739734,-0.048364631021542,-1.08358612832231,0.227020438596657
8.74925320938629,0.369560152866155,-0.365101843627669,-0.96662720676489,0.106730548710055,0.113720875382358,-0.0484709770320268,-1.08294372977404,0.228699802704433
8.80993057892579,0.367147859448432,-0.36483619563166,-0.966867697485418,0.108498538745545,0.113465243407302,-0.0485766143477592,-1.08229093167004,0.230386803343006
8.87102875502857,0.364740316312262,-0.364555643955147,-0.967095937174427,0.110280882068255,0.11320921853884,-0.0486815494629513,-1.08162762661679,0.232081422709103
8.93255065605059,0.362337717664057,-0.36426028347437,-0.967311728344024,0.1120775218547,0.112952809266337,-0.0487857890523888,-1.08095370649498,0.23378364177064
8.99449922058705,0.359940255546147,-0.363950212199673,-0.96751487367151,0.11388839863523,0.112696023839186,-0.0488893399650994,-1.080269062467,0.23549344024495
9.05687740761275,0.357548119772628,-0.363625531219355,-0.967705176033977,0.115713450295184,0.11243887026191,-0.0489922092178755,-1.07957358498493,0.237210796576857
9.11968819662343,0.355161497866864,-0.363286344642016,-0.967882438542597,0.117552612076476,0.112181356289444,-0.0490944039886571,-1.07886716379887,0.238935687916606
9.18293458777804,0.352780575000703,-0.362932759537451,-0.96804646457659,0.119405816579619,0.111923489422574,-0.0491959316097798,-1.07814968796554,0.240668090097654
9.2466196020421,0.350405533935417,-0.36256488587615,-0.968197057816869,0.121272993766135,0.111665276903573,-0.049296799561093,-1.07742104585745,0.242407977614314
9.31074628133199,0.348036554964427,-0.362182836467463,-0.968334022279353,0.123154070961359,0.111406725712004,-0.0493970154629525,-1.07668112517226,0.24415532359926
9.3753176886602,0.345673815857827,-0.361786726896484,-0.968457162347944,0.125048972857597,0.111147842560717,-0.0494965870690943,-1.07592981294272,0.245910099800902
9.44033690828169,0.343317491808749,-0.36137667545972,-0.968566282807172,0.126957621517621,0.110888633892027,-0.0495955222593933,-1.07516699554686,0.247672276560618
9.50580704584117,0.340967755381589,-0.360952803099601,-0.968661188874493,0.128879936378486,0.110629105874091,-0.0496938290325135,-1.07439255871874,0.249441822789863
9.57173122852146,0.338624776462126,-0.36051523333789,-0.968741686232257,0.130815834255637,0.110369264397477,-0.0497915154984545,-1.07360638755954,0.251218705947143
9.63811260519287,0.336288722209562,-0.36006409220806,-0.96880758105933,0.132765229347298,0.110109115071924,-0.0498885898709998,-1.07280836654905,0.253002892014872
9.70495434656358,0.333959757010492,-0.359599508186696,-0.968858680062377,0.13472803323911,0.109848663223312,-0.049985060460073,-1.07199837955775,0.254794345476109
9.7722596453311,0.331638042434834,-0.359121612123987,-0.968894790506814,0.136704154909001,0.109587913890825,-0.0500809356640073,-1.0711763098592,0.256593029291168
9.84003171633479,0.329323737193738,-0.358630537173363,-0.968915720247429,0.138693500732269,0.109326871824324,-0.0501762239617334,-1.07034204014293,0.258398904874133
9.90827379670937,0.327016997099477,-0.358126418720354,-0.968921277758666,0.140695974486863,0.109065541481924,-0.0502709339048927,-1.06949545252786,0.26021193206925
9.97698914603959,0.324717975027345,-0.357609394310714,-0.968911272164594,0.142711477358827,0.108803927027781,-0.0503650741098805,-1.06863642857615,0.262032069127232
10.0461810465159,0.322426820879574,-0.3570796035779,-0.968885513268564,0.144739907947897,0.108542032330085,-0.0504586532498253,-1.06776484930753,0.263859272681458
10.1158528030912,0.320143681551263,-0.356537188169933,-0.968843811582541,0.146781162273238,0.108279860959269,-0.050551680046511,-1.0668805952142,0.265693497724082
10.1860077436388,0.317868700898346,-0.355982291675742,-0.96878597835616,0.148835133779286,0.108017416186426,-0.0506441632622456,-1.06598354627616,0.267534697582064
10.2566492191112,0.315602019707584,-0.355415059551022,-0.968711825605468,0.15090171334169,0.107754700981947,-0.0507361116916847,-1.06507358197711,0.269382823893117
10.3277806037004,0.313343775668603,-0.354835639043689,-0.968621166141402,0.152980789273329,0.107491718014363,-0.0508275341536143,-1.0641505813209,0.271237826581583
10.3994052949988,0.31109410334796,-0.354244179118983,-0.968513813597988,0.155072247330393,0.107228469649414,-0.0509184394826985,-1.06321442284849,0.273099653834251
10.4715267141616,0.308853134165246,-0.353640830384283,-0.96838958246029,0.157175970718498,0.106964957949326,-0.051008836521199,-1.06226498465544,0.274968252076116
10.5441483060703,0.306620996371219,-0.353025745013695,-0.968248288092108,0.159291840098839,0.106701184672311,-0.0510987341106715,-1.06130214441005,0.276843565946083
10.6172735394972,0.304397815027964,-0.352399076672476,-0.968089746763452,0.161419733594348,0.106437151272274,-0.0511881410836449,-1.06032577937198,0.278725538272644
10.6909059072708,0.302183711991061,-0.35176098044135,-0.967913775677795,0.16355952679585,0.106172858898752,-0.0512770662552888,-1.05933576641153,0.280614110049516
10.7650489264432,0.299978805893773,-0.351111612740774,-0.967720192999131,0.165711092768204,0.105908308397055,-0.0513655184150761,-1.05833198202946,0.282509220411258
10.8397061384575,0.29778321213322,-0.350451131255217,-0.967508817878842,0.167874302056407,0.105643500308636,-0.0514535063184452,-1.05731430237748,0.284410806608882
10.9148811093176,0.295597042858536,-0.349779694857501,-0.967279470482404,0.170049022691668,0.105378434871669,-0.0515410386784679,-1.05628260327925,0.286318803985459
10.9905774297578,0.293420406960998,-0.349097463533278,-0.96703197201594,0.172235120197416,0.105113112021848,-0.0516281241575293,-1.05523676025217,0.288233145951732
11.0667987154147,0.291253410066101,-0.348404598305671,-0.96676614475264,0.174432457595248,0.104847531393397,-0.0517147713590239,-1.05417664852962,0.290153763961755
11.1435486070002,0.289096154527567,-0.347701261160158,-0.96648181205907,0.176640895410802,0.104581692320302,-0.0518009888190751,-1.05310214308402,0.292080587488565
11.2208307704748,0.286948739423264,-0.346987614969742,-0.966178798421388,0.17886029167955,0.10431559383775,-0.0518867849982821,-1.05201311865045,0.294013543999892
11.2986488972231,0.28481126055302,-0.346263823420454,-0.965856929471483,0.181090501952497,0.104049234683781,-0.0519721682735009,-1.05090944975093,0.295952558933933
11.3770067042298,0.282683810438299,-0.34553005093726,-0.965516032013064,0.183331379301781,0.103782613301156,-0.0520571469296633,-1.04979101071948,0.297897555675196
11.4559079342577,0.280566478323721,-0.344786462610388,-0.965155934047712,0.185582774326174,0.103515727839432,-0.052141729151641,-1.04865767572774,0.299848455530422
11.535356356026,0.278459350180403,-0.344033224122164,-0.964776464800926,0.187844535156472,0.103248576157246,-0.0522259230161588,-1.04750931881141,0.301805177704617
11.6153557643908,0.276362508711088,-0.343270501674373,-0.964377454748173,0.190116507460773,0.102981155824804,-0.0523097364837618,-1.04634581389729,0.303767639277186
11.6959099805258,0.274276033357033,-0.342498461916201,-0.963958735640975,0.192398534449646,0.102713464126581,-0.0523931773908434,-1.04516703483115,0.3057357551782
11.7770228521052,0.272200000306629,-0.341717271872812,-0.963520140533047,0.194690456881176,0.102445498064219,-0.052476253441737,-1.04397285540622,0.307709438164814
11.8586982534876,0.27013448250573,-0.34092709887459,-0.96306150380651,0.196992113065899,0.10217725435963,-0.0525589722008781,-1.04276314939253,0.309688598797832
11.9409400859005,0.268079549669641,-0.340128110487093,-0.96258266119821,0.199303338871622,0.101908729458295,-0.0526413410850405,-1.04153779056689,0.311673145418463
12.0237522776272,0.26603526829675,-0.339320474441765,-0.96208344982615,0.201623967728126,0.101639919532767,-0.0527233673556523,-1.0402966527437,0.313662984125267
12.1071387841942,0.264001701683761,-0.338504358567437,-0.96156370821607,0.20395383063176,0.101370820486362,-0.0528050581111954,-1.03903960980648,0.315658018751309
12.1911035885602,0.261978909942493,-0.337679930722654,-0.961023276328196,0.206292756149934,0.101101427957047,-0.0528864202796945,-1.03776653574023,0.317658150841555
12.2756507013062,0.259966950018214,-0.33684735872888,-0.960461995584179,0.208640570425503,0.100831737321516,-0.0529674606112984,-1.03647730466452,0.319663279630514
12.3607841608273,0.257965875709477,-0.336006810304591,-0.959879708894244,0.210997097181063,0.100561743699459,-0.0530481856709601,-1.03517179086736,0.321673302020144
12.4465080335254,0.255975737689405,-0.335158453000313,-0.959276260684577,0.213362157723159,0.100291441958008,-0.0531286018312181,-1.03384986883993,0.323688112558062
12.5328264140034,0.253996583528406,-0.33430245413462,-0.958651496924969,0.215735570946417,0.100020826716374,-0.053208715265085,-1.03251141331203,0.325707603416056
12.6197434252612,0.252028457718273,-0.333438980731136,-0.958005265156744,0.218117153337607,0.0997498923506586,-0.0532885319390459,-1.03115629928844,0.327731664368932
12.7072632188919,0.250071401697627,-0.332568199456551,-0.957337414520985,0.220506718979649,0.0994786329988447,-0.0533680576061722,-1.02978440208597,0.329760182773717
12.7953899752808,0.248125453878663,-0.331690276559706,-0.956647795787086,0.222904079555579,0.0992070425659599,-0.0534472977993542,-1.02839559737145,0.331793043549238
12.8841279038047,0.246190649675173,-0.330805377811742,-0.955936261381656,0.225309044352482,0.0989351147294127,-0.053526257824656,-1.02698976120048,0.333830129156101
12.9734812430331,0.244267021531788,-0.329913668447366,-0.955202665417778,0.227721420265412,0.0986628429444954,-0.0536049427547979,-1.02556677005701,0.335871319577097
13.0634542609305,0.242354598954409,-0.329015313107237,-0.954446863724671,0.230141011801313,0.0983902204500526,-0.0536833574227684,-1.02412650089381,0.337916492298047
13.1540512550606,0.240453408541787,-0.328110475781499,-0.953668713877747,0.232567621082951,0.098117240274311,-0.0537615064155708,-1.0226688311737,0.339965522289132
13.2452765527909,0.238563474018208,-0.327199319754489,-0.952868075229104,0.235001047852894,0.0978438952408679,-0.053839394068108,-1.02119363891166,0.342018281986708
13.3371345115004,0.236684816267241,-0.326282007550625,-0.952044808938464,0.237441089477539,0.0975701779748349,-0.0539170244572078,-1.01970080271783,0.344074641275653
13.4296295187868,0.234817453366519,-0.325358700881506,-0.951198778004572,0.23988754095121,0.0972960809091328,-0.0539944013957937,-1.01819020184126,0.346134467472254
13.5227659926764,0.232961400623493,-0.324429560594232,-0.95032984729709,0.242340194900368,0.097021596290936,-0.0540715284272035,-1.01666171621459,0.348197625307683
13.6165483818355,0.231116670612137,-0.323494746620947,-0.949437883588977,0.244798841587927,0.0967467161882609,-0.0541484088196596,-1.01511522649954,0.350263976912058
13.7109811657822,0.229283273210551,-0.322554417929651,-0.948522755589396,0.247263268917716,0.096471432496696,-0.0542250455608936,-1.01355061413323,0.352333381799153
13.806068855101,0.227461215639433,-0.321608732476256,-0.947584333977148,0.249733262439116,0.0961957369462698,-0.0543014413529296,-1.0119677613754,0.354405696851749
13.9018159916578,0.225650502501358,-0.320657847157919,-0.946622491434658,0.252208605351879,0.0959196211084533,-0.0543775986070271,-1.01036655135641,0.356480776307685
13.998227148817,0.223851135820856,-0.319701917767653,-0.94563710268252,0.254689078511173,0.0956430764032926,-0.0544535194387889,-1.00874686812614,0.358558471746618
14.0953069316601,0.222063115085218,-0.318741098950232,-0.944628044514609,0.257174460432876,0.0953660941066688,-0.0545292056634353,-1.00710859670369,0.360638632077527
14.1930599772055,0.220286437286004,-0.317775544159382,-0.943595195833793,0.259664527299142,0.0950886653576811,-0.0546046587912478,-1.00545162312794,0.362721103526996
14.2914909546299,0.218521096961221,-0.316805405616281,-0.942538437688228,0.262159052964268,0.0948107811661492,-0.054679880023185,-1.00377583450891,0.3648057296283
14.3906045654914,0.216767086238111,-0.315830834269354,-0.941457653308265,0.264657808960907,0.094532432420231,-0.0547548702466745,-1.00208111907996,0.366892351211321
14.4904055439544,0.215024394876534,-0.314851979755391,-0.940352728143975,0.267160564506636,0.0942536098941529,-0.0548296300315807,-1.00036736625084,0.36898080639334
14.5908986570152,0.213293010312887,-0.313868990361957,-0.939223549903293,0.269667086510924,0.0939743042560473,-0.0549041596263548,-0.998634466661454,0.371070930570716
14.6920887047298,0.211572917704535,-0.312882012991129,-0.938070008590789,0.272177139582537,0.0936945060758945,-0.0549784589543656,-0.996882312236553,0.373162556411498
14.7939805204436,0.209864099974707,-0.311891193124533,-0.936891996547082,0.274690486037394,0.0934142058335641,-0.0550525276104163,-0.995110796241108,0.375255513848997
14.8965789710218,0.20816653785783,-0.310896674789701,-0.935689408488882,0.277206885906928,0.0931333939269535,-0.0551263648574486,-0.993319813336524,0.377349630076348
14.999888957082,0.206480209945251,-0.309898600527728,-0.93446214154968,0.27972609694698,0.0928520606802169,-0.0551999696234361,-0.991509259637597,0.379444729542099
15.1039154132284,0.204805092731324,-0.308897111362235,-0.933210095321078,0.28224787464725,0.0925701963520836,-0.0552733404984694,-0.989679032770244,0.381540633946849
15.2086633082875,0.203141160659818,-0.307892346769641,-0.931933171894761,0.284771972241358,0.0922877911442596,-0.0553464757320355,-0.987829031929958,0.383637162240987
15.3141376455451,0.201488386170615,-0.306884444650722,-0.930631275905113,0.287298140717538,0.0920048352099087,-0.0554193732304929,-0.985959157940995,0.385734130623537
15.4203434629857,0.19984673974666,-0.305873541303463,-0.929304314572463,0.289826128830013,0.0917213186622099,-0.0554920305547444,-0.984069313316282,0.387831352542169
15.5272858335329,0.198216189961137,-0.3048597713972,-0.927952197746981,0.292355683111068,0.0914372315829851,-0.0555644449181102,-0.982159402317999,0.38992863869439
15.6349698652918,0.196596703524821,-0.30384326794803,-0.92657483795318,0.294886547883889,0.0911525640313951,-0.0556366131844023,-0.980229331018855,0.392025797029958
15.7434007017931,0.194988245333601,-0.302824162295495,-0.925172150435062,0.297418465276172,0.0908673060526972,-0.0557085318662024,-0.978279007364003,0.394122632754542
15.8525835222385,0.193390778516109,-0.301802584080525,-0.923744053201856,0.299951175234566,0.0905814476870628,-0.0557801971233452,-0.976308341233604,0.396218948334676
15.9625235417481,0.191804264481451,-0.300778661224628,-0.922290467074378,0.30248441553997,0.0902949789784475,-0.0558516047616086,-0.974317244505991,0.39831454350402
16.07322601161,0.190228662966995,-0.299752519910329,-0.92081131573196,0.305017921823738,0.0900078899835123,-0.0559227502316117,-0.972305631121431,0.40040921527098
16.1846962195303,0.18866393208619,-0.298724284562823,-0.919306525759976,0.307551427584814,0.0897201707805901,-0.0559936286279233,-0.970273417146445,0.402502757927701
16.2969394898867,0.187110028376388,-0.297694077832861,-0.917776026697916,0.310084664207851,0.0894318114786918,-0.0560642346883816,-0.968220520838675,0.404594963060482
16.4099611839816,0.185566906846633,-0.296662020580831,-0.916219751088011,0.312617360982336,0.0891428022265504,-0.0561345627936267,-0.966146862712253,0.406685619561634
16.5237667002994,0.184034521025403,-0.295628231862039,-0.914637634524385,0.315149245122772,0.0888531332216963,-0.056204606966847,-0.964052365603661,0.408774513642809
16.6383614747635,0.182512823008264,-0.294592828913162,-0.913029615702714,0.317680041789951,0.0885627947195593,-0.0562743608737409,-0.96193695473804,0.410861428849853
16.7537509809962,0.181001763505415,-0.293555927139876,-0.911395636470368,0.320209474113357,0.0882717770425945,-0.0563438178226948,-0.959800557795928,0.41294614607918
16.8699407305804,0.179501291889099,-0.292517640105627,-0.90973564187702,0.322737263214724,0.0879800705894247,-0.0564129707651795,-0.957643104980376,0.415028443595732
16.9869362733223,0.178011356240854,-0.291478079521548,-0.908049580225687,0.325263128232812,0.0876876658439976,-0.0564818122963636,-0.955464529084439,0.417108097052526
17.1047431975172,0.17653190339858,-0.290437355237493,-0.906337403124189,0.32778678634941,0.0873945533847499,-0.0565503346559479,-0.95326476555897,0.41918487951184
17.2233671302159,0.175062879003392,-0.289395575234178,-0.904599065536985,0.330307952816622,0.0871007238937768,-0.0566185297292192,-0.951043752580712,0.421258561468048
17.3428137374936,0.173604227546248,-0.288352845616417,-0.902834525837362,0.332826340985459,0.0868061681659988,-0.0566863890483255,-0.94880143112063,0.423328910872149
17.4630887247206,0.172155892414319,-0.287309270607431,-0.901043745859954,0.335341662335786,0.0865108771183237,-0.0567539037937734,-0.946537745012461,0.425395693158003
17.5841978368348,0.17071781593708,-0.286264952544216,-0.899226690953536,0.337853626507637,0.0862148417987969,-0.056821064796147,-0.94425264102142,0.427458671270312
17.7061468586161,0.16928993943211,-0.285219991873954,-0.89738333003408,0.34036194133396,0.0859180533957361,-0.0568878625380511,-0.941946068913043,0.429517605694359
17.8289416149627,0.167872203250565,-0.28417448715145,-0.895513635638027,0.342866312874798,0.0856205032468452,-0.0569542871562766,-0.939617981522108,0.431572254487548
17.9525879711692,0.166464546822325,-0.283128535037576,-0.893617583975737,0.345366445452955,0.0853221828483016,-0.0570203284441901,-0.937268334821597,0.43362237331275
18.0770918332073,0.16506690870077,-0.282082230298708,-0.891695154985075,0.347862041691173,0.0850230838638137,-0.057085975854348,-0.934897087991652,0.435667715473494
18.2024591480069,0.163679226607191,-0.281035665807134,-0.889746332385096,0.350352802550851,0.0847231981336403,-0.0571512185013345,-0.932504203488476,0.437708031951011
18.3286959037413,0.162301437474801,-0.27998893254242,-0.887771103729789,0.352838427372331,0.0844225176835706,-0.0572160451648229,-0.930089647113133,0.439743071443163
18.4558081301122,0.160933477492339,-0.278942119593711,-0.88576946046182,0.355318613916788,0.0841210347338556,-0.0572804442928632,-0.927653388080198,0.441772580405274
18.5838018986386,0.159575282147242,-0.277895314162955,-0.883741397966253,0.357793058409738,0.0838187417080893,-0.0573444040053914,-0.925195399086206,0.443796303092878
18.7126833229461,0.158226786268377,-0.276848601569027,-0.881686915624174,0.360261455586204,0.0835156312420313,-0.0574079120979649,-0.922715656377841,0.445813981606401
18.8424585590593,0.156887924068308,-0.275802065252734,-0.879606016866188,0.362723498737555,0.0832116961923677,-0.0574709560457196,-0.920214139819828,0.447825355937804
18.9731338056957,0.155558629185096,-0.27475578678269,-0.877498709225734,0.365178879760035,0.0829069296454035,-0.0575335230075509,-0.917690832962454,0.449830164019182
19.1047153045619,0.154238834723604,-0.273709845862031,-0.87536500439216,0.367627289205025,0.0826013249256819,-0.0575955998305172,-0.91514572310868,0.451828141773357
19.2372093406515,0.1529284732963,-0.272664320335962,-0.873204918263509,0.370068416331035,0.0822948756045243,-0.0576571730544648,-0.912578801380774,0.45381902316645
19.3706222425457,0.151627477063546,-0.271619286200112,-0.871018470998967,0.372501949157451,0.0819875755084862,-0.0577182289168734,-0.909990062786417,0.455802540262462
19.5049603827152,0.150335777773358,-0.27057481760968,-0.868805687070905,0.374927574520061,0.0816794187277233,-0.0577787533579227,-0.907379506284217,0.45777842327987
19.6402301778248,0.149053306800625,-0.269530986889351,-0.866566595316466,0.377344978128367,0.0813703996242618,-0.0578387320257764,-0.904747134848573,0.459746400650229
19.7764380890397,0.147779995185772,-0.268487864543965,-0.864301228988638,0.3797538446247,0.0810605128401677,-0.0578981502820849,-0.902092955533836,0.461706199078811
19.9135906223344,0.146515773672864,-0.267445519269923,-0.862009625806746,0.382153857645144,0.0807497533056098,-0.0579569932077039,-0.899416979537686,0.463657543607255
20.0516943288031,0.145260572747133,-0.266404017967306,-0.859691828006321,0.384544699882282,0.0804381162468096,-0.0580152456086276,-0.896719222263691,0.46560015767826
20.1907558049731,0.144014322671923,-0.265363425752693,-0.857347882388252,0.386926053149775,0.0801255971938742,-0.0580728920221358,-0.893999703382953,0.467533763202291
20.3307816931193,0.142776953525034,-0.264323805972652,-0.8549778403672,0.389297598448767,0.0798121919885046,-0.0581299167231511,-0.891258446894806,0.46945808062632
20.4717786815819,0.141548395234473,-0.263285220217897,-0.852581758019166,0.391659016036138,0.0794978967915756,-0.058186303730807,-0.888495481186483,0.471372829004585
20.6137535050858,0.14032857761358,-0.262247728338083,-0.85015969612819,0.394009985494582,0.0791827080905798,-0.0582420368152222,-0.885710839091693,0.473277726071357
20.756712945062,0.139117430395548,-0.261211388457219,-0.847711720232083,0.396350185804529,0.078866622706932,-0.0582970995044805,-0.882904557948039,0.475172488315722
20.900663829972,0.137914883267302,-0.260176256989694,-0.845237900667144,0.398679295417902,0.0785496378031259,-0.0583514750918137,-0.880076679653224,0.477056831058348
21.0456130356336,0.136720865902748,-0.259142388656875,-0.842738312611793,0.400996992333694,0.07823175088974,-0.0584051466429838,-0.877227250719951,0.478930468530245
21.1915674855492,0.13553530799538,-0.258109836504284,-0.840213036129049,0.403302954175369,0.077912959832285,-0.0584580970038637,-0.874356322329482,0.48079311395348
21.338534151237,0.134358139290232,-0.257078651919317,-0.837662156207785,0.40559685827007,0.0775932628578878,-0.0585103088082113,-0.871463950383766,0.48264447962385
21.4865200525637,0.133189289615185,-0.25604888464949,-0.835085762802699,0.407878381729621,0.0772726585618071,-0.0585617644856362,-0.868550195556075,0.48448427699548
21.6355322580795,0.132028688911598,-0.255020582821203,-0.832483950872923,0.410147201533309,0.0769511459137737,-0.0586124462697534,-0.865615123340086,0.486312216767334
21.7855778853565,0.130876267264289,-0.25399379295899,-0.829856820419213,0.412402994612429,0.0766287242641508,-0.0586623362065231,-0.86265880409733,0.488128008971602
21.9366641013278,0.129731954930828,-0.252968560005251,-0.827204476519637,0.414645437936571,0.0763053933499083,-0.0587114161627709,-0.859681313102955,0.489931363063947
22.0887981226306,0.128595682370166,-0.251944927340436,-0.82452702936371,0.416874208601619,0.0759811533004066,-0.0587596678348854,-0.856682730589719,0.491721988015586
22.2419872159503,0.127467380270575,-0.250922936803669,-0.821824594284888,0.419088983919449,0.0756560046429824,-0.05880707275769,-0.85366314179016,0.493499592407151
22.396238698368,0.126346979576911,-0.249902628713791,-0.819097291791374,0.421289441509289,0.0753299483083332,-0.0588536123134834,-0.850622636976866,0.495263884524327
22.5515599377096,0.125234411517185,-0.248884041890814,-0.816345247595146,0.423475259390708,0.0750029856356942,-0.0588992677412457,-0.847561311500784,0.497014572455205
22.7079583528983,0.124129607628438,-0.247867213677746,-0.813568592639157,0.425646116078209,0.0746751183778023,-0.0589440201460047,-0.844479265827502,0.498751364189324
22.8654414143084,0.123032499781933,-0.246852179962798,-0.81076746312263,0.42780169067738,0.0743463487056418,-0.0589878505083584,-0.841376605571431,0.500473967718357
23.0240166441225,0.121943020207642,-0.245838975201934,-0.807942000524387,0.429941662982577,0.0740166792129677,-0.0590307396941484,-0.838253441527835,0.502182091138393
23.1836916166905,0.120861101518038,-0.244827632441752,-0.805092351624138,0.432065713576077,0.0736861129206,-0.0590726684642796,-0.835109889702634,0.503875442753777
23.3444739588916,0.119786676731183,-0.243818183342684,-0.802218668521677,0.43417352392868,0.0733546532804857,-0.0591136174846801,-0.831946071339916,0.505553731182448
23.5063713504986,0.118719679293119,-0.24281065820249,-0.799321108653909,0.436264776501695,0.0730223041795225,-0.0591535673363971,-0.828762112947114,0.50721666546273
23.6693915245447,0.117660043099554,-0.241805085980039,-0.79639983480965,0.438339154850269,0.0726890699431397,-0.0591924985258225,-0.825558146317753,0.508863955161521
23.8335422676926,0.116607702516841,-0.240801494319344,-0.793455015142143,0.440396343728005,0.0723549553386322,-0.0592303914950421,-0.822334308551752,0.510495310483824
23.9988314206069,0.115562592402256,-0.239799909573848,-0.790486823179213,0.442436029192813,0.0720199655782428,-0.059267226632303,-0.819090742073171,0.512110442383553
24.1652668783283,0.114524648123572,-0.238800356830945,-0.787495437831025,0.444457898713935,0.0716841063219877,-0.0593029842825934,-0.815827594645397,0.513709062675561
24.3328565906507,0.113493805577926,-0.237802859936702,-0.784481043395365,0.446461641280093,0.0713473836802229,-0.0593376447583276,-0.812545019383675,0.515290884148825
24.5016085625011,0.11247000120998,-0.236807441520783,-0.781443829560397,0.448446947508678,0.0710098042159452,-0.0593711883501298,-0.809243174764941,0.516855620680712
24.6715308543219,0.111453172029386,-0.235814123021557,-0.778383991404847,0.45041350975594,0.0706713749468256,-0.059403595337711,-0.805922224634923,0.518402987352275
24.8426315824557,0.110443255627539,-0.234822924711355,-0.775301729395547,0.452361022228087,0.0703321033469703,-0.0594348460008316,-0.80258233821243,0.519932700564481
25.0149189195333,0.109440190193638,-0.233833865721888,-0.772197249382302,0.454289181093243,0.0699919973484067,-0.0594649206303418,-0.799223690090798,0.521444478155328
25.1884010948637,0.108443914530039,-0.232846964069786,-0.769070762590016,0.456197684594176,0.0696510653422897,-0.0594937995392942,-0.795846460236445,0.522938039517748
25.3630863948277,0.10745436806692,-0.231862236682248,-0.765922485608046,0.45808623316173,0.0693093161798266,-0.0595214630741208,-0.792450833984488,0.52441310571824
25.538983163273,0.106471490876239,-0.230879699422801,-0.762752640376728,0.459954529528889,0.0689667591729166,-0.0595478916258661,-0.789037002031379,0.525869399616131
25.7160998019135,0.105495223685011,-0.229899367117128,-0.759561454171031,0.461802278845379,0.0686234040945022,-0.0595730656414699,-0.78560516042452,0.527306645983402
25.89444477073,0.104525507887888,-0.228921253578966,-0.756349159581316,0.463629188792737,0.0682792611786305,-0.0595969656350913,-0.782155510548827,0.528724571624988
26.0740265883745,0.103562285559052,-0.227945371636059,-0.753115994491133,0.465434969699765,0.0679343411202211,-0.0596195721994659,-0.778688259110196,0.530122905499457
26.2548538325773,0.102605499463431,-0.226971733156135,-0.749862202052046,0.467219334658273,0.0675886550745394,-0.0596408660172896,-0.775203618115844,0.531501378839997
26.4369351405564,0.101655093067227,-0.226000349072912,-0.746588030655454,0.468981999639038,0.0672422146563725,-0.0596608278726185,-0.771701804851505,0.532859725275605
26.6202792094301,0.100711010547774,-0.225031229412096,-0.743293733901351,0.470722683607877,0.0668950319389072,-0.0596794386622788,-0.768183041855434,0.534197680952393
26.8048947966327,0.099773196802725,-0.224064383317379,-0.739979570564033,0.472441108641753,0.0665471194523073,-0.0596966794072777,-0.764647556889217,0.535514984654929
26.9907907203326,0.0988415974585667,-0.223099819076398,-0.736645804554706,0.474137000044809,0.0661984901819895,-0.0597125312642056,-0.761095582905348,0.536811377927495
27.1779758598533,0.0979161588784798,-0.222137544146663,-0.73329270488098,0.475810086464259,0.0658491575665979,-0.0597269755366237,-0.757527358011568,0.538086605195184
27.3664591560979,0.0969968281695377,-0.221177565181417,-0.729920545603235,0.47746010000601,0.065499135495675,-0.0597399936864254,-0.753943125431943,0.539340413884741
27.556249611976,0.0960835531892565,-0.220219888055435,-0.726529605787841,0.479086776349947,0.0651484383070295,-0.0597515673451653,-0.750343133464675,0.540572554545033
27.7473562928336,0.0951762825514983,-0.219264517890727,-0.723120169457224,0.480689854864766,0.0647970807838009,-0.0597616783253453,-0.746727635436634,0.541782780967062
27.9397883268864,0.0942749656317368,-0.218311459082147,-0.719692525536766,0.482269078722261,0.0644450781512211,-0.05977030863165,-0.74309688965461,0.542970850303423
28.1335549056553,0.0933795525716894,-0.217360715322888,-0.71624696779854,0.483824195010969,0.0640924460730725,-0.0597774404721223,-0.739451159353275,0.54413652318709
28.3286652844062,0.0924899942833232,-0.216412289629841,-0.712783794801874,0.485354954849063,0.063739200647845,-0.0597830562692698,-0.735790712639872,0.54527956384945
28.5251287825912,0.0916062424522425,-0.215466184368819,-0.709303309830753,0.48686111349641,0.0633853584045904,-0.0597871386710939,-0.732115822435617,0.546399740237465
28.7229547842946,0.0907282495404635,-0.21452240127962,-0.705805820828059,0.48834243046567,0.0630309362984792,-0.0597896705620322,-0.728426766413846,0.547496824129864
28.9221527386804,0.0898559687885854,-0.213580941500925,-0.702291640326666,0.489798669632351,0.0626759517060569,-0.0597906350738051,-0.724723826934889,0.548570591252272
29.1227321604441,0.088989354217365,-0.212641805595007,-0.698761085377392,0.491229599343708,0.0623204224202057,-0.0597900155961577,-0.721007290977724,0.54962082139116
29.324702630267,0.0881283606287029,-0.211704993572253,-0.695214477473842,0.492634992526396,0.0619643666448112,-0.0597877957874893,-0.7172774500684,0.550647298506512
29.5280737952738,0.0872729436060489,-0.210770504915465,-0.691652142474147,0.494014626792754,0.0616078029891379,-0.0597839595853591,-0.713534600205264,0.551649810843127
29.7328553694936,0.0864230595142376,-0.209838338603953,-0.688074410519637,0.495368284545645,0.0612507504619154,-0.0597784912168617,-0.709779041781025,0.552628151040423
29.9390571343235,0.0855786654987602,-0.208908493137383,-0.68448161595046,0.496695753081723,0.0608932284651397,-0.0597713752088624,-0.706011079501675,0.553582116240666
30.1466889389963,0.084739719484484,-0.207980966559388,-0.680874097218203,0.497996824693049,0.0605352567875909,-0.0597625963980836,-0.702231022302306,0.554511508195504
30.3557607010504,0.083906180173828,-0.207055756480918,-0.677252196795525,0.49927129676694,0.0601768555980737,-0.059752139941034,-0.698439183259867,0.555416133370724
30.566282406804,0.083078007044404,-0.206132860103316,-0.67361626108286,0.500518971883956,0.0598180454383819,-0.0597399913237718,-0.694635879502891,0.556295803049111
30.7782641118319,0.0822551603461349,-0.205212274241123,-0.669966640312228,0.501739657913935,0.0594588472159935,-0.0597261363714932,-0.690821432118242,0.557150333431322
30.9917159414457,0.0814376010978583,-0.204293995344585,-0.666303688448194,0.502933168109955,0.0590992821964998,-0.0597105612579387,-0.686996166054945,0.557979545734684
31.2066480911777,0.0806252910834272,-0.203378019521859,-0.662627763086042,0.504099321200163,0.0587393719957732,-0.0596932525146075,-0.683160410025122,0.558783266289794
31.4230708272674,0.0798181928473184,-0.202464342560902,-0.658939225347197,0.505237941477332,0.0583791385718799,-0.0596741970397738,-0.67931449640212,0.559561326634859
31.6409944871527,0.0790162696897595,-0.201552959951047,-0.655238439771973,0.506348858886095,0.058018604216742,-0.0596533821072946,-0.675458761115877,0.560313563607654
31.8604294799627,0.0782194856613857,-0.200643866904236,-0.651525774209697,0.507431909107728,0.0576577915475554,-0.0596307953752041,-0.671593543545583,0.561039819435022
32.0813862870155,0.0774278055574371,-0.199737058375914,-0.647801599706273,0.508486933642425,0.057296723497969,-0.0596064248940843,-0.667719186409723,0.561739941819819
32.3038754623189,0.0766411949115099,-0.198832529085572,-0.644066290389266,0.509513779888945,0.0569354233090321,-0.0595802591152063,-0.663836035653547,0.562413784025223
32.5279076330741,0.0758596199888721,-0.197930273536925,-0.64032022335056,0.510512301221572,0.0565739145199156,-0.0595522868984336,-0.659944440334059,0.563061204956313
32.7534935001834,0.075083047779355,-0.197030286037728,-0.636563778526684,0.511482357064284,0.0562122209584156,-0.059522497519882,-0.656044752502598,0.563682069238837
32.9806438387618,0.0743114459898357,-0.196132560719202,-0.632797338576872,0.51242381296207,0.0558503667312438,-0.0594908806793272,-0.652137327085084,0.564276247295093
33.2093694986511,0.0735447830363193,-0.195237091555089,-0.629021288758935,0.513336540649294,0.0554883762141154,-0.0594574265073557,-0.648222521760018,0.564843615416835
33.4396814049384,0.0727830280356361,-0.194343872380298,-0.625236016803047,0.514220418115046,0.0551262740416388,-0.05942212557225,-0.644300696834317,0.565384055835142
33.6715905584778,0.0720261507967662,-0.193452896909162,-0.621441912783515,0.515075329665405,0.054764085097017,-0.059384968886605,-0.640372215117084,0.565897456787158
33.9051080364161,0.0712741218118032,-0.192564158753282,-0.617639368988626,0.515901165982536,0.0544018345015683,-0.0593459479136671,-0.636437441791385,0.566383712579652
34.1402449927217,0.0705269122465713,-0.191677651438958,-0.613828779788676,0.516697824180557,0.0540395476040741,-0.0593050545733913,-0.632496744284147,0.566842723649317
34.3770126587175,0.069784493930909,-0.190793368424197,-0.610010541502261,0.517465207858124,0.0536772499699625,-0.0592622812482119,-0.628550492134261,0.567274396619755
34.6154223436172,0.069046839348632,-0.1899113031153,-0.606185052260934,0.518203227147647,0.0533149673703363,-0.0592176207885196,-0.624599056858994,0.567678644355073
34.8554854350656,0.0683139216271891,-0.189031448883012,-0.602352711872338,0.518911798761108,0.0529527257708551,-0.0591710665178428,-0.620642811818809,0.568055386010054
35.0972133996824,0.0675857145270258,-0.188153799078239,-0.598513921681892,0.519590846032407,0.0525905513204782,-0.059122612237726,-0.616682132080702,0.568404547076822
35.3406177836102,0.0668621924306671,-0.187278347047322,-0.594669084433169,0.520240298956196,0.0522284703400805,-0.0590722522323031,-0.612717394280151,0.568726059427985
35.5857102130658,0.0661433303315353,-0.186405086146868,-0.590818604127044,0.520860094223148,0.0518665093109483,-0.0590199812725608,-0.608748976481801,0.569019861356167
35.8325023948954,0.0654291038225155,-0.185534009758129,-0.586962885879728,0.521450175251626,0.0515046948631653,-0.0589657946202885,-0.60477725803897,0.569285897609933
36.081006117134,0.0647194890842829,-0.18466511130093,-0.583102335779817,0.522010492215697,0.0511430537638992,-0.0589096880317122,-0.600802619452118,0.569524119426025
36.3312332495683,0.064014462873406,-0.18379838424714,-0.579237360744425,0.52254100206948,0.0507816129055969,-0.0588516577608079,-0.596825442226359,0.569734484557905
36.5831957443038,0.0633140025102402,-0.182933822133688,-0.575368368374573,0.523041668567772,0.0504203992940997,-0.0587917005622944,-0.592846108728159,0.56991695730056
36.8369056363357,0.0626180858666234,-0.182071418575118,-0.571495766809882,0.523512462282939,0.0500594400366871,-0.0587298136943004,-0.588865002041304,0.57007150851154
37.0923750441235,0.0619266913533917,-0.181211167275675,-0.567619964582745,0.523953360618046,0.0496987623300604,-0.0586659949207066,-0.584882505822294,0.570198115628215
37.3496161701702,0.061239797907725,-0.18035306204094,-0.563741370472055,0.524364347816202,0.0493383934482752,-0.0586002425131592,-0.580899004155235,0.570296762681223
37.6086413016048,0.0605573849803389,-0.179497096788993,-0.559860393356615,0.52474541496611,0.048978360730633,-0.0585325552527549,-0.576914881406376,0.570367440304097
37.8694628107695,0.0598794325225364,-0.178643265561108,-0.555977442068364,0.525096560003814,0.0486186915695422,-0.0584629324313957,-0.572930522078405,0.570410145739069
38.1320931558105,0.0592059209731326,-0.177791562531991,-0.552092925245506,0.52541778771062,0.0482594133983594,-0.058391373852814,-0.56894631066461,0.570424882839023
38.3965448812729,0.0585368312452666,-0.176941982019552,-0.548207251185689,0.52570910970721,0.0479005536792188,-0.0583178798332666,-0.564962631503034,0.570411662065621
38.6628306187004,0.0578721447131152,-0.176094518494205,-0.54432082769934,0.525970544443934,0.0475421398908631,-0.0582424512018984,-0.560979868630744,0.570370500483576
38.9309630872381,0.0572118431985201,-0.175249166587716,-0.540434061963261,0.526202117187297,0.0471841995164831,-0.0581650893007767,-0.556998405638316,0.570301421751111
39.2009550942403,0.056555908957544,-0.174405921101583,-0.536547360374633,0.526403860002638,0.0468267600315776,-0.0580857959845963,-0.553018625524681,0.570204456106573
39.4728195358824,0.055904324666968,-0.173564777014957,-0.532661128405514,0.526575811733028,0.046469848891844,-0.0580045736200567,-0.549040910552419,0.570079640351256
39.7465693977764,0.0552570734107439,-0.17272572949211,-0.528775770457972,0.526718017974397,0.0461134935211075,-0.0579214250849139,-0.545065642103643,0.569927017828425
40.0222177555915,0.0546141386664146,-0.171888773889445,-0.524891689719949,0.526830531046915,0.045757721299302,-0.0578363537667074,-0.541093200536578,0.569746638398572
40.2997777756789,0.0539755042915153,-0.171053905762051,-0.521009288021988,0.526913409962657,0.045402559550509,-0.0577493635611651,-0.537123965042942,0.569538558410931
40.5792627157,0.0533411545099689,-0.170221120869822,-0.517128965694921,0.526966720389566,0.0450480355310673,-0.0576604588702897,-0.533158313506263,0.569302840671283
40.8606859252603,0.0527110738984874,-0.169390415183116,-0.513251121428648,0.52699053461178,0.0446941764177612,-0.0575696446001277,-0.529196622361226,0.569039554406079
41.1440608465467,0.0520852473729929,-0.168561784887991,-0.509376152132096,0.526984931486317,0.044341009296097,-0.057476926158226,-0.52523926645417,0.568748775222927
41.4294010149697,0.0514636601750693,-0.167735226390986,-0.505504452794486,0.52694999639621,0.0439885611486781,-0.0573823094507784,-0.521286618904851,0.568430585067484
41.7167200598098,0.0508462978584574,-0.166910736323493,-0.501636416348012,0.526885821200092,0.0436368588436869,-0.0572858008794661,-0.517339050969555,0.568085072176789
42.0060317048688,0.0502331462756052,-0.166088311545683,-0.497772433532024,0.52679250417831,0.0432859291234823,-0.0571874073379977,-0.5133969319057,0.567712331029099
42.2973497691249,0.049624191564285,-0.16526794915003,-0.493912892758843,0.526670149975613,0.0429357985933234,-0.0570871362083511,-0.509460628838003,0.56731246229028
42.5906881673929,0.0490194201342879,-0.164449646464403,-0.490058179981286,0.526518869540465,0.042586493710226,-0.0569849953567233,-0.505530506626332,0.56688557275679
42.8860609109892,0.0484188186542082,-0.16363340105477,-0.486208678562013,0.526338780061049,0.0422380407719615,-0.0568809931291933,-0.501606927735333,0.566431775295349
43.1834821084004,0.047822374038327,-0.162819210727482,-0.482364769144796,0.526130004898022,0.0418904659062064,-0.0567751383471027,-0.49769025210593,0.565951188779322
43.4829659659579,0.0472300734336068,-0.162007073531173,-0.478526829527794,0.525892673514094,0.0415437950598504,-0.0566674403021607,-0.493780837028801,0.565443938021914
43.7845267885158,0.0466419042068063,-0.161196987758272,-0.474695234538931,0.525626921400491,0.041198053988471,-0.0565579087512772,-0.48987903701991,0.564910153706212
44.0881789801347,0.0460578539317262,-0.160388951946129,-0.470870355913472,0.52533289000038,0.0408532682459817,-0.0564465539111334,-0.485985203698192,0.564349972312186
44.3939370447695,0.0454779103765951,-0.159582964877771,-0.467052562173868,0.525010726629336,0.0405094631744622,-0.0563333864524929,-0.482099685665479,0.563763536040692
44.701815586962,0.0449020614916054,-0.158779025582296,-0.463242218511976,0.524660584392912,0.0401666638941766,-0.0562184174942622,-0.478222828388746,0.563150992734565
45.0118293125388,0.0443302953966072,-0.157977133334905,-0.459439686673708,0.524282622101421,0.0398248952937877,-0.0561016585973062,-0.47435497408475,0.562512495796893
45.3239930293136,0.0437626003689707,-0.157177287656589,-0.455645324846212,0.523877004181986,0.0394841820207723,-0.0559831217580263,-0.470496461607168,0.561848204106539
45.6383216477945,0.0431989648316232,-0.156379488313471,-0.451859487547633,0.523443900587958,0.0391445484720459,-0.0558628194017076,-0.466647626336266,0.561158281931009
45.954830181896,0.0426393773412708,-0.155583735315821,-0.448082525519553,0.522983486705786,0.0388060187848012,-0.0557407643756437,-0.462808800071212,0.560442898836744
46.2735337496566,0.0420838265768116,-0.154790028916746,-0.444314785622151,0.522495943259432,0.038468616827567,-0.0556169699420452,-0.458980310925066,0.55970222959693
46.5944475739604,0.0415323013279473,-0.153998369610566,-0.440556610732164,0.521981456212421,0.0381323661914925,-0.0554914497707406,-0.455162483222535,0.558936454096923
46.9175869832646,0.0409847904840016,-0.153208758130885,-0.436808339643701,0.521440216667612,0.037797290181863,-0.0553642179316779,-0.45135563740054,0.558145757237373
47.2429674123316,0.0404412830229507,-0.152421195448366,-0.433070306971973,0.520872420764806,0.0374634118098507,-0.0552352888872327,-0.447560089911665,0.557330328835141
47.5706044029659,0.0399017680006727,-0.151635682768222,-0.429342843059986,0.52027826957626,0.0371307537845064,-0.0551046774843337,-0.443776153130517,0.556490363522121
47.9005136047569,0.0393662345404229,-0.150852221527429,-0.425626273888252,0.519657969000229,0.0367993385049954,-0.0549723989464121,-0.440004135263086,0.555626060642046
48.2327107758263,0.0388346718225385,-0.150070813391669,-0.421920920987559,0.519011729652625,0.0364691880530829,-0.0548384688651832,-0.436244340259105,0.554737624145383
48.5672117835806,0.0383070690743802,-0.149291460252026,-0.418227101354846,0.518339766756887,0.0361403241858703,-0.0547029031922694,-0.432497067727499,0.55382526248243
48.904032605469,0.037783415560514,-0.148514164221417,-0.414545127372226,0.517642300032181,0.0358127683287887,-0.0545657182306729,-0.42876261285492,0.552889188494692
49.243189329747,0.0372637005731386,-0.147738927630804,-0.410875306729176,0.516919553580013,0.03548654156885,-0.0544269306261057,-0.425041266327437,0.551929619304658
49.5846981562442,0.0367479134227622,-0.146965753025169,-0.40721794234795,0.516171755769372,0.0351616646481606,-0.0542865573581871,-0.42133331425539,0.550946776204073
49.9285753971387,0.0362360434291333,-0.146194643159267,-0.403573332312213,0.515399139120498,0.0348381579576979,-0.0541446157315156,-0.417639038101451,0.549940884540802
50.2748374777359,0.0357280799124272,-0.145425600993184,-0.399941769798951,0.514601940187376,0.034516041531354,-0.0540011233666253,-0.413958714611904,0.548912173604407
50.6235009372529,0.035224012184694,-0.144658629687684,-0.39632354301365,0.513780399439075,0.0341953350402466,-0.0538560981908347,-0.410292615751173,0.547860876510517
50.974582429609,0.0347238295415686,-0.143893732599377,-0.392718935128783,0.512934761140017,0.0338760577872999,-0.0537095584289962,-0.406641008639615,0.546787230084109
51.3280987242209,0.0342275212542457,-0.143130913275707,-0.389128224225595,0.512065273229286,0.0335582287020956,-0.0535615225941564,-0.403004155494582,0.545691474741805
51.6840667068035,0.0337350765617232,-0.142370175449768,-0.38555168323922,0.51117218719909,0.0332418663359964,-0.0534120094781341,-0.399382313574779,0.544573854373276
52.0425033801768,0.0332464846633142,-0.141611523034968,-0.381989579907117,0.510255757972461,0.0329269888575409,-0.0532610381420259,-0.395775735127904,0.543434616221864
52.4034258650778,0.0327617347114297,-0.140854960119545,-0.378442176720838,0.509316243780311,0.0326136140481115,-0.053108627906647,-0.39218466734159,0.542274010764521
52.7668514009784,0.0322808158046327,-0.140100490960935,-0.374909730881116,0.50835390603794,0.0323017592978748,-0.0529547983429169,-0.388609352297636,0.541092291591172
53.1327973469088,0.0318037169809656,-0.139348119980026,-0.371392494256283,0.507369009221089,0.0319914416019948,-0.0527995692621967,-0.385050026929531,0.539889715283587
53.5012811822866,0.0313304272115502,-0.138597851755282,-0.367890713343999,0.506361820741655,0.0316826775571176,-0.0526429607065884,-0.381506922983263,0.538666541293886
53.8723205077517,0.0308609353944604,-0.13784969101676,-0.364404629236286,0.505332610823152,0.0313754833581267,-0.0524849929392029,-0.377980266981393,0.53742303182275
54.2459330460073,0.0303952303488691,-0.137103642640034,-0.360934477587846,0.504281652376021,0.0310698747951699,-0.0523256864344052,-0.374470280190396,0.536159451697453
54.6221366426659,0.0299333008094662,-0.136359711640016,-0.357480488587654,0.50320922087289,0.0307658672509528,-0.0521650618680462,-0.370977178591237,0.534876068249803
55.0009492671021,0.02947513542115,-0.13561790316471,-0.354042886933803,0.502115594223869,0.0304634756983013,-0.0520031401076866,-0.367501172853166,0.533573151194095
55.3823890133107,0.0290207227339878,-0.134878222488879,-0.350621891811574,0.501001052651989,0.0301627146979883,-0.0518399422028232,-0.364042468310724,0.532250972505155
55.7664741007712,0.028570051198448,-0.134140675007664,-0.347217716874702,0.49986587856886,0.0298635983968238,-0.0516754893751241,-0.360601264943901,0.530909806296582
56.1532228753178,0.028123109160898,-0.133405266230134,-0.343830570229821,0.49871035645065,0.0295661405260062,-0.0515098030086802,-0.357177757361459,0.529549928699274
56.5426538100157,0.0276798848593701,-0.132672001772803,-0.34046065442404,0.497534772714474,0.0292703543997313,-0.0513429046402814,-0.353772134787348,0.528171617740317
56.9347855060436,0.0272403664195904,-0.1319408873531,-0.337108166435628,0.496339415595273,0.0289762529140581,-0.0511748159497235,-0.350384581050211,0.526775153222336
57.3296366935823,0.0268045418512701,-0.131211928782816,-0.333773297667762,0.495124575023273,0.0286838485460256,-0.0510055587501545,-0.347015274575924,0.525360816603392
57.7272262327089,0.0263723990446556,-0.130485131961526,-0.330456233945304,0.493890542502109,0.0283931533530204,-0.0508351549784659,-0.343664388383146,0.523928890877498
58.1275731142982,0.025943925767335,-0.129760502870004,-0.327157155514562,0.492637610987689,0.0281041789723895,-0.0506636266857363,-0.340332090081815,0.522479660455844
58.5306964609293,0.0255191096612986,-0.129038047563629,-0.323876237045986,0.491366074767888,0.0278169366212959,-0.0504909960277347,-0.337018541874574,0.521013411048807
58.9366155277994,0.0250979382402493,-0.12831777216579,-0.320613647639766,0.490076229343129,0.0275314370968133,-0.050317285255488,-0.333723900561061,0.519530429548821
59.3453497036433,0.0246803988871597,-0.127599682861311,-0.317369550834265,0.48876837130795,0.0272476907762543,-0.0501425167059216,-0.330448317545021,0.518031003914187
59.7569185116595,0.0242664788520724,-0.126883785889883,-0.314144104617253,0.487442798233615,0.0269657076177311,-0.0499667127925767,-0.32719193884419,0.516515423053889
60.1713416104428,0.0238561652501407,-0.126170087539529,-0.310937461439878,0.486099808551837,0.0266854971609412,-0.0497898959964117,-0.323954905102905,0.514983976713481
60.5886387949234,0.0234494450599035,-0.125458594140092,-0.307749768233327,0.48473970143969,0.0264070685281758,-0.0496120888566933,-0.320737351607376,0.513436955362137
61.0088299973121,0.0230463051217925,-0.124749312056767,-0.304581166428111,0.48336277670577,0.0261304304255456,-0.0494333139619816,-0.317539408303569,0.511874650080892
61.4319352880526,0.0226467321368665,-0.124042247683672,-0.301431791975933,0.481969334677669,0.0258555911444196,-0.0492535939412162,-0.314361199817647,0.510297352452168
61.8579748767801,0.0222507126657682,-0.123337407437475,-0.298301775374065,0.480559676090816,0.0255825585630718,-0.0490729514549072,-0.311202845478908,0.508705354450633
62.2869691132868,0.0218582331278997,-0.12263479775107,-0.295191241692177,0.479134101978762,0.0253113401485312,-0.0488914091864359,-0.308064459345157,0.507098948335447
62.7189384884933,0.0214692798008111,-0.121934425067324,-0.292100310601566,0.477692913564937,0.0250419429586302,-0.0487089898334711,-0.30494615023046,0.505478426543956
63.1539036354283,0.021083838819798,-0.121236295832877,-0.289029096406704,0.476236412155951,0.0247743736442456,-0.0485257160995042,-0.301848021735207,0.503844081586888
63.5918853302131,0.0207018961777035,-0.120540416492034,-0.285977708079068,0.474764899036494,0.0245086384517281,-0.0483416106855075,-0.298770172278431,0.502196205945097
64.032904493055,0.0203234377249185,-0.119846793480715,-0.282946249293154,0.473278675365853,0.0242447432255142,-0.0481566962817208,-0.295712695132313,0.500535091967902
64.4769821892457,0.0199484491695762,-0.119155433220502,-0.279934818464642,0.471778042076133,0.0239826934109152,-0.0479709955595686,-0.292675678458813,0.498861031773072
64.9241396301678,0.0195769160779355,-0.118466342112764,-0.276943508790625,0.470263299772186,0.023722494057079,-0.0477845311637128,-0.289659205348355,0.497174317148497
65.3743981743082,0.0192088238749475,-0.117779526532878,-0.273972408291839,0.468734748633317,0.0234641498201176,-0.047597325704244,-0.28666335386051,0.495475239455577
65.827779328278,0.0188441578450009,-0.117094992824547,-0.271021599856839,0.467192688316786,0.0232076649663961,-0.0474094017490136,-0.283688197066599,0.493764089534382
66.2843047478397,0.0184829031328398,-0.116412747294209,-0.268091161288031,0.46563741786315,0.0229530433759769,-0.0472207818161113,-0.280733803094161,0.492041157610612
66.7439962389419,0.0181250447446491,-0.115732796205562,-0.265181165349516,0.464069235603474,0.0227002885462143,-0.0470314883664899,-0.277800235173205,0.490306733204374
67.2068757587607,0.0177705675493029,-0.115055145774182,-0.262291679816664,0.462488439068448,0.0224494035954935,-0.0468415437967398,-0.274887551684196,0.488561105040837
67.6729654167483,0.0174194562797681,-0.114379802162263,-0.259422767527344,0.460895324899427,0.0222003912671077,-0.046650970432016,-0.271995806207689,0.486804560962766
68.1422874756894,0.0170716955346608,-0.113706771473461,-0.256574486434763,0.459290188761426,0.0219532539332697,-0.0464597905191199,-0.269125047575556,0.485037387844971
68.6148643527643,0.0167272697799474,-0.113036059747861,-0.25374688966182,0.457673325258091,0.0217079935992497,-0.0462680262197373,-0.266275319923734,0.483259871510698
69.0907186206199,0.0163861633507864,-0.112367672957054,-0.25094002555693,0.456045027848672,0.0214646119076368,-0.0460756996038353,-0.263446662746429,0.48147229664997
69.5698730084476,0.0160483604535053,-0.111701616999348,-0.248153937751229,0.454405588767002,0.0212231101427152,-0.0458828326432183,-0.2606391109517,0.479674946739916
70.0523504030693,0.0157138451677057,-0.111037897695085,-0.245388665217111,0.452755298942519,0.0209834892349529,-0.0456894472052461,-0.257852694918367,0.47786810396708
70.5381738500302,0.0153826014484941,-0.110376520782101,-0.242644242328011,0.451094447923319,0.0207457497655948,-0.0454955650467146,-0.255087440554172,0.476052049151744
71.0273665547,0.0150546131288292,-0.109717491911299,-0.239920698919386,0.449423323801281,0.0205098919713565,-0.0453012078078991,-0.252343369355123,0.474227061674264
71.5199518833807,0.0147298639219834,-0.109060816642357,-0.237218060350811,0.447742213139244,0.0202759157492116,-0.0451063970067638,-0.24962049846596,0.472393419403443
72.0159533644237,0.0144083374241113,-0.108406500439571,-0.234536347569131,0.446051400900261,0.0200438206612688,-0.0449111540333345,-0.246918840741671,0.470551398626923
72.5153946893524,0.0140900171169211,-0.107754548667815,-0.23187557717261,0.444351170378939,0.0198136059397329,-0.044715500144239,-0.244238404810009,0.468701273983634
73.0182997139948,0.0137748863704418,-0.107104966588652,-0.229235761475991,0.442641803134846,0.0195852704919429,-0.0445194564574115,-0.241579195134917,0.466843318398272
73.5246924596224,0.0134629284458836,-0.106457759356561,-0.226616908576435,0.44092357892801,0.019358812905485,-0.0443230439469649,-0.238941212080833,0.464977803017835
74.0345971140979,0.0131541264985831,-0.105812932015312,-0.224019022420242,0.439196775656496,0.0191342314533718,-0.0441262834382286,-0.236324451977783,0.46310499715019
74.5480380330304,0.0128484635810313,-0.105170489494469,-0.221442102870314,0.437461669296063,0.0189115240992853,-0.0439291956029522,-0.233728907187213,0.461225168204696
75.0650397409388,0.0125459226459768,-0.104530436606027,-0.218886145774295,0.435718533841892,0.0186906885028778,-0.0437318009546753,-0.231154566168501,0.459338581634854
75.585626932423,0.0122464865496005,-0.103892778041191,-0.216351143033314,0.433967641252386,0.0184717220251243,-0.0435341198442632,-0.228601413546084,0.457445500882993
76.1098244733437,0.0119501380547568,-0.103257518367284,-0.213837082671292,0.432209261395025,0.0182546217337248,-0.0433361724556062,-0.226069430177139,0.45554618732698
76.6376574020103,0.0116568598342757,-0.102624662024793,-0.211343948904732,0.43044366199428,0.0180393844085474,-0.0431379788014846,-0.223558593219766,0.45364090022895
77.1691509303763,0.0113666344743218,-0.101994213324553,-0.208871722212958,0.428671108581553,0.0178260065471115,-0.0429395587195955,-0.221068876201616,0.45172989668603
77.7043304452438,0.0110794444778051,-0.101366176445061,-0.206420379408721,0.426891864447158,0.0176144843701035,-0.0427409318687434,-0.218600249088899,0.449813431583066
78.2432215094763,0.0107952722678387,-0.100740555429931,-0.203989893709142,0.425106190594304,0.0174048138269225,-0.0425421177251907,-0.216152678355723,0.44789175754732
78.7858498632195,0.0105141001912394,-0.100117354185478,-0.201580234806915,0.42331434569508,0.0171969906012499,-0.0423431355791693,-0.21372612705372,0.445965124905138
79.3322414251308,0.0102359105220666,-0.0994965764784333,-0.199191368941732,0.421516586048419,0.01699101011664,-0.0421440045315505,-0.211320554881882,0.444033781640556
79.8824222936175,0.00996068546519427,-0.0988782259338036,-0.196823258971874,0.419713165540025,0.0167868675421257,-0.0419447434906725,-0.208935918256586,0.442097973355845
80.436418748083,0.00968840715991365,-0.0982623060328482,-0.194475864445913,0.417904335604238,0.0165845577978373,-0.0417453711693234,-0.206572170381725,0.440157943233958
80.9942572501823,0.0094190576835601,-0.0976488201111952,-0.192149141674484,0.416090345187828,0.0163840755606278,-0.0415459060818788,-0.204229261318933,0.438213932002871
81.555964445086,0.00915261905516181,-0.0970377713570845,-0.189843043802066,0.414271440715682,0.0161854152697031,-0.0413463665415919,-0.201907138057816,0.436266177901789
82.121567162753,0.0088890732391057,-0.0964291628097393,-0.187557520878741,0.412447866058377,0.0159885711322516,-0.041146770658034,-0.19960574458618,0.434314916649205
82.6910924192116,0.00862840214881657,-0.0958229973578642,-0.185292519931874,0.410619862501598,0.0157935371290702,-0.0409471363346841,-0.197325021960183,0.432360381412777
83.2645674178507,0.00837058765044582,-0.0952192777382696,-0.183047985037668,0.40878766871739,0.0156003070201829,-0.0407474812666654,-0.195064908374385,0.430402802781002
83.8420195507184,0.00811561156656615,-0.0946180065346189,-0.180823857392567,0.406951520737215,0.0154088743504482,-0.0405478229386265,-0.192825339231639,0.428442408736671
84.423476399831,0.0078634556798685,-0.0940191861762988,-0.178620075384444,0.405111651926781,0.0152192324551529,-0.0403481786227658,-0.1906062472128,0.426479424632067
85.0089657384898,0.00761410173685782,-0.0934228189374105,-0.176436574663549,0.403268292962626,0.0150313744655868,-0.0401485653769957,-0.188407562346188,0.424514073165881
85.5985155326084,0.00736753145154424,-0.0928289069358789,-0.17427328821317,0.401421671810422,0.0148452933145983,-0.0399490000432464,-0.186229212076791,0.422546574361831
86.1921539420481,0.00712372650912647,-0.0922374521326795,-0.172130146419976,0.399572013704974,0.0146609817421243,-0.039749499245904,-0.184071121335154,0.420577145548936
86.7899093219629,0.00688266856966412,-0.0916484563311809,-0.170007077143999,0.397719541131877,0.014478432300694,-0.0395500793903847,-0.181933212605924,0.418606001343437
87.3918102241541,0.00664433927173601,-0.0910619211766002,-0.167904005788222,0.395864473810821,0.0142976373609028,-0.0393507566618378,-0.179815405996015,0.416633353632317
87.9978853984339,0.00640872023608144,-0.0904778481555695,-0.165820855367743,0.394007028680484,0.0141185891168531,-0.0391515470239802,-0.177717619302363,0.414659411558405
88.6081637939989,0.00617579306922151,-0.0898962385958125,-0.163757546578474,0.392147419885016,0.0139412795915602,-0.0389524662180552,-0.175639768079234,0.412684381507025
89.2226745608124,0.00594553936705781,-0.0893170936659281,-0.161713997865361,0.390285858762048,0.0137657006423199,-0.038753529761917,-0.173581765705054,0.410708467094161
89.8414470509972,0.00571794071844584,-0.0887404143752784,-0.159690125490068,0.388422553832226,0.0135918439660358,-0.0385547529492352,-0.171543523448743,0.408731869156112
90.4645108202374,0.00549297870874053,-0.0881662015739809,-0.157685843598122,0.386557710790217,0.0134197011045042,-0.0383561508488198,-0.169524950535501,0.406754785740596
91.0918956291901,0.00527063492331141,-0.087594455953001,-0.155701064285483,0.384691532497165,0.0132492634496536,-0.0381577383040609,-0.167525954212048,0.404777412099282
91.7236314449071,0.00505089095102527,-0.0870251780443425,-0.153735697664505,0.382824218974558,0.0130805222487374,-0.0379595299324835,-0.165546439811273,0.402799940681709
92.3597484422661,0.00483372838769365,-0.0864583682213357,-0.151789651929278,0.380955967399484,0.0129134686094769,-0.0377615401254122,-0.163586310816264,0.400822561130569
93.0002770054119,0.00461912883948352,-0.0858940266990185,-0.149862833420308,0.379086972101227,0.0127480935051542,-0.0375637830477458,-0.161645468923721,0.398845460278311
93.645247729208,0.00440707392628859,-0.0853321535346098,-0.147955146688539,0.37721742455919,0.0125843877796506,-0.0373662726378359,-0.159723814106699,0.396868822145042
94.2946914206979,0.00419754528505975,-0.0847727486280725,-0.14606649455867,0.37534751340209,0.0124223421524319,-0.0371690226074706,-0.15782124467668,0.394892827937694
94.9486391005764,0.00399052457309233,-0.0842158117227633,-0.144196778191762,0.373477424408417,0.0122619472234763,-0.0369720464419571,-0.155937657344946,0.392917656050408
95.6071220046713,0.00378599347126873,-0.0836613424061678,-0.142345897147111,0.371607340508097,0.0121031934781447,-0.0367753574003032,-0.154072947283243,0.390943482066135
96.2701715854358,0.00358393368725462,-0.0831093401107177,-0.140513749443376,0.369737441785349,0.0119460712919915,-0.0365789685154934,-0.152227008183707,0.388970478759379
96.9378195134503,0.00338432695864701,-0.0825598041146886,-0.138700231618933,0.367867905482692,0.011790570935515,-0.036382892594858,-0.150399732318041,0.386998816100088
97.6100976789355,0.00318715505607296,-0.0820127335431751,-0.136905238791448,0.365998906006067,0.0116366825788453,-0.0361871422205318,-0.148591010595933,0.385028661258641
98.2870381932754,0.0029923997862371,-0.0814681273691423,-0.135128664716662,0.364130614931051,0.011484396296369,-0.0359917297499996,-0.146800732622687,0.383060178611897
98.9686733905512,0.00280004299491702,-0.080925984414549,-0.133370401846353,0.36226320101012,0.0113337020712901,-0.0357966673167278,-0.145028786756078,0.381093529750286
99.6550358290861,0.00261006656990499,-0.0803863033515433,-0.131630341385488,0.360396830180933,0.0111845898001252,-0.035601966830876,-0.143275060162385,0.379128873485899
100.346158292999,0.00242245244389508,-0.0798490827037259,-0.129908373348533,0.358531665575612,0.0110370492971319,-0.0354076399800898,-0.141539438871625,0.377166365861553
101.042073793774,0.00223718259731416,-0.0793143208474788,-0.128204386614921,0.356667867530969,0.010891070298671,-0.0352136982303691,-0.139821807831952,0.375206160160796
101.742815571832,0.00205423906109643,-0.0787820160133598,-0.126518268983676,0.354805593599668,0.0107466424674999,-0.0350201528270117,-0.13812205096323,0.373248406918816
102.448417098122,0.00187360391939988,-0.0782521662875565,-0.124849907227161,0.352944998562273,0.0106037553969982,-0.0348270147956275,-0.136440051209758,0.371293253934234
103.15891207572,0.00169525931226408,-0.0777247696134007,-0.123199187143968,0.351086234440165,0.0104623986153231,-0.0346342949432233,-0.134775690592152,0.369340846281745
103.874334441436,0.00151918743820866,-0.0771998237929398,-0.121565993610931,0.349229450509288,0.0103225615894958,-0.0344420038593529,-0.133128850258362,0.367391326325568
104.594718367439,0.00134537055677144,-0.0766773264885621,-0.119950210634252,0.347374793314696,0.0101842337294168,-0.0342501519173325,-0.131499410533837,0.365444833733693
105.320098262886,0.00117379099098574,-0.0761572752246758,-0.118351721399751,0.34552240668587,0.0100474043918113,-0.0340587492755172,-0.129887250970819,0.363501505492876
106.050508775566,0.00100443112979628,-0.0756396673894371,-0.116770408322216,0.343672431752785,0.00991206288410296,-0.0338678058786371,-0.128292250396768,0.361561475924371
106.785984793556,0.00083727343041297,-0.0751245002365272,-0.115206153093865,0.341825006962677,0.0097781984682163,-0.0336773314591909,-0.126714286961914,0.359624876700353
107.526561446888,0.000672300420602316,-0.0746117708869752,-0.113658836731914,0.339980268097503,0.00964580036430774,-0.0334873355388933,-0.12515323818593,0.357691836861014
108.272274109224,0.000509494700915953,-0.0741014763310241,-0.112128339625243,0.338138348292047,0.00951485775442477,-0.0332978274301757,-0.123608981003733,0.355762482832307
109.023158399549,0.000348838946855884,-0.0735936134300392,-0.110614541580163,0.336299378052662,0.00938535978609325,-0.0331088162377358,-0.122081391810402,0.353836938444291
109.779250183872,0.000190315910976223,-0.0730881789184561,-0.109117321865291,0.334463485276601,0.00925729557583278,-0.0329203108601361,-0.120570346505219,0.351915324950082
110.540585576935,3.3908424921179e-05,-0.0725851694057654,-0.107636559255517,0.332630795271926,0.0091306542126002,-0.0327323199914478,-0.119075720534833,0.349997761045344
111.307200943943,-0.000120400598600962,-0.072084581378534,-0.106172132075079,0.330801430777959,0.00900542476116122,-0.0325448521229375,-0.117597388935542,0.34808436288833
112.079132902301,-0.000272628163907929,-0.0715864112024588,-0.104723918239741,0.328975511986249,0.00888159626539032,-0.0323579155447959,-0.116135226374705,0.34617524412042
112.856418323356,-0.000422791190497766,-0.0710906551244531,-0.103291795298075,0.327153156562035,0.00875915775149908,-0.0321715183479053,-0.114689107191272,0.344270515887152
113.639094334169,-0.000570906511267366,-0.0705973092747608,-0.101875640471853,0.325334479666173,0.00863809823119307,-0.0319856684256446,-0.113258905435454,0.342370286859698
114.427198319278,-0.000716990870795253,-0.0701063696691004,-0.100475330695551,0.323519593977503,0.00851840670475769,-0.0318003734757292,-0.111844494907516,0.340474663256783
115.220767922492,-0.000861060923688537,-0.0696178322108331,-0.0990907426549669,0.321708609715641,0.00840007216407311,-0.0316156410020836,-0.110445749195709,0.338583748867008
116.019841048683,-0.001003133232994,-0.0691316926931551,-0.097721752824958,0.319901634664152,0.00828308359555877,-0.0314314783167466,-0.109062541713343,0.336697645071559
116.824455865599,-0.00114322426867311,-0.0686479468013127,-0.0963682375063068,0.318098774194103,0.00816742998304765,-0.0312478925418037,-0.107694745735006,0.334816450867278
117.634650805689,-0.00128135040614099,-0.0681665901148366,-0.0950300728617126,0.316300131287957,0.0080531003105909,-0.0310648906113491,-0.106342234431929,0.332940262890075
118.450464567934,-0.00141752792486876,-0.0676876181097958,-0.0937071349509198,0.314505806563796,0.00794008356519317,-0.0308824792734717,-0.105004880906512,0.331069175438656
119.271936119701,-0.00155177300704948,-0.0672110261610673,-0.092399299764988,0.312715898299838,0.00782836873947912,-0.0307006650922658,-0.10368255822601,0.329203280498545
120.099104698599,-0.00168410173632706,-0.0667368095446214,-0.0911064432597092,0.310930502459245,0.00771794483429166,-0.0305194544498633,-0.102375139455384,0.327342667766387
120.932009814357,-0.00181453009658805,-0.0662649634398202,-0.0898284413881805,0.30914971271518,0.00760880086122242,-0.030338853548487,-0.101082497689334,0.325487424674496
121.77069125071,-0.00194307397081584,-0.0657954829317285,-0.0885651701325381,0.307373620476113,0.00750092584507513,-0.0301588684125223,-0.0998045060835089,0.323637636415647
122.615189067297,-0.00206974914000696,-0.0653283630134336,-0.087316505534861,0.305602314911339,0.00739430882626228,-0.0299795048906052,-0.0985410378849063,0.321793385968074
123.46554360158,-0.0021945712821491,-0.064863598588375,-0.0860823237272512,0.303835882976698,0.00728893886313597,-0.0298007686577277,-0.0972919664614747,0.31995475412067
124.321795470765,-0.00231755597126047,-0.0644011844726804,-0.0848625009611005,0.302074409440479,0.00718480503425337,-0.0296226652173552,-0.0960571653309163,0.318121819498358
125.183985573745,-0.00243871867648989,-0.0639411153975076,-0.0836569136355496,0.300317976909479,0.00708189644057763,-0.0294451999035576,-0.0948365081887066,0.316294658587627
126.052155093052,-0.00255807476127738,-0.0634833860113905,-0.0824654383251499,0.298566665855212,0.00698020220761472,-0.0292683778831512,-0.0936298689353351,0.314473345762202
126.926345496825,-0.00267563948257452,-0.0630279908825872,-0.0812879518067377,0.296820554640242,0.00687971148748723,-0.0290922041578503,-0.0924371217027796,0.312657953308845
127.806598540793,-0.00279142799012426,-0.0625749245014302,-0.0801243310855269,0.295079719544628,0.00678041346094552,-0.0289166835664263,-0.0912581408802188,0.31084855145326
128.692956270265,-0.00290545532579956,-0.062124181282676,-0.0789744534204325,0.293344234792459,0.00668229733931726,-0.0287418207868752,-0.0900928011389969,0.309045208386085
129.585461022141,-0.00301773642300025,-0.0616757555678528,-0.0778381963486336,0.291614172578466,0.00658535236639585,-0.0285676203385888,-0.0889409774568461,0.30724799028897
130.484155426934,-0.00312828610610767,-0.0612296416276061,-0.0767154377093842,0.2898896030947,0.00648956782026883,-0.0283940865845323,-0.0878025451413789,0.305456961360705
131.389082410804,-0.00323711908999638,-0.0607858336640402,-0.0756060556670843,0.288170594557251,0.00639493301508674,-0.0282212237334233,-0.0866773798528594,0.303672183843403
132.300285197614,-0.00334424997960244,-0.0603443258130531,-0.0745099287336181,0.286457213233,0.00630143730277343,-0.0280490358419137,-0.0855653576262627,0.301893718048701
133.217807310988,-0.00344969326954753,-0.0599051121466666,-0.0734269357899729,0.284749523466391,0.00620907007467869,-0.0278775268167718,-0.0844663548926343,0.300121622383994
134.141692576393,-0.00355346334381833,-0.0594681866753472,-0.072356956107146,0.283047587706202,0.00611782076317376,-0.027706700417065,-0.0833802484997575,0.298355953378666
135.071985123233,-0.00365557447550055,-0.0590335433503185,-0.0712998693663524,0.28135146653231,0.00602767884319094,-0.02753656025634,-0.0823069157321414,0.296596765710306
136.008729386957,-0.00375604082656682,-0.0586011760658636,-0.0702555556785416,0.279661218682433,0.00593863383370776,-0.027367109804801,-0.0812462343303381,0.294844112230918
136.951970111177,-0.00385487644771798,-0.0581710786616157,-0.0692238956032359,0.277976901078836,0.00585067529917684,-0.0271983523914851,-0.0801980825096004,0.29309804399308
137.901752349813,-0.00395209527827677,-0.0577432449248374,-0.0682047701666999,0.276298568854988,0.00576379285090221,-0.0270302912064318,-0.0791623389778905,0.291358610276075
138.858121469236,-0.00404771114613353,-0.0573176685926849,-0.0671980608794525,0.274626275382168,0.00567797614836289,-0.0268629293028489,-0.0781388829532508,0.289625858611952
139.821123150444,-0.00414173776774306,-0.0568943433544596,-0.0662036497531308,0.272960072295988,0.00559321490048472,-0.0266962695992707,-0.0771275941805458,0.287899834811532
140.790803391236,-0.00423418874817183,-0.0564732628538426,-0.0652214193167192,0.271300009522853,0.00550949886686121,-0.0265303148817098,-0.0761283529475886,0.286180582990325
141.767208508414,-0.00432507758119507,-0.0560544206911137,-0.0642512526321515,0.269646135306312,0.00542681785892428,-0.026365067805801,-0.0751410401006589,0.284468145594371
142.750385139995,-0.00441441764944267,-0.0556378104253526,-0.0632930333093003,0.267998496233321,0.00534516174106598,-0.0262005308989359,-0.0741655370594282,0.282762563425976
143.740380247435,-0.00450222222459344,-0.0552234255766215,-0.0623466455203608,0.26635713726039,0.00526452043171168,-0.0260367065623885,-0.0732017258312978,0.281063875669348
144.737241117876,-0.00458850446761686,-0.0548112596281288,-0.0614119740136432,0.264722101739612,0.00518488390434603,-0.0258735970734301,-0.0722494890251641,0.279372119916114
145.741015366405,-0.00467327742906148,-0.0544013060283722,-0.0604889041267825,0.263093431444563,0.00510624218849222,-0.0257112045874335,-0.0713087098646205,0.277687332190715
146.751750938323,-0.00475655404938933,-0.0539935581932607,-0.0595773217993779,0.261471166596064,0.00502858537064565,-0.0255495311399654,-0.0703792722006063,0.27600954697567
147.769496111443,-0.00483834715935556,-0.0535880095082149,-0.0586771135850712,0.259855345887798,0.00495190359516279,-0.0253885786488665,-0.0694610605235141,0.274338797236704
148.794299498388,-0.00491866948043236,-0.0531846533302441,-0.0577881666630763,0.258246006511777,0.00487618706510613,-0.0252283489163184,-0.0685539599747659,0.272675114447723
149.826210048919,-0.00499753362527668,-0.0527834829899999,-0.0569103688491705,0.256643184183645,0.00480142604304601,-0.0250688436308971,-0.0676578563578693,0.27101852861564
150.865277052271,-0.0050749520982406,-0.0523844917938058,-0.0560436086061573,0.255046913167815,0.0047276108518204,-0.0249100643696127,-0.0667726361489627,0.269369068305043
151.911550139505,-0.00515093729592391,-0.0519876730256607,-0.0551877750538124,0.253457226302431,0.00465473187525323,-0.0247520125999336,-0.0658981865068618,0.267726760662691
152.965079285884,-0.00522550150776773,-0.0515930199492173,-0.0543427579783237,0.25187415502415,0.00458277955883241,-0.0245946896817963,-0.0650343952826175,0.266091631441838
154.025914813254,-0.0052986569166888,-0.0512005258097333,-0.0535084478412342,0.25029772939274,0.00451174441034807,-0.0244380968695992,-0.0641811510285941,0.264463705026386
155.094107392451,-0.00537041559975311,-0.0508101838359956,-0.0526847357879012,0.248727978115475,0.00444161700049226,-0.0242822353141797,-0.0633383430070808,0.262843004454845
156.169708045722,-0.00544078952888859,-0.0504219872422157,-0.0518715136554794,0.247164928571347,0.00437238796342061,-0.0241271060647756,-0.0625058611984439,0.261229551444108
157.25276814916,-0.00550979057163555,-0.0500359292298968,-0.0510686739804402,0.245608606835061,0.00430404799727698,-0.0239727100709688,-0.0616835963088326,0.259623366413033
158.34333943516,-0.00557743049193448,-0.0496520029896718,-0.0502761100056361,0.244059037700825,0.00423658786468187,-0.023819048184612,-0.060871439777446,0.258024468505825
159.441473994887,-0.00564372095095,-0.04927020170311,-0.0494937156869222,0.242516244705935,0.00416999839318551,-0.0236661211617366,-0.0600692837833734,0.256432875615215
160.547224280766,-0.00570867350793041,-0.0488905185444944,-0.0487213856993433,0.240980250154128,0.00410427047568622,-0.023513929664444,-0.0592770212520162,0.254848604405435
161.66064310899,-0.00577229962110179,-0.0485129466825668,-0.0479590154428972,0.239451075138726,0.0040393950708152,-0.0233624742627769,-0.0584945458611023,0.253271670334978
162.781783662036,-0.00583461064859604,-0.048137479282241,-0.0472065010478846,0.237928739565544,0.00397536320328822,-0.0232117554365724,-0.0577217520463024,0.251702087679147
163.910699491214,-0.00589561784941174,-0.0477641095062839,-0.0464637393798549,0.236413262175575,0.00391216596422521,-0.0230617735772961,-0.0569585350064574,0.250139869552384
165.047444519217,-0.00595533238440719,-0.0473928305169632,-0.0457306280441581,0.234904660567439,0.00384979451143851,-0.0229125289898566,-0.0562047907084272,0.248585027930383
166.192073042701,-0.00601376531732469,-0.0470236354776612,-0.0450070653901118,0.233402951219598,0.00378824006969049,-0.0227640218943997,-0.0554604158915692,0.247037573671973
167.344639734876,-0.00607092761584519,-0.0466565175544549,-0.0442929505147941,0.231908149512326,0.00372749393092138,-0.0226162524280843,-0.0547253080718572,0.245497516540783
168.505199648122,-0.00612683015267243,-0.0462914699176613,-0.0435881832664708,0.230420269749445,0.00366754745444814,-0.0224692206468361,-0.0539993655456488,0.243964865226668
169.673808216612,-0.00618148370664583,-0.0459284857433473,-0.0428926642476659,0.228939325179809,0.00360839206713491,-0.0223229265270827,-0.0532824873931103,0.242439627366916
170.850521258965,-0.00623489896388104,-0.0455675582148036,-0.0422062948178868,0.227465328018543,0.00355001926353601,-0.0221773699674671,-0.0525745734813087,0.240921809567213
172.03539498091,-0.00628708651893744,-0.0452086805239834,-0.0415289770960101,0.225998289468039,0.0034924206060122,-0.0220325507905412,-0.0518755244669798,0.239411417422382
173.228485977972,-0.00633805687601162,-0.0448518458729035,-0.0408606139623407,0.224538219738688,0.00343558772482073,-0.0218884687444374,-0.0511852417989792,0.237908455536874
174.429851238172,-0.00638782045015602,-0.0444970474750087,-0.0402011090603495,0.223085128069373,0.00337951231818026,-0.0217451235045207,-0.0505036277204282,0.236412927545038
175.639548144754,-0.00643638756852177,-0.044144278556499,-0.0395503667981016,0.221639022747694,0.00332418615231092,-0.0216025146750182,-0.0498305852705588,0.234924836131137
176.857634478922,-0.00648376847162478,-0.0437935323576183,-0.0389082923493814,0.220199911129948,0.00326960106145067,-0.0214606417906285,-0.04916601828627,0.233444183049131
178.084168422602,-0.0065299733146344,-0.0434448021339051,-0.0382747916545244,0.218767799660847,0.0032157489478483,-0.0213195043181087,-0.0485098314034014,0.231970969142224
179.319208561219,-0.00657501216868341,-0.0430980811574045,-0.0376497714209645,0.217342693892974,0.00316262178173394,-0.0211791016578411,-0.047861930057732,0.230505194362159
180.562813886497,-0.00661889502219871,-0.0427533627178413,-0.0370331391235033,0.215924598505987,0.0031102116012677,-0.0210394331453772,-0.0472222204857142,0.229046857788279
181.815043799277,-0.00666163178225163,-0.0424106401237533,-0.0364248030043119,0.214513517325555,0.00305851051246713,-0.0209004980529612,-0.0465906097249479,0.227595957646345
183.075958112354,-0.00670323227592697,-0.0420699067035851,-0.0358246720726719,0.213109453342041,0.0030075106891141,-0.0207622955910315,-0.0459670056144052,0.226152491327107
184.345617053333,-0.00674370625170989,-0.0417311558067417,-0.0352326561044634,0.211712408728917,0.00295720437264183,-0.0206248249096999,-0.0453513167944111,0.224716455404636
185.624081267505,-0.00678306338088952,-0.0413943808046019,-0.0346486656414096,0.21032238486092,0.00290758387200269,-0.0204880851002103,-0.0447434527063888,0.223287845654411
186.911411820748,-0.0068213132589787,-0.0410595750914907,-0.0340726119900834,0.208939382331949,0.0028586415635173,-0.0203520751963751,-0.0441433235923765,0.221866657071167
188.207670202438,-0.00685846540714845,-0.0407267320856114,-0.0335044072206859,0.207563400972692,0.00281036989070571,-0.0202167941759893,-0.0435508404943232,0.220452883886495
189.512918328392,-0.00689452927367664,-0.0403958452299352,-0.0329439641656019,0.206194439868001,0.00276276136410114,-0.0200822409622244,-0.0429659152531696,0.219046519586202
190.827218543819,-0.00692951423540952,-0.0400669079930512,-0.0323911964177427,0.204832497373997,0.00271580856104692,-0.0199484144249992,-0.0423884605077222,0.217647556927433
192.150633626303,-0.00696342959923548,-0.039739913869973,-0.0318460183286811,0.203477571134919,0.00266950412547732,-0.0198153133823298,-0.0418183896933268,0.216255987955545
193.483226788801,-0.00699628460356979,-0.0394148563829043,-0.0313083450065861,0.202129658099706,0.00262384076768263,-0.0196829366016577,-0.0412556170403481,0.214871804020749
194.82506168266,-0.00702808841984947,-0.0390917290819624,-0.0307780923139667,0.200788754538327,0.00257881126405931,-0.0195512828011564,-0.0407000575724614,0.2134949957945
196.176202400658,-0.00705885015403733,-0.0387705255458593,-0.0302551768652278,0.199454856057842,0.00253440845684561,-0.0194203506510163,-0.0401516271047639,0.212125553285664
197.536713480066,-0.00708857884813405,-0.0384512393825399,-0.0297395160240487,0.19812795761821,0.00249062525384327,-0.0192901387747087,-0.039610242241711,0.210763465856434
198.906659905733,-0.00711728348169748,-0.0381338642297789,-0.0292310279005887,0.196808053547835,0.00244745462812584,-0.0191606457502275,-0.039075820374884,0.209408722238014
200.286107113184,-0.00714497297336798,-0.0378183937557338,-0.0287296313485277,0.195495137558854,0.0024048896177342,-0.0190318701113109,-0.0385482796805958,0.208061310546068
201.675120991751,-0.00717165618239891,-0.0375048216594557,-0.0282352459619468,0.194189202762174,0.00236292332535969,-0.0189038103486404,-0.0380275391173385,0.206721218295935
203.073767887718,-0.00719734191019117,-0.0371931416713575,-0.0277477920720574,0.192890241682246,0.00232154891801555,-0.0187764649110201,-0.037513518423082,0.20538843241761
204.482114607491,-0.00722203890183087,-0.0368833475536383,-0.0272671907437825,0.191598246271589,0.00228075962669696,-0.0186498322065338,-0.0370061381124259,0.204062939270487
205.900228420788,-0.00724575584762896,-0.0365754331006662,-0.0267933637721994,0.19031320792506,0.00224054874603039,-0.0185239106036819,-0.0365053194736122,0.202744724657887
207.32817706385,-0.00726850138466196,-0.0362693921393169,-0.0263262336788465,0.189035117493874,0.00220090963391262,-0.0183986984324975,-0.0360109845654039,0.201433773841337
208.766028742684,-0.00729028409831255,-0.03596521852927,-0.0258657237079033,0.187763965299368,0.00216183571113998,-0.0182741939856412,-0.0355230562138345,0.200130071554641
210.213852136311,-0.00731111252380919,-0.0356629061632624,-0.0254117578222471,0.186499741146525,0.00212332046102821,-0.0181503955194761,-0.0350414580088336,0.198833602017709
211.671716400053,-0.00733099514776351,-0.0353624489672983,-0.0249642606993939,0.185242434337242,0.00208535742902353,-0.0180273012551219,-0.0345661143007337,0.197544348950176
213.139691168835,-0.0073499404097047,-0.0350638409008173,-0.024523157727327,0.183992033683356,0.00204794022230523,-0.017904909379489,-0.0340969501966636,0.196262295584784
214.617846560511,-0.00736795670360943,-0.0347670759568188,-0.024088375000222,0.182748527519432,0.00201106250938041,-0.0177832180462919,-0.0336338915568325,0.19498742468056
216.10625317921,-0.00738505237942679,-0.0344721481619447,-0.0236598393140699,0.181511903715294,0.00197471801967107,-0.0176622253770435,-0.0331768649907099,0.193719718535756
217.604982118714,-0.00740123574459663,-0.0341790515765186,-0.023237478162207,0.180282149688331,0.00193890054309425,-0.0175419294620289,-0.0327257978531064,0.192459159000593
219.114104965849,-0.00741651506556064,-0.0338877802945439,-0.0228212197307544,0.179059252415557,0.00190360392963549,-0.0174223283612593,-0.0322806182401586,0.191205727489771
220.633693803907,-0.00743089856926498,-0.0335983284436592,-0.0224109928939736,0.177843198445435,0.00186882208891596,-0.0173034201054076,-0.0318412549852245,0.189959404994778
222.163821216089,-0.00744439444465334,-0.0333106901850513,-0.0220067272095428,0.176633973909466,0.00183454898975393,-0.0171852026967228,-0.0314076376546913,0.188720172095983
223.704560288971,-0.00745701084414941,-0.0330248597133279,-0.0216083529137588,0.175431564533547,0.0018007786597207,-0.0170676741099268,-0.0309796965437017,0.187488008974522
225.255984615994,-0.00746875588512773,-0.0327408312563476,-0.0212158009166695,0.174235955649099,0.00176750518469155,-0.0169508322930915,-0.0305573626718023,0.186262895423972
226.818168300982,-0.00747963765137184,-0.0324585990750096,-0.020829002797141,0.173047132203967,0.00173472270839201,-0.0168346751684972,-0.0301405677785177,0.185044810861829
228.391185961678,-0.00748966419451865,-0.0321781574630022,-0.0204478907978659,0.171865078773089,0.00170242543193996,-0.0167192006334722,-0.0297292443188542,0.183833734340774
229.975112733314,-0.00749884353548791,-0.0318995007465118,-0.0200723978203147,0.170689779568947,0.00167060761338373,-0.0166044065612139,-0.0293233254587375,0.182629644559741
231.570024272191,-0.00750718366589593,-0.0316226232838903,-0.0197024574196367,0.169521218451797,0.00163926356723675,-0.0164902908015924,-0.0289227450703875,0.181432519874789
233.175996759301,-0.00751469254945222,-0.0313475194652845,-0.0193380037995144,0.168359378939673,0.00160838766400899,-0.0163768511819349,-0.0285274377276343,0.180242338309776
234.793106903962,-0.00752137812333826,-0.0310741837122252,-0.0189789718069747,0.167204244218181,0.00157797432973563,-0.0162640855077927,-0.0281373387011782,0.179059077566835
236.421431947482,-0.00752724829956713,-0.0308026104771784,-0.0186252969271628,0.166055797150076,0.00154801804550317,-0.0161519915636911,-0.027752383953798,0.177882715036662
238.061049666849,-0.00753231096632314,-0.0305327942430573,-0.0182769152780808,0.164914020284627,0.00151851334697347,-0.016040567113861,-0.0273725101355105,0.176713227808615
239.712038378445,-0.00753657398928039,-0.0302647295226978,-0.0179337636052973,0.163778895866774,0.00148945482390592,-0.0159298099029535,-0.0269976545786837,0.17555059268062
241.374476941791,-0.00754004521289911,-0.0299984108582958,-0.0175957792766294,0.162650405846076,0.00146083711967813,-0.0158197176567379,-0.0266277552931088,0.174394786168894
243.048444763306,-0.00754273246169896,-0.0297338328208085,-0.0172629002768037,0.161528531885454,0.00143265493080545,-0.0157102880827821,-0.0262627509610317,0.173245784517486
244.734021800108,-0.00754464354150814,-0.0294709900093195,-0.0169350652020972,0.160413255369739,0.00140490300645955,-0.0156015188711173,-0.0259025809321492,0.172103563707637
246.431288563827,-0.00754578624068738,-0.0292098770503689,-0.0166122132549643,0.159304557414013,0.00137757614798649,-0.0154934076948854,-0.0255471852185704,0.170968099466957
248.140326124455,-0.00754616833132785,-0.028950488597248,-0.0162942842386515,0.158202418871755,0.0013506692084244,-0.015385952210971,-0.0251965044897493,0.169839367278432
249.861216114214,-0.00754579757042192,-0.0286928193292612,-0.0159812185518041,0.157106820342799,0.00132417709202125,-0.0152791500606169,-0.0248504800673873,0.168717342389247
251.594040731461,-0.00754468170100598,-0.0284368639509535,-0.0156729571830688,0.156017742181096,0.0012980947537528,-0.0151729988700245,-0.0245090539203126,0.16760199981945
253.338882744608,-0.0075428284532742,-0.0281826171913065,-0.0153694417056946,0.154935164502287,0.0012724171988411,-0.0150674962509379,-0.0241721686593353,0.166493314370433
255.09582549608,-0.00754024554566242,-0.0279300738029022,-0.0150706142721354,0.153859067191095,0.00124713948227387,-0.0149626398012137,-0.0238397675320834,0.165391260633254
256.864952906292,-0.00753694068590129,-0.0276792285610559,-0.0147764176086576,0.152789429908531,0.00122225670832476,-0.0148584271053752,-0.0235117944178202,0.164295812996792
258.646349477661,-0.0075329215720376,-0.0274300762629196,-0.0144867950099562,0.151726232098921,0.00119776403007509,-0.0147548557351518,-0.0231881938222473,0.163206945655736
260.440100298641,-0.0075281958934232,-0.0271826117265557,-0.0142016903337814,0.150669452996758,0.00117365664893701,-0.0146519232500041,-0.0228689108722938,0.162124632618416
262.246291047787,-0.00752277133167034,-0.026936829789983,-0.0139210479955791,0.149619071633377,0.00114992981417844,-0.0145496271976352,-0.0225538913108946,0.161048847714475
264.065007997846,-0.00751665556157294,-0.0266927253101953,-0.0136448129631485,0.14857506684346,0.00112657882245009,-0.0144479651144866,-0.0222430814917608,0.159979564602381
265.896338019882,-0.00750985625199268,-0.0264502931621532,-0.013372930751318,0.147537417271376,0.00110359901731464,-0.0143469345262218,-0.0219364283741425,0.158916756776796
267.740368587419,-0.00750238106670937,-0.0262095282377516,-0.0131053474166447,0.146506101377349,0.00108098578877833,-0.0142465329481953,-0.0216338795175872,0.157860397575776
269.597187780627,-0.00749423766523469,-0.0259704254447619,-0.0128420095521368,0.145481097443471,0.00105873457282525,-0.0141467578859091,-0.0213353830766965,0.156810460187839
271.466884290521,-0.00748543370358865,-0.0257329797057516,-0.0125828642820039,0.14446238357955,0.00103684085095444,-0.0140476068354554,-0.0210408877958802,0.15576691765887
273.349547423206,-0.00747597683503803,-0.0254971859569817,-0.0123278592564366,0.143449937728805,0.00101530014972005,-0.0139490772839471,-0.0207503430041133,0.154729742898895
275.245267104134,-0.00746587471079616,-0.0252630391472829,-0.0120769426464173,0.142443737673407,0.000994108040274647,-0.0138511667099355,-0.0204636986096944,0.153698908688701
277.154133882404,-0.00745513498068334,-0.0250305342369116,-0.0118300631385648,0.14144376103987,0.000973260137916011,-0.0137538725838158,-0.0201809050950093,0.152674387686319
279.07623893509,-0.00744376529374743,-0.0247996661963879,-0.0115871699300158,0.140449985304291,0.000952752101637451,-0.0136571923682202,-0.0199019135113007,0.151656152433373
281.011674071587,-0.00743177329884381,-0.0245704300053155,-0.0113482127233433,0.139462387797453,0.000932579633681862,-0.0135611235184001,-0.0196266754734454,0.150644175361284
282.960531738006,-0.00741916664517435,-0.024342820651185,-0.0111131417215154,0.13848094570978,0.000912738479099677,-0.0134656634825956,-0.0193551431547408,0.149638428797344
284.922905021585,-0.00740595298278481,-0.0241168331281625,-0.010881907622896,0.137505636096156,0.000893224425310876,-0.013370809702395,-0.019087269281702,0.148638884970663
286.898887655133,-0.00739213996302015,-0.0238924624358642,-0.010654461616289,0.136536435880611,0.000874033301671166,-0.013276559613082,-0.0188230071288717,0.147645516017973
288.888574021513,-0.00737773523893744,-0.023669703578118,-0.0104307553760283,0.135573321860873,0.000855160979042508,-0.0131829106439734,-0.0185623105136424,0.146658293989319
290.892059158146,-0.0073627464656758,-0.0234485515617142,-0.0102107410571135,0.134616270712791,0.000836603369368086,-0.0130898602187453,-0.0183051337910948,0.145677190853609
292.909438761552,-0.00734718130078309,-0.0232290013951455,-0.00999437129039621,0.133665258994629,0.000818356425251873,-0.0129974057557498,-0.018051431848851,0.144702178504058
294.940809191919,-0.00733104740449911,-0.0230110480873392,-0.00978159917781403,0.132720263151246,0.000800416139542892,-0.0129055446683213,-0.017801160101946,0.14373322876349
296.986267477709,-0.00731435243999477,-0.0227946866463804,-0.00957237828767782,0.131781259518148,0.000782778544924286,-0.012814274365073,-0.017554274487717,0.142770313389537
299.045911320291,-0.00729710407356737,-0.0225799120782313,-0.00936666265001062,0.130848224325424,0.000765439713507309,-0.0127235922501844,-0.0173107314607128,0.141813404079714
301.119839098607,-0.00727930997479131,-0.0223667193854433,-0.00916440675194084,0.129921133701571,0.000748395756430325,-0.0126334957236795,-0.0170704879876231,0.140862472476372
303.208149873869,-0.00726097781662456,-0.0221551035658679,-0.00896556553315046,0.128999963677209,0.000731642823462912,-0.0125439821816956,-0.0168335015422303,0.139917490171553
305.310943394298,-0.00724211527547037,-0.021945059611364,-0.00877009438137941,0.128084690188686,0.000715177102615151,-0.0124550490167438,-0.0165997301003837,0.138978428711716
307.428320099879,-0.00722273003119437,-0.0217365825065059,-0.00857794912798707,0.127175289081577,0.000698994819752184,-0.0123666936179612,-0.0163691321349968,0.138045259602363
309.560381127168,-0.00720282976709704,-0.0215296672272907,-0.0083890860435718,0.126271736114085,0.000683092238214098,-0.0122789133713546,-0.0161416666110695,0.13711795431256
311.707228314113,-0.00718242216984134,-0.0213243087398494,-0.00820346183364936,0.125374006960341,0.000667465658441209,-0.0121917056600365,-0.0159172929807359,0.136196484279338
313.868964204927,-0.00716151492933589,-0.0211205019991603,-0.00802103363439102,0.12448207721361,0.000652111417604811,-0.0121050678644532,-0.0156959711783377,0.135280820912011
316.045692054981,-0.0071401157385735,-0.0209182419477682,-0.0078417590084219,0.123595922389403,0.00063702588924341,-0.0120189973626059,-0.015477661615525,0.134370935596369
318.237515835737,-0.00711823229342543,-0.0207175235145098,-0.00766559594068025,0.1227155179285,0.00062220548290453,-0.0119334915302642,-0.0152623251763841,0.133466799698791
320.444540239715,-0.00709587229239143,-0.0205183416132465,-0.00749250283433823,0.121840839199885,0.000607646643792091,-0.0118485477411729,-0.0150499232125946,0.132568384570245
322.666870685493,-0.00707304343630589,-0.0203206911416072,-0.0073224385067845,0.120971861503599,0.00059334585241941,-0.0117641633672524,-0.0148404175386145,0.131675661550197
324.904613322743,-0.00704975342800036,-0.0201245669797409,-0.00715536218566912,0.12010856007351,0.000579299624267849,-0.0116803357787918,-0.0146337704268961,0.130788601970432
327.1578750373,-0.00702600997192279,-0.019929963989082,-0.00699123350501099,0.119250910080009,0.000565504509451118,-0.0115970623446369,-0.0144299446031307,0.129907177158763
329.426763456268,-0.00700182077371384,-0.0197368770111284,-0.00683001250136813,0.118398886632621,0.00055195709238526,-0.0115143404323718,-0.0142289032415255,0.129031358442675
331.711386953162,-0.00697719353974079,-0.0195453008662347,-0.00667165961007084,0.117552464782559,0.000538653991464311,-0.0114321674084943,-0.0140306099601108,0.128161117152851
334.011854653082,-0.0069521359765894,-0.0193552303524213,-0.006516135661518,0.116711619525193,0.000525591858741641,-0.0113505406385867,-0.0138350288160794,0.127296424626637
336.328276437929,-0.00692665579051437,-0.0191666602442015,-0.00636340187753625,0.115876325802461,0.000512767379616975,-0.0112694574874811,-0.0136421243011585,0.1264372522114
338.660762951648,-0.00690076068684886,-0.0189795852914264,-0.00621341986780237,0.115046558505213,0.000500177272529073,-0.0111889153194191,-0.0134518613370136,0.125583571267813
341.009425605519,-0.00687445836937381,-0.0187940002181508,-0.00606615162632832,0.114222292475493,0.000487818288654055,-0.0111089114982076,-0.0132642052706864,0.124735353173054
343.374376583475,-0.00684775653964759,-0.0186098997215202,-0.00592155952800915,0.113403502508765,0.000475687211609349,-0.0110294433873695,-0.0130791218700648,0.123892569323921
345.75572884746,-0.00682066289629683,-0.0184272784706805,-0.00577960632523317,0.112590163356079,0.00046378085716324,-0.0109505083502901,-0.0128965773193885,0.123055191139877
348.153596142828,-0.00679318513426905,-0.0182461311057114,-0.0056402551445543,0.111782249726184,0.000452096072949963,-0.0108721037503597,-0.0127165382147869,0.122223190066001
350.568093003772,-0.006765330944048,-0.0180664522365857,-0.00550346948342615,0.110979736287594,0.000440629738190328,-0.0107942269511124,-0.0125389715598526,0.121396537575879
352.999334758797,-0.00673710801083249,-0.0178882364421537,-0.00536921320699728,0.110182597670596,0.000429378763417816,-0.01071687531636,-0.0123638447612492,0.120575205174409
355.44743753623,-0.00670852401367956,-0.0177114782691568,-0.00523745054496733,0.109390808469227,0.000418340090210095,-0.0106400462103244,-0.0121911256243536,0.11975916440054
357.912518269762,-0.00667958662461305,-0.0175361722312681,-0.00510814608850322,0.108604343243186,0.000407510690925906,-0.0105637369977651,-0.0120207823489339,0.118948386829931
360.39469470404,-0.00665030350769834,-0.0173623128081642,-0.00498126478721502,0.107823176519727,0.000396887568447262,-0.0104879450441041,-0.0118527835248621,0.118142844077546
362.894085400285,-0.00662068231808443,-0.0171898944446271,-0.00485677194619068,0.107047282795495,0.000386467755926885,-0.0104126677155484,-0.0116870981278629,0.11734250780018
365.410809741959,-0.00659073070101428,-0.0170189115496783,-0.00473463322308884,0.106276636538335,0.000376248316540816,-0.010337902379209,-0.0115236955152973,0.116547349698913
367.944987940466,-0.00656045629080463,-0.0168493584957459,-0.00461481462528911,0.105511212189064,0.000366226343246129,-0.0102636464032183,-0.0113625454219825,0.115757341521502
370.496741040893,-0.00652986670979621,-0.0166812296178655,-0.00449728250709884,0.104750984163205,0.000356398958543663,-0.0101898971568441,-0.0112036179560471,0.114972455064706
373.066190927794,-0.00649896956727569,-0.0165145192129161,-0.00438200356701548,0.103995926852701,0.000346763314245693,-0.0101166520106024,-0.0110468835948223,0.114192662176549
375.653460331008,-0.00646777245837039,-0.016349221538892,-0.0042689448450437,0.103246014627591,0.000337316591248453,-0.0100439083363676,-0.0108923131807695,0.11341793475852
378.258672831527,-0.00643628296291713,-0.0161853308142106,-0.00415807372006627,0.10250122183766,0.000328055999309419,-0.00997166350748133,-0.0107398779174431,0.112648244767709
380.881952867393,-0.00640450864430621,-0.0160228412170586,-0.00404935790726755,0.101761522814076,0.000318978776829263,-0.0098999148988593,-0.0105895493654897,0.111883564218896
383.523425739646,-0.0063724570483021,-0.0158617468847758,-0.00394276545560871,0.101026891870985,0.00031008219063837,-0.00982865988709678,-0.0104412994386833,0.111123865186561
386.183217618305,-0.00634013570184186,-0.015702041913278,-0.00383826474535345,0.100297303307104,0.000301363535787833,-0.00975789585057274,-0.0102951003999962,0.110369119806861
388.861455548399,-0.00630755211181276,-0.0155437203565198,-0.00373582448564307,0.0995727314072798,0.000292820135344799,-0.00968762016955277,-0.0101509248577059,0.109619300279529
391.558267456034,-0.0062747137638104,-0.0153867762259973,-0.00363541371211992,0.098853150444042,0.000284449340192085,-0.00961783022629095,-0.0100087457615383,0.108874378869735
394.273782154498,-0.00624162812087872,-0.0152312034902919,-0.00353700178459771,0.0981385346791312,0.000276248528831939,-0.00954852340513083,-0.00986853639884616,0.108134327909885
397.008129350424,-0.00620830262223324,-0.0150769960746552,-0.00344055838477764,0.0974288583650177,0.000268215107193826,-0.00947969709260556,-0.0097302703908233,0.107399119801373
399.761439649975,-0.00617474468196894,-0.0149241478606365,-0.00334605351400912,0.0967240957464063,0.000260346508446148,-0.0094113486775374,-0.00959392168875503,0.106668727016276
402.533844565089,-0.00614096168775422,-0.014772652685752,-0.00325345749109358,0.0960242210617287,0.000252640192811754,-0.00934347555113667,-0.00945946457030352,0.105943122099003
405.325476519761,-0.00610696099951237,-0.0146225043431966,-0.00316274095013027,0.0953292085446271,0.000245093647387145,-0.00927607510710027,-0.00932687363582886,0.105222277667898
408.136468856361,-0.00607274994809199,-0.0144736965815995,-0.00307387483840268,0.0946390324254284,0.000237704385965235,-0.00920914474170988,-0.00919612380474542,0.104506166416788
410.966955842014,-0.00603833583392769,-0.0143262231048227,-0.00298683041430394,0.093953666932611,0.00023046994886155,-0.00914268185392991,-0.00906719031191325,0.103794761116491
413.817072675003,-0.00600372592569282,-0.0141800775718027,-0.00290157924530031,0.0932730862942651,0.000223387902743753,-0.00907668384550542,-0.00894004870406461,0.103088034616275
416.686955491232,-0.00596892745894535,-0.014035253596437,-0.00281809320593094,0.0925972647395482,0.000216455840464349,-0.00901114812105985,-0.00881467483626522,0.102385959845272
419.576741370729,-0.0059339476347686,-0.0138917447475136,-0.0027363444758427,0.091926176500136,0.000209671380896463,-0.00894607208819299,-0.00869104486841031,0.101688509813852
422.486568344193,-0.00589879361840822,-0.0137495445486848,-0.00265630553785869,0.0912597958116705,0.00020303216877255,-0.00888145315757894,-0.00856913526175501,0.100995657614951
425.416575399583,-0.00586347253790685,-0.0136086464784852,-0.00257794917607883,0.0905980969152055,0.000196535874525918,-0.00881728874306434,-0.00844892277547914,0.100307376425357
428.366902488763,-0.00582799148273803,-0.0134690439703934,-0.00250124847401128,0.0899410540586507,0.00019018019413493,-0.0087535762617669,-0.00833038446328604,0.09962363950696
431.337690534184,-0.00579235750244064,-0.0133307304129378,-0.00242617681273324,0.089288641498216,0.000183962848969761,-0.00869031313417423,-0.00821349767003531,0.098944420207954
434.329081435613,-0.00575657760525561,-0.0131936991498464,-0.00235270786907955,0.0886408334998543,0.00017788158564158,-0.00862749678424313,-0.0080982400284092,0.0982696919640095
437.341218076915,-0.00572065875676597,-0.0130579434802394,-0.0022808156138578,0.0879976043407071,0.000171934175854025,-0.00856512463949926,-0.00798458945561247,0.0975994282994007
440.374244332875,-0.00568460787854207,-0.0129234566588663,-0.00221047431008849,0.0873589283105495,0.000166118416256852,-0.00850319413113738,-0.00787252415010548,0.0969336028280995
443.428305076071,-0.00564843184679309,-0.0127902318963852,-0.00214165851126877,0.0867247797132392,0.000160432128301614,-0.00844170269412212,-0.00776202258837022,0.0962721892548312
446.503546183793,-0.00561213749102642,-0.0126582623596856,-0.00207434305965838,0.0860951328681658,0.000154873158099266,-0.00838064776728932,-0.00765306352170913,0.0956151613760954
449.600114545014,-0.0055757315927162,-0.0125275411722527,-0.00200850308458634,0.085469962111705,0.00014943937627955,-0.00832002679344799,-0.00754562597307639,0.0949624930811525
452.718158067401,-0.00553922088398253,-0.0123980614145749,-0.00194411400077703,0.0848492417986745,0.00014412867785204,-0.00825983721948294,-0.00743968923394154,0.0943141583529756
455.857825684385,-0.0055026120462825,-0.0122698161245915,-0.00188115150669432,0.0842329463037944,0.000138938982068735,-0.00820007649645802,-0.00733523286118497,0.0936701312691696
459.01926736227,-0.00546591170911462,-0.0121427982981824,-0.00181959158290219,0.0836210500231506,0.000133868232288061,-0.00814074207972014,-0.00723223667402524,0.0930303860028578
462.202634107401,-0.0054291264487377,-0.0120170008896973,-0.00175941049044072,0.0830135273756633,0.00012891439584017,-0.00808183142900386,-0.00713068075097788,0.0923948968235368
465.408077973374,-0.00539226278690574,-0.0118924168125259,-0.001700584769216,0.0824103528045585,0.000124075463893413,-0.00802334200853676,-0.00703054542684538,0.0917636380979004
468.635752068297,-0.00535532718961979,-0.0117690389397061,-0.00164309123640253,0.0818115007788446,0.000119349451321877,-0.00796527128714553,-0.0069318112897381,0.0911365842906334
471.885810562108,-0.0053183260658983,-0.011646860104571,-0.00158690698485714,0.0812169457947927,0.000114734396573866,-0.00790761673836273,-0.0068344591781259,0.0905137099651753
475.158408693936,-0.00528126576656693,-0.0115258731014344,-0.00153200938154276,0.0806266623774215,0.0001102283615412,-0.0078503758405342,-0.0067384701779202,0.0898949897844556
478.453702779515,-0.00524415258306912,-0.0114060706863116,-0.00147837606596108,0.0800406250819865,0.000105829431429253,-0.00779354607692729,-0.00664382561958608,0.0892803985116008
481.771850218653,-0.00520699274629851,-0.0112874455776784,-0.00142598494859281,0.0794588084954728,0.000101535714627584,-0.00773712493583964,-0.00655050707528434,0.0886699110106132
485.113009502749,-0.00516979242545433,-0.0111699904572635,-0.00137481420934428,0.0788811872380925,9.73453425810847e-05,-0.00768110991070866,-0.00645849635604304,0.0880635022470229
488.477340222363,-0.00513255772692076,-0.0110536979708764,-0.00132484229599931,0.0783077359647856,9.3256469661523e-05,-0.00762549850022166,-0.00636777550895847,0.0874611472885138
491.865003074839,-0.00509529469317143,-0.0109385607292687,-0.00127604792267513,0.0777384293667243,8.9267273039391e-05,-0.00757028820842657,-0.00627832681442503,0.0868628213055233
495.276159871982,-0.00505800930169987,-0.0108245713090274,-0.00122841006828134,0.0771732421728203,8.53759525559555e-05,-0.00751547654484325,-0.0061901327833939,0.0862684995718165
498.710973547785,-0.00502070746397706,-0.0107117222535005,-0.00118190797498082,0.0766121491512361,8.15807305954149e-05,-0.00746106102457532,-0.00610317615466025,0.0856781574650362
502.169608166212,-0.00498339502443676,-0.0106000060737525,-0.00113652114665151,0.0760551251108977,7.78798519570799e-05,-0.00740703916842251,-0.0060174398921785,0.0850917704672284
505.652228929035,-0.00494607775948977,-0.0104894152495495,-0.0010922293473481,0.0755021449030096,7.42715837274747e-05,-0.00735340850299353,-0.00593290718240566,0.0845093141653442
509.159002183727,-0.00490876137656768,-0.0103799422303736,-0.00104901259976269,0.0749531834225727,7.07542151522895e-05,-0.00730016656081928,-0.00584956143167222,0.0839307642517186
512.690095431402,-0.00487145151319713,-0.0102715794364635,-0.0010068511836835,0.0744082156099019,6.732605750809e-05,-0.00724731088046653,-0.0057673862635804,0.0833560965245267
516.245677334823,-0.00483415373610514,-0.0101643192598818,-0.000965725634450652,0.0738672164521456,6.39854439737128e-05,-0.00719483900665185,-0.00568636551642956,0.0827852868882174
519.825917726449,-0.00479687354035636,-0.0100581540656083,-0.000925616741408331,0.0733301609848053,6.07307295012681e-05,-0.00714274849035596,-0.00560648324066839,0.0822183113539261
523.430987616559,-0.00475961634852279,-0.00995307619265562,-0.000886505546352384,0.0727970242932545,5.75602906866782e-05,-0.00709103688893811,-0.00552772369637365,0.0816551460398655
527.061059201407,-0.00472238750988666,-0.00984907795520945,-0.000848373341972668,0.0722677815142571,5.44725256396861e-05,-0.00703970176625088,-0.0054500713507552,0.0810957671716962
530.716305871459,-0.00468519229967704,-0.00974615164378917,-0.00081120167028939,0.0717424078374845,5.14658538532685e-05,-0.0069887406927549,-0.0053735108756871,0.0805401510828767
534.396902219665,-0.00464803591834062,-0.00964428952642964,-0.000774972321082737,0.0712208785070307,4.85387160723894e-05,-0.00693815124563377,-0.00529802714526434,0.0799882742149933
538.103024049808,-0.00461092349084727,-0.00954348384988212,-0.000739667330315205,0.0707031688229239,4.5689574162042e-05,-0.00688793100890891,-0.00522360523338519,0.0794401131180715
541.834848384891,-0.00457386006603071,-0.00944372684083329,-0.000705268978545949,0.0701892541426362,4.29169109745226e-05,-0.0068380775735544,-0.00515023041135874,0.0788956444508672
545.592553475602,-0.00453685061596477,-0.0093450107071411,-0.000671759789336632,0.0696791098825878,4.02192302158842e-05,-0.00678858853761166,-0.0050778881455373,0.0783548449811396
549.376318808822,-0.00449990003537547,-0.00924732763908646,-0.000639122527648278,0.0691727115196482,3.75950563115307e-05,-0.00673946150630402,-0.00500656409497375,0.077817691585907
553.1863251162,-0.0044630131410894,-0.00915066981063919,-0.000607340198228556,0.0686700345926303,3.50429342708994e-05,-0.00669069409215094,-0.0049362441091031,0.0772841612516824
557.022754382788,-0.00442619467151846,-0.00905502938073736,-0.000576396043989134,0.0681710547037795,3.25614295511996e-05,-0.00664228391508203,-0.00486691422544846,0.0767542310746942
560.885789855729,-0.00438944928618132,-0.00896039849457853,-0.00054627354437269,0.0676757475202563,3.01491279201716e-05,-0.00659422860255061,-0.00479856066735086,0.0762278782610879
564.775616053012,-0.00435278156526171,-0.00886676928492184,-0.00051695641370917,0.0671840887756102,2.78046353178277e-05,-0.00654652578964687,-0.00473116984172285,0.0757050801271118
568.692418772287,-0.00431619600920372,-0.00877413387339968,-0.000488428599561028,0.0666960542712466,2.55265777171574e-05,-0.00649917311921047,-0.00466472833682557,0.0751858140992861
572.636385099737,-0.00427969703834401,-0.00868248437183767,-0.00046067428105714,0.0662116198778841,2.33136009837622e-05,-0.00645216824194266,-0.00459922292006906,0.0746700577145561
576.607703419018,-0.00424328899258132,-0.00859181288358187,-0.000433677867215162,0.0657307615370023,2.11643707344038e-05,-0.0064055088165176,-0.00453464053583556,0.0741577886204292
580.606563420252,-0.00420697613108289,-0.00850211150483186,-0.000407423995252108,0.0652534552622793,1.90775721944481e-05,-0.00635919250969313,-0.00447096830332564,0.0736489845750972
584.633156109091,-0.00417076263202803,-0.00841337232597867,-0.00038189752888301,0.0647796771410178,1.70519100541886e-05,-0.00631321699642065,-0.00440819351442687,0.0731436234475426
588.687673815838,-0.00413465259238867,-0.00832558743294628,-0.000357083556607535,0.0643094033355599,1.50861083240399e-05,-0.00626757995995417,-0.00434630363160475,0.0726416832176306
592.77031020464,-0.00409865002774665,-0.0082387489085355,-0.00033296738998441,0.0638426100846886,1.31789101885903e-05,-0.00622227909195846,-0.0042852862858158,0.0721431419761865
596.881260282727,-0.00406275887214784,-0.00815284883376923,-0.000309534561893719,0.0633792737050166,1.1329077859515e-05,-0.00617731209261625,-0.00422512927444255,0.0716479779250589
601.020720409738,-0.00402698297799263,-0.00806787928923773,-0.000286770824786924,0.0629193705923609,9.5353924273433e-06,-0.00613267667073429,-0.00416582055925018,0.0711561693771688
605.188888307094,-0.00399132611596279,-0.00798383235644306,-0.000264662148924703,0.0624628772231026,7.7966537120809e-06,-0.0060883705438484,-0.00410734826436454,0.0706676947565452
609.385963067442,-0.00395579197498417,-0.0079007001191413,-0.000243194720602674,0.0620097701555315,6.11168011270047e-06,-0.00604439143832726,-0.00404970067427156,0.0701825325983472
613.612145164168,-0.00392038416222526,-0.00781847466468171,-0.000222354940365003,0.0615600260311745,4.47930845549449e-06,-0.00600073708947506,-0.0039928662318376,0.069700661548873
617.867636460969,-0.00388510620313089,-0.00773714808534161,-0.00020212942120611,0.0611136215761077,2.89839384131529e-06,-0.00595740524163271,-0.00393683353635066,0.0692220603655562
622.152640221499,-0.00384996154149106,-0.00765671247965602,-0.000182504986760537,0.0606705336022499,1.36780949170446e-06,-0.00591439364827781,-0.00388159134158221,0.0687467079169493
626.467361119072,-0.00381495353954425,-0.00757715995374097,-0.000163468669481241,0.06023073900864,-1.1355340606543e-07,-0.00587170007212318,-0.00382712855386956,0.0682745831826948
630.812005246445,-0.00378008547811487,-0.00749848262260962,-0.000145007708806429,0.0597942147826938,-1.5467858550226e-06,-0.00582932228521385,-0.00377343423021831,0.0678056652534846
635.186780125658,-0.0037453605567844,-0.00742067261147998,-0.000127109549315239,0.059360938001443,-2.93296120557605e-06,-0.00578725806902255,-0.00372049757642501,0.0673399333310071
639.591894717946,-0.00371078189409561,-0.00734372205707353,-0.000109761838872496,0.0589308858327533,-4.27313531362516e-06,-0.00574550521454367,-0.00366830794521962,0.0668773667278827
644.027559433723,-0.00367635252778958,-0.0072676231089037,-9.29524267628394e-05,0.0585040355365229,-5.56834669966834e-06,-0.00570406152238546,-0.00361685483442767,0.0664179448675884
648.493986142629,-0.00364207541507469,-0.00719236793055326,-7.66693618145394e-05,0.0580803644658595,-6.81961670888679e-06,-0.00566292480286062,-0.00356612788515189,0.0659616472843708
652.991388183652,-0.0036079534329272,-0.00711794870093986,-6.09008905133267e-05,0.0576598500682361,-8.02794967216943e-06,-0.00562209287607515,-0.00351611687997327,0.065508453623148
657.519980375318,-0.00357398937842277,-0.0070443576155688,-4.563545510661e-05,0.0572424698866242,-9.19433306804972e-06,-0.00558156357201533,-0.00346681174117112,0.0650583436394014
662.07997902595,-0.0035401859690983,-0.00697158688777231,-3.08616916984525e-05,0.0568282015606054,-1.03197376855199e-05,-0.00554133473063296,-0.00341820252896224,0.0646112971990568
666.671601944003,-0.00350654584334349,-0.00689962874993435,-1.65684283357074e-05,0.0564170228274592,-1.14051177876859e-05,-0.00550140420192867,-0.00337027943975884,0.0641672942783545
671.295068448464,-0.00347307156082134,-0.00682847545470045,-2.74468308573408e-06,0.0560089115232274,-1.24514112762256e-05,-0.00546176984603327,-0.00332303280444506,0.0637263149637105
675.950599379332,-0.00343976560291713,-0.00675811927617163,1.06203378938468e-05,0.0556038455837552,-1.34595398566114e-05,-0.00542242953328718,-0.00327645308667205,0.0632883394515669
680.638417108163,-0.003406630373215,-0.00668855251108184,2.35372422929515e-05,0.0552018030457077,-1.44304092040578e-05,-0.0053833811443179,-0.00323053088117131,0.0628533480482334
685.358745548692,-0.00337366819800152,-0.00661976747995815,3.60164535938589e-05,0.0548027620475609,-1.53649091301495e-05,-0.00534462257011531,-0.00318525691208617,0.0624213211697184
690.11181016753,-0.00334088132679547,-0.00655175652826311,4.80682130226174e-05,0.0544067008305693,-1.62639137501082e-05,-0.00530615171210504,-0.00314062203132127,0.061992239341552
694.897837994932,-0.00330827193290314,-0.00648451202751873,5.97025815065131e-05,0.0540135977397067,-1.71282816506543e-05,-0.00526796648221962,-0.00309661721690995,0.0615660831985988
699.717057635642,-0.00327584211399847,-0.00641802637641135,7.0929441637117e-05,0.0536234312245817,-1.79588560584175e-05,-0.00523006480296759,-0.00305323357139917,0.0611428334848626
704.569699279812,-0.00324359389272705,-0.00635229200187695,8.17584996383285e-05,0.0532361798403277,-1.8756465008846e-05,-0.00519244460750037,-0.00301046232025212,0.060722471053282
709.455994713995,-0.00321152921733348,-0.00628730136016639,9.2199287338971e-05,0.0528518222484659,-1.95219215155749e-05,-0.00515510383967695,-0.00296829481026809,0.060304976865518
714.376177332221,-0.00317964996231116,-0.00622304693789005,0.000102261164149312,0.0524703372177424,-2.02560237401974e-05,-0.00511804045412646,-0.0029267225080197,0.0598903319917325
719.33048214714,-0.00314795792907374,-0.00615952125304144,0.000111953319041019,0.052091703624938,-2.09595551623949e-05,-0.00508125241630835,-0.00288573699830706,0.0594785176103592
724.31914580125,-0.00311645484664751,-0.00609671685599933,0.000121284772529973,0.0517159004556517,-2.1633284750374e-05,-0.00504473770257046,-0.00284532998262904,0.0590695150078668
729.342406578201,-0.00308514237238387,-0.00603462633050801,0.00013026437866137,0.0513429068050565,-2.22779671315616e-05,-0.00500849430020473,-0.00280549327767122,0.0586633055785137
734.400504414174,-0.00305402209269109,-0.00597324229463531,0.000138900826996571,0.0509727018786283,-2.28943427635089e-05,-0.00497252020750068,-0.00276621881381058,0.0582598708240954
739.493680909344,-0.00302309552378465,-0.0059125574017081,0.000147202644601098,0.0506052649928474,-2.34831381049484e-05,-0.00493681343379652,-0.00272749863363669,0.0578591923536849
744.622179339418,-0.00299236411245519,-0.00585256434122481,0.00015517819803323,0.0502405755758725,-2.40450657869594e-05,-0.00490137199952805,-0.00268932489048925,0.0574612518833652
749.786244667259,-0.0029618292368535,-0.00579325583974487,0.000162835695332629,0.0498786131681872,-2.45808247841881e-05,-0.00486619393627516,-0.00265168984701197,0.0570660312359548
754.98612355458,-0.00293149220729147,-0.00573462466175466,0.000170183188008372,0.0495193574232183,-2.5091100586067e-05,-0.00483127728680602,-0.00261458587372251,0.0566735123407272
760.222064373731,-0.00290135426705852,-0.00567666361050992,0.000177228573025895,0.0491627881079276,-2.55765653679919e-05,-0.004796620105119,-0.0025780054475984,0.0562836772331217
765.494317219563,-0.00287141659325236,-0.00561936552885417,0.000183979594792196,0.0488088851033748,-2.60378781623944e-05,-0.00476222045648216,-0.00254194115067882,0.0558965080544497
770.803133921369,-0.00284168029762367,-0.00556272330001328,0.000190443847138792,0.0484576284052538,-2.64756850296674e-05,-0.00472807641747047,-0.00250638566868218,0.0555119870515934
776.148768054917,-0.00281214642743355,-0.00550672984836577,0.000196628775301795,0.0481089981244005,-2.68906192288889e-05,-0.00469418607600072,-0.0024713317896392,0.0551300965766983
781.531474954562,-0.00278281596632325,-0.00545137814018886,0.000202541677898605,0.0477629744872736,-2.7283301388293e-05,-0.00466054753136403,-0.00243677240254151,0.0547508190868599
786.951511725437,-0.00275368983519518,-0.00539666118438023,0.00020818970890062,0.0474195378364077,-2.76543396754416e-05,-0.00462715889425606,-0.00240270049600554,0.054374137143804
792.40913725574,-0.00272476889310456,-0.00534257203315524,0.000213579879601412,0.0470786686308389,-2.80043299670436e-05,-0.00459401828680496,-0.00236910915695176,0.0540000334135617
797.904612229097,-0.00269605393816096,-0.00528910378271975,0.000218719060579829,0.0467403474465031,-2.83338560183736e-05,-0.00456112384259692,-0.00233599156929884,0.0536284906661384
803.438199137013,-0.00266754570843884,-0.00523624957391844,0.000223613983657469,0.0464045549766074,-2.86434896322429e-05,-0.00452847370669949,-0.00230334101267288,0.0532594917751773
809.01016229141,-0.00263924488289651,-0.00518400259285861,0.000228271243849992,0.0460712720319742,-2.89337908274735e-05,-0.00449606603568256,-0.00227115086113152,0.0528930197176175
814.620767837254,-0.00261115208230261,-0.00513235607150953,0.000232697301311741,0.0457404795413584,-2.92053080068264e-05,-0.00446389899763711,-0.00223941458190266,0.0525290575733472
820.270283765263,-0.00258326787016959,-0.00508130328827742,0.00023689848327315,0.045412158551738,-2.94585781243414e-05,-0.00443197077219166,-0.0022081257341379,0.0521675885248515
825.958979924714,-0.00255559275369321,-0.00503083756855604,0.000240880985970412,0.0450862902285786,-2.96941268520386e-05,-0.00440027955052653,-0.00217727796768038,0.0518085958568552
831.687128036326,-0.00252812718469759,-0.00498095228525302,0.00024465087656694,0.0447628558560707,-2.99124687459404e-05,-0.0043688235353858,-0.00214686502184703,0.051452062955961
837.455001705243,-0.00250087156058502,-0.0049316408592921,0.000248214095066081,0.0444418368373421,-3.01141074113653e-05,-0.00433760094108711,-0.00211688072422506,0.0510979733102835
843.262876434102,-0.00247382622528981,-0.00488289676009129,0.000251576456214621,0.0441232146946435,-3.02995356674555e-05,-0.00430660999352931,-0.00208731898948256,0.0507463105090775
849.111029636188,-0.0024469914702356,-0.00483471350601729,0.000254743651396625,0.0438069710695095,-3.04692357108913e-05,-0.00427584893019784,-0.0020581738181931,0.050397058242363
854.999740648693,-0.00242036753529541,-0.004787084664816,0.000257721250517109,0.0434930877228933,-3.06236792787534e-05,-0.00424531600016806,-0.0020294392956743,0.0500502003005458
860.92929074605,-0.00239395460975379,-0.00474000385401975,0.000260514703875124,0.0431815465352776,-3.07633278104938e-05,-0.00421500946410643,-0.00200110959084002,0.0497057205740333
866.899963153375,-0.00236775283327055,-0.00469346474133105,0.000263129344025802,0.0428723295067599,-3.08886326089716e-05,-0.00418492759426962,-0.00197317895506639,0.0493636030528472
872.91204305999,-0.00234176229684523,-0.00464746104498331,0.000265570387630931,0.042565418757114,-3.10000350005214e-05,-0.00415506867450149,-0.00194564172107126,0.0490238318262319
878.965817633049,-0.002315983043782,-0.00460198653407866,0.000267842937297661,0.0422607965258272,-3.10979664940116e-05,-0.00412543100022813,-0.00191849230180709,0.0486863910822593
885.061576031251,-0.00229041507065414,-0.00455703502890319,0.000269951983404905,0.0419584451721139,-3.11828489388608e-05,-0.00409601287845081,-0.0018917251893672,0.04835126510743
891.199609418655,-0.00226505832826772,-0.00451260040121972,0.000271902405917078,0.0416583471749059,-3.12550946819732e-05,-0.00406681262773699,-0.00186533495390519,0.0480184382862709
897.380210978585,-0.00223991272262384,-0.00446867657453862,0.000273698976184787,0.0413604851328199,-3.13151067235649e-05,-0.00403782857820936,-0.00183931624256745,0.0476878951009298
903.603675927636,-0.00221497811587888,-0.00442525752436666,0.000275346358732084,0.0410648417641018,-3.13632788718402e-05,-0.00400905907153299,-0.00181366377843863,0.0473596201307665
909.870301529772,-0.0021902543273023,-0.00438233727843447,0.000276849113029966,0.0407713999065492,-3.13999958964964e-05,-0.00398050246090055,-0.00178837235949994,0.0470335980519409
916.18038711053,-0.00216574113423141,-0.00433990991690265,0.000278211695255758,0.0404801425174123,-3.14256336810168e-05,-0.00395215711101573,-0.00176343685760027,0.0467098136369985
922.534234071309,-0.00214143827302268,-0.00429796957254714,0.000279438460038062,0.0401910526732727,-3.14405593737307e-05,-0.00392402139807482,-0.0017388522174399,0.0463882517544521
928.932145903777,-0.00211734543999909,-0.00425651043092386,0.000280533662186964,0.0399041135699012,-3.14451315376074e-05,-0.00389609370974644,-0.00171461345556666,0.0460688973683618
935.374428204358,-0.00209346229239305,-0.00421552673051318,0.000281501458409193,0.0396193085220956,-3.143970029876e-05,-0.00386837244514964,-0.0016907156593846,0.045751735537912
941.861388688833,-0.00206978844928444,-0.00417501276284453,0.000282345909007958,0.0393366209634975,-3.1424607493632e-05,-0.00384085601483018,-0.00166715398617494,0.0454367514169855
948.39333720704,-0.00204632349253339,-0.00413496287260135,0.000283070979567174,0.0390560344463895,-3.14001868148435e-05,-0.00381354284073517,-0.0016439236621291,0.0451239302537361
954.970585757668,-0.00202306696770731,-0.00409537145770694,0.000283680542619844,0.0387775326414728,-3.13667639556727e-05,-0.00378643135618608,-0.00162101998139391,0.0448132573901579
961.593448503166,-0.00200001838500184,-0.00405623296939144,0.000284178379300325,0.0385010993376262,-3.13246567531515e-05,-0.00375952000585008,-0.00159843830512875,0.0445047182616533
968.262241784745,-0.00197717722015532,-0.00401754191224034,0.000284568180980272,0.038226718441646,-3.12741753297538e-05,-0.0037328072457099,-0.00157617406057451,0.0441982983965984
974.977284137491,-0.00195454291535641,-0.00397929284422491,0.000284853550888027,0.0379543739779681,-3.12156222336576e-05,-0.00370629154303204,-0.00155422274013431,0.0438939834159066
981.738896305574,-0.00193211488014447,-0.00394148037671494,0.000285038005711251,0.037684050088372,-3.11492925775616e-05,-0.00367997137633362,-0.00153257990046583,0.0435917590325906
988.547401257578,-0.00190989249230245,-0.00390409917447408,0.000285124977182616,0.037415731031668,-3.10754741760395e-05,-0.0036538452353476,-0.0015112411615852,0.043291611051322
995.403124201917,-0.0018878750987419,-0.00386714395563835,0.000285117813648363,0.0371494011833666,-3.09944476814154e-05,-0.00362791162098675,-0.00149020220598223,0.0429935253679902
1002.30639260238,-0.00186606201637984,-0.00383060949167798,0.000285019781619578,0.036885045035333,-3.09064867181463e-05,-0.00360216904530608,-0.00146945877774698,0.0426974879692589
1009.25753619375,-0.00184445253300713,-0.00379449060734315,0.000284834067306023,0.0366226471954238,-3.08118580156965e-05,-0.00357661603146407,-0.00144900668170753,0.0424034849321216
1016.2568869976,-0.00182304590814817,-0.00375878218059396,0.000284563778132383,0.0363621923871091,-3.0710821539892e-05,-0.00355125111368239,-0.00142884178257877,0.0421115024234553
1023.30477933808,-0.00180184137391161,-0.00372347914251502,0.000284211944236804,0.03610366544908,-3.06036306227428e-05,-0.0035260728372046,-0.00140896000412224,0.041821526699574
1030.40154985798,-0.00178083813583177,-0.00368857647721501,0.000283781519951601,0.0358470513348397,-3.04905320907233e-05,-0.00350107975825337,-0.00138935732831675,0.0415335441057797
1037.5475375347,-0.00176003537370069,-0.00365406922171179,0.000283275385266043,0.0355923351122823,-3.03717663914998e-05,-0.00347627044398668,-0.00137002979453983,0.0412475410759133
1044.74308369654,-0.0017394322423904,-0.00361995246580314,0.000282696347271112,0.035339501963256,-3.02475677190978e-05,-0.00345164347245273,-0.00135097349875974,0.0409635041319037
1051.98853203895,-0.0017190278726654,-0.00358622135192393,0.000282047141586162,0.0350885371831144,-3.01181641375021e-05,-0.00342719743254383,-0.00133218459273811,0.0406814198833171
1059.28422864097,-0.00169882137198497,-0.00355287107498963,0.000281330433767407,0.0348394261802535,-2.99837777026811e-05,-0.00340293092394912,-0.00131365928324292,0.0404012750269042
1066.63052198171,-0.00167881182529532,-0.00351989688222715,0.000280548820698186,0.034592154475637,-2.98446245830328e-05,-0.00337884255710632,-0.00129539383127191,0.0401230563461481
1074.02776295709,-0.00165899829581124,-0.00348729407299274,0.000279704831960944,0.0343467077023094,-2.97009151782449e-05,-0.00335493095315234,-0.00127738455128605,0.03984675071081
1081.4763048965,-0.00163937982578725,-0.00345505799857798,0.000278800931190915,0.0341030716048969,-2.95528542365682e-05,-0.00333119474387309,-0.00125962781045332,0.0395723450764759
1088.97650357974,-0.00161995543727798,-0.00342318406200371,0.000277839517411463,0.0338612320390972,-2.94006409704999e-05,-0.00330763257165219,-0.00124212002790228,0.0392998264841012
1096.52871725401,-0.00160072413288779,-0.00339166771780269,0.00027682292635107,0.0336211749711591,-2.92444691708727e-05,-0.00328424308941886,-0.00122485767398577,0.0390291820595569
1104.13330665098,-0.0015816848965093,-0.00336050447179111,0.000275753431741974,0.03338288647735,-2.90845273193536e-05,-0.00326102496059489,-0.00120783726955413,0.0387603990131731
1111.79063500406,-0.00156283669405107,-0.00332968988082954,0.000274633246600451,0.0331463527434157,-2.89209986993474e-05,-0.00323797685904086,-0.00119105538523842,0.0384934646392848
1119.50106806575,-0.00154417847415393,-0.00329921955257344,0.000273464524488757,0.0329115600640277,-2.87540615053097e-05,-0.00321509746900143,-0.00117450864074293,0.0382283663157751
1127.26497412507,-0.0015257091688962,-0.00326908914521394,0.000272249360758763,0.032678494842224,-2.85838889504688e-05,-0.00319238548504999,-0.00115819370414739,0.0379650915036203
1135.0827240252,-0.00150742769448756,-0.00323929436720889,0.000270989793777294,0.0324471435888389,-2.84106493729599e-05,-0.00316983961203251,-0.00114210729121842,0.0377036277464333
1142.95469118117,-0.00148933295195161,-0.00320983097700495,0.00026968780613324,0.0322174929219254,-2.82345063403745e-05,-0.00314745856501069,-0.00112624616473033,0.0374439626700091
1150.8812515977,-0.00147142382779692,-0.00318069478275063,0.000268345325826457,0.0319895295661694,-2.80556187527289e-05,-0.00312524106920448,-0.00111060713379506,0.0371860839818675
1158.86278388715,-0.00145369919467674,-0.00315188164200114,0.000266964227438539,0.0317632403522956,-2.78741409438573e-05,-0.00310318585993397,-0.00109518705320121,0.0369299794707995
1166.89966928762,-0.00143615791203712,-0.00312338746141486,0.000265546333285519,0.0315386122164666,-2.76902227812337e-05,-0.00308129168256059,-0.00107998282276199,0.0366756370064104
1174.99229168114,-0.00141879882675364,-0.00309520819644237,0.000264093414552562,0.0313156321996749,-2.75040097642295e-05,-0.00305955729242791,-0.00106499138667209,0.0364230445386663
1183.14103761204,-0.0014016207737565,-0.00306733985100778,0.000262607192410736,0.031094287447128,-2.73156431208124e-05,-0.00303798145480169,-0.00105020973287331,0.0361721900974385
1191.34629630538,-0.00138462257664415,-0.00303977847718323,0.00026108933911596,0.0308745652076274,-2.71252599026967e-05,-0.00301656294480967,-0.00103563489242882,0.0359230617920504
1199.60845968555,-0.0013678030482854,-0.00301252017485654,0.000259541479090191,0.0306564528329417,-2.69329930789483e-05,-0.00299530054738062,-0.00102126393890598,0.0356756478108228
1207.92792239501,-0.00135116099141001,-0.0029855610913925,0.000257965189984982,0.0304399377771742,-2.67389716280578e-05,-0.00297419305718317,-0.00100709398776772,0.035429936420622
1216.3050818131,-0.00133469519918776,-0.00295889742128803,0.000256362003727499,0.0302250075961245,-2.65433206284871e-05,-0.00295323927856408,-0.000993122195772174,0.0351859159664064
1224.74033807505,-0.00131840445579612,-0.00293252540582171,0.000254733407549111,0.0300116499466468,-2.63461613477011e-05,-0.00293243802548619,-0.000979345760380643,0.0349435748707752
1233.23409409112,-0.00130228753697644,-0.0029064413326977,0.00025308084499667,0.0297998525860012,-2.61476113296936e-05,-0.00291178812146596,-0.000965761919173714,0.0347029016335173
1241.78675556577,-0.00128634321057874,-0.00288064153568467,0.000251405716926612,0.0295896033712033,-2.5947784481018e-05,-0.00289128839951077,-0.000952367949275484,0.0344638848311608
1250.39873101711,-0.00127057023709523,-0.00285512239424973,0.000249709382481991,0.0293808902583677,-2.57467911553349e-05,-0.00287093770205575,-0.000939161166785711,0.0342265131165237
1259.07043179635,-0.00125496737018246,-0.00282988033318803,0.000247993160052602,0.0291737013020493,-2.55447382364867e-05,-0.00285073488090055,-0.00092613892621991,0.0339907752182651
1267.80227210752,-0.00123953335717228,-0.00280491182224787,0.000246258328218297,0.0289680246545801,-2.53417292201108e-05,-0.0028306787971456,-0.000913298619957188,0.0337566599404376
1276.5946690272,-0.00122426693957164,-0.00278021337575198,0.000244506126675672,0.0287638485654039,-2.51378642938061e-05,-0.0028107683211284,-0.0009006376776958,0.0335241561620402
1285.44804252445,-0.00120916685355132,-0.0027557815522151,0.000242737757148253,0.0285611613804075,-2.49332404158625e-05,-0.0027910023323594,-0.000888153565916319,0.0332932528365733
1294.36281548089,-0.00119423183042355,-0.00273161295395806,0.000240954384280318,0.0283599515412495,-2.47279513925677e-05,-0.00277137971945782,-0.000875843787352269,0.033063938991593
1303.33941371088,-0.00117946059710883,-0.00270770422671877,0.000239157136514542,0.0281602075846874,-2.45220879541054e-05,-0.00275189938008727,-0.000863705880468236,0.0328362037282683
1312.37826598188,-0.00116485187659177,-0.00268405205926022,0.00023734710695359,0.0279619181419018,-2.43157378290568e-05,-0.00273256022089125,-0.000851737418945237,0.032610036220938
1321.47980403488,-0.00115040438836628,-0.00266065318297597,0.000235525354205838,0.0277650719378197,-2.41089858175203e-05,-0.0027133611574285,-0.000839936011173395,0.03238542571667
1330.6444626051,-0.00113611684887,-0.00263750437149303,0.00023369290321538,0.0275696577904359,-2.39019138628642e-05,-0.00269430111410834,-0.000828299299751679,0.0321623615348206
1339.87267944269,-0.00112198797190828,-0.00261460244027278,0.00023185074607648,0.027375664610133,-2.36946011221254e-05,-0.00267537902412587,-0.000816824960994779,0.0319408330665961
1349.16489533366,-0.00110801646906753,-0.00259194424620979,0.000229999842832656,0.0271830813990012,-2.34871240350695e-05,-0.00265659382939713,-0.000805510704446867,0.0317208297746146
1358.52155412096,-0.00109420105011842,-0.00256952668722906,0.000228141122260543,0.0269918972501564,-2.32795563919277e-05,-0.00263794448049432,-0.00079435427240231,0.0315023411924707
1367.94310272563,-0.00108054042340861,-0.00254734670188166,0.000226275482638736,0.0268021013470582,-2.30719693998249e-05,-0.00261942993658083,-0.000783353439433101,0.0312853569242997
1377.42999116818,-0.00106703329624556,-0.00252540126893923,0.000224403792501762,0.026613682962828,-2.28644317479141e-05,-0.00260104916534655,-0.000772506011923059,0.0310698666443448
1386.98267259009,-0.00105367837526912,-0.00250368740698724,0.000222526891379378,0.0264266314595661,-2.26570096712335e-05,-0.00258280114294289,-0.000761809827608584,0.0308558600965244
1396.60160327544,-0.00104047436681436,-0.00248220217401761,0.000220645590521371,0.0262409362876698,-2.2449767013301e-05,-0.00256468485391817,-0.000751262755126003,0.0306433270940019
1406.2872426727,-0.00102741997726457,-0.00246094266702048,0.000218760673608024,0.0260565869851512,-2.22427652874622e-05,-0.0025466992911528,-0.000740862693565303,0.0304322575187564
1416.04005341668,-0.00101451391339455,-0.00243990602157563,0.00021687289744646,0.0258735731769558,-2.20360637370079e-05,-0.00252884345579475,-0.000730607572030284,0.0302226413211553
1425.86050135065,-0.00100175488270446,-0.00241908941144353,0.00021498299265302,0.0256918845742819,-2.18297193940764e-05,-0.00251111635719499,-0.000720495349204943,0.0300144685195276
1435.74905554856,-0.000989141593744172,-0.0023984900481564,0.000213091664321873,0.0255115109739007,-2.1623787137358e-05,-0.00249351701284309,-0.000710524012926096,0.0298077291997401
1445.70618833745,-0.000976672756428402,-0.00237810518060918,0.000211199592680035,0.0253324422574772,-2.14183197486157e-05,-0.00247604444830297,-0.000700691579762079,0.029602413514774
1455.73237532004,-0.000964347082342658,-0.00235793209465093,0.000209307433729002,0.0251546683908932,-2.1213367968041e-05,-0.00245869769714877,-0.000690996094597524,0.0293985116843038
1465.8280953974,-0.000952163285040167,-0.00233796811267645,0.000207415819873145,0.0249781794235706,-2.1008980548458e-05,-0.00244147580090085,-0.000681435630224048,0.0291960139942774
1475.99383079187,-0.000940120080329954,-0.00231821059321862,0.00020552536053511,0.0248029654877975,-2.08052043083954e-05,-0.00242437780896208,-0.000672008286936862,0.0289949107964984
1486.23006707006,-0.000928216186556108,-0.00229865693054127,0.000203636642758339,0.0246290167980545,-2.0602084184039e-05,-0.00240740277855412,-0.000662712192137132,0.0287951925082095
1496.53729316606,-0.000916450324868498,-0.00227930455423314,0.000201750231796978,0.0244563236503445,-2.03996632800852e-05,-0.00239054977465412,-0.00065354549994011,0.028596849611678
1506.9160014048,-0.000904821219484935,-0.00226015092880261,0.000199866671693284,0.0242848764215233,-2.01979829195072e-05,-0.00237381786993147,-0.000644506390788855,0.0283998726537828
1517.36668752555,-0.000893327597945053,-0.00224119355327375,0.000197986485842775,0.0241146655686328,-1.99970826922547e-05,-0.00235720614468485,-0.000635593071073573,0.0282042522456036
1527.88985070559,-0.000881968191355928,-0.00222242996078349,0.000196110177547279,0.0239456816282368,-1.97970005028999e-05,-0.00234071368677947,-0.000626803772756405,0.0280099790620108
1538.4859935841,-0.000870741734629672,-0.00220385771818029,0.000194238230556081,0.0237779152157585,-1.95977726172484e-05,-0.00232433959158465,-0.000618136753001665,0.027817043841259
1549.15562228612,-0.00085964696671304,-0.00218547442562428,0.000192371109595339,0.0236113570248211,-1.93994337079293e-05,-0.00230808296191148,-0.000609590293811396,0.0276254373845799
1559.89924644673,-0.000848682630809295,-0.00216727771618905,0.000190509260885984,0.023445997826591,-1.92020168989831e-05,-0.00229194290795099,-0.00060116270166622,0.0274351505557794
1570.71737923542,-0.000837847474592361,-0.00214926525546516,0.00018865311265025,0.0232818284691236,-1.90055538094602e-05,-0.00227591854721234,-0.000592852307171364,0.0272461742808348
1581.61053738059,-0.000827140250413501,-0.00213143474116552,0.000186803075607056,0.0231188398767121,-1.88100745960499e-05,-0.00226000900446152,-0.000584657464707836,0.0270584995474949
1592.57924119422,-0.000816559715500567,-0.00211378390273269,0.000184959543456387,0.0229570230492389,-1.86156079947524e-05,-0.00224421341166018,-0.000576576552088624,0.026872117404881
1603.62401459674,-0.000806104632150046,-0.00209631050094832,0.000183122893352891,0.0227963690615311,-1.84221813616123e-05,-0.00222853090790487,-0.000568607970219931,0.0266870189630912
1614.74538514202,-0.000795773767911951,-0.00207901232754459,0.000181293486368841,0.0226368690627177,-1.82298207125276e-05,-0.00221296063936652,-0.00056075014276727,0.0265031953928047
1625.94388404263,-0.000785565895767782,-0.00206188720481805,0.000179471667946674,0.0224785142755918,-1.80385507621513e-05,-0.00219750175923031,-0.000553001515826458,0.0263206379248896
1637.22004619516,-0.000775479794301605,-0.00204493298524563,0.000177657768341252,0.0223212959959742,-1.78483949619002e-05,-0.00218215342763579,-0.000545360557599352,0.0261393378500121
1648.57441020578,-0.000765514247864474,-0.00202814755110314,0.000175852103052053,0.0221652055920826,-1.76593755370871e-05,-0.00216691481161742,-0.000537825758074337,0.0259592865182469
1660.00751841599,-0.000755668046732233,-0.00201152881408624,0.000174054973245445,0.0220102345039022,-1.74715135231911e-05,-0.00215178508504532,-0.00053039562871142,0.0257804753386909
1671.51991692849,-0.000745939987256939,-0.00199507471493391,0.000172266666167241,0.0218563742425616,-1.72848288012823e-05,-0.00213676342856657,-0.000523068702131955,0.0256028957790776
1683.11215563331,-0.000736328872011926,-0.0019787832230546,0.00017048745554568,0.0217036163897112,-1.7099340132615e-05,-0.00212184902954663,-0.000515843531812838,0.0254265393653938
1694.78478823403,-0.000726833509930752,-0.00196265233615502,0.000168717601985037,0.0215519525969063,-1.69150651924055e-05,-0.0021070410820113,-0.000508718691785207,0.025251397681499
1706.53837227424,-0.000717452716440062,-0.00194668007987171,0.000166957353350005,0.021401374584993,-1.67320206028077e-05,-0.00209233878658897,-0.000501692776337484,0.0250774623687455
1718.37346916419,-0.00070818531358658,-0.0019308645074054,0.000165206945141041,0.0212518741434986,-1.65502219651037e-05,-0.0020777413504532,-0.000494764399722795,0.0249047251256014
1730.2906442076,-0.000699030130158286,-0.00191520369915821,0.000163466600860822,0.021103443130026,-1.63696838911218e-05,-0.00206324798726577,-0.000487932195870616,0.024733177707275
1742.29046662864,-0.000689986001799972,-0.00189969576237382,0.000161736532371996,0.0209560734696514,-1.61904200338975e-05,-0.00204885791712003,-0.000481194818102666,0.024562811925342
1754.37350959913,-0.000681051771123246,-0.00188433883078053,0.000160016940246378,0.020809757154327,-1.60124431175917e-05,-0.00203457036648465,-0.000474550938852911,0.0243936196473735
1766.54035026596,-0.000672226287811149,-0.00186913106423738,0.000158308014105765,0.0206644862422864,-1.58357649666796e-05,-0.00202038456814778,-0.000467999249391688,0.0242255927965667
1778.79156977856,-0.000663508408717502,-0.00185407064838329,0.000156609932954512,0.0205202528574557,-1.56603965344263e-05,-0.00200629976116159,-0.000461538459553844,0.0240587233513779
1791.12775331676,-0.000654896997961072,-0.00183915579428928,0.000154922865504052,0.0203770491888674,-1.54863479306593e-05,-0.00199231519078714,-0.000455167297470842,0.0238930033451567
1803.54949011869,-0.000646390927014742,-0.00182438473811387,0.000153246970489499,0.0202348674900792,-1.53136284488561e-05,-0.00197843010843979,-0.000448884509306807,0.0237284248657827
1816.05737350894,-0.000637989074789728,-0.00180975574076153,0.00015158239697849,0.0200937000785966,-1.51422465925563e-05,-0.00196464377163482,-0.000442688858998395,0.0235649800553039
1828.65200092687,-0.000629690327715043,-0.00179526708754443,0.000149929284672433,0.0199535393353004,-1.49722101011149e-05,-0.00195095544393363,-0.000436579127998507,0.0234026611095776
1841.33397395519,-0.000621493579812241,-0.00178091708784731,0.000148287764200287,0.0198143777038774,-1.48035259748073e-05,-0.00193736439489019,-0.000430554115023712,0.0232414602779125
1854.10389834867,-0.000613397732765643,-0.00176670407479567,0.000146657957405062,0.0196762076902567,-1.46362004993013e-05,-0.00192386989999802,-0.000424612635805401,0.0230813698627139
1866.9623840631,-0.000605401695988065,-0.00175262640492713,0.000145039977623132,0.0195390218620489,-1.44702392695066e-05,-0.0019104712406375,-0.000418753522844551,0.0229223822191295
1879.91004528435,-0.000597504386682267,-0.0017386824578662,0.000143433929956565,0.0194028128479909,-1.43056472128179e-05,-0.0018971677040236,-0.000412975625170107,0.0227644897546987
1892.94750045783,-0.000589704729898118,-0.00172487063600218,0.000141839911538568,0.0192675733373943,-1.41424286117595e-05,-0.00188395858315404,-0.000407277808100869,0.0226076849290024
1906.0753723179,-0.000582001658585703,-0.00171118936417056,0.000140258011792212,0.0191332960795985,-1.39805871260482e-05,-0.00187084317675786,-0.000401658953010899,0.0224519602533166
1919.29428791772,-0.000574394113644368,-0.00169763708933758,0.000138688312682565,0.0189999738834277,-1.3820125814084e-05,-0.00185782078924437,-0.000396117957098329,0.0222973082902657
1932.60487865912,-0.000566881043967914,-0.00168421228028828,0.000137130888962384,0.0188675996166533,-1.3661047153881e-05,-0.00184489073065253,-0.000390653733157582,0.0221437216534801
1946.00778032282,-0.000559461406485945,-0.00167091342731776,0.000135585808411479,0.0187361662054592,-1.35033530634517e-05,-0.00183205231660077,-0.000385265209354903,0.0219911930072543
1959.50363309877,-0.000552134166201571,-0.00165773904192592,0.000134053132069911,0.0186056666339132,-1.3347044920654e-05,-0.00181930486823719,-0.000379951329007204,0.0218397150662075
1973.09308161673,-0.000544898296225472,-0.00164468765651547,0.000132532914465123,0.0184760939434416,-1.31921235825146e-05,-0.00180664771219015,-0.000374711050364117,0.0216892805949461
1986.77677497706,-0.000537752777806508,-0.00163175782409336,0.00013102520383317,0.0183474412323086,-1.30385894040392e-05,-0.00179408018051938,-0.000369543346393269,0.0215398824077286
2000.55536678172,-0.000530696600358897,-0.00161894811797555,0.000129530042334132,0.0182197016550998,-1.28864422565196e-05,-0.00178160161066733,-0.000364447204568671,0.0213915133681314
2014.42951516552,-0.000523728761486133,-0.00160625713149517,0.000128047466261882,0.0180928684222114,-1.27356815453507e-05,-0.00176921134541112,-0.000359421626662235,0.021244166388718
2028.39988282751,-0.000516848267001662,-0.001593683477714,0.000126577506248291,0.0179669347993416,-1.25863062273669e-05,-0.00175690873281476,-0.000354465628538317,0.0210978344307091
2042.46713706267,-0.000510054130946478,-0.0015812257891374,0.000125120187462022,0.0178418941069887,-1.24383148277079e-05,-0.00174469312618186,-0.000349578239951293,0.0209525105036555
2056.63194979376,-0.000503345375603674,-0.00156888271743248,0.00012367552980201,0.0177177397199519,-1.2291705456226e-05,-0.00173256388400872,-0.000344758504346071,0.0208081876651117
2070.89499760343,-0.000496721031510087,-0.00155665293314973,0.000122243548085764,0.0175944650668375,-1.21464758234443e-05,-0.00172052036993783,-0.000340005478661555,0.0206648590203131
2085.25696176653,-0.000490180137465078,-0.00154453512544793,0.000120824252232586,0.017472063629569,-1.20026232560747e-05,-0.00170856195271183,-0.000335318233136956,0.0205225177218541
2099.71852828265,-0.000483721740536578,-0.00153252800182241,0.000119417647441846,0.0173505289429018,-1.18601447121082e-05,-0.00169668800612776,-0.000330695851120962,0.0203811569693684
2114.2803879089,-0.000477344896064441,-0.00152063028783665,0.000118023734366397,0.0172298545939421,-1.17190367954847e-05,-0.00168489790899188,-0.000326137428883683,0.0202407700092111
2128.94323619287,-0.00047104866766124,-0.00150884072685717,0.000116642509281264,0.0171100342216706,-1.15792957703537e-05,-0.00167319104507474,-0.000321642075431361,0.0201013501341432
2143.7077735059,-0.00046483212721052,-0.00149715807979174,0.000115273964247692,0.0169910615164696,-1.14409175749336e-05,-0.00166156680306677,-0.000317208912323779,0.0199628906830178
2158.57470507649,-0.000458694354862667,-0.00148558112483087,0.000113918087272684,0.0168729302196558,-1.13038978349809e-05,-0.00165002457653421,-0.00031283707349436,0.0198253850404679
2173.54474102402,-0.000452634439028389,-0.00147410865719257,0.000112574862464102,0.0167556341230158,-1.11682318768765e-05,-0.00163856376387546,-0.000308525705072868,0.0196888266365967
2188.61859639264,-0.000446651476369968,-0.00146273948887037,0.000111244270181471,0.0166391670683473,-1.10339147403385e-05,-0.00162718376827782,-0.000304273965210739,0.0195532089466694
2203.79699118545,-0.000440744571790277,-0.00145147244838459,0.000109926287182542,0.016523522947004,-1.09009411907716e-05,-0.00161588399767467,-0.000300081023908926,0.0194185254908071
2219.08065039887,-0.000434912838419716,-0.0014403063805368,0.000108620886765757,0.0164086956994446,-1.07693057312591e-05,-0.00160466386470299,-0.000295946062848302,0.0192847698336828
2234.47030405729,-0.000429155397601064,-0.00142924014616752,0.000107328038908674,0.0162946793147862,-1.06390026142084e-05,-0.00159352278666128,-0.000291868275222503,0.019151935584219
2249.9666872479,-0.000423471378872382,-0.00141827262191711,0.000106047710402475,0.016181467830362,-1.05100258526571e-05,-0.00158246018546794,-0.000287846865573245,0.0190200163952869
2265.57054015586,-0.000417859919947989,-0.00140740269998977,0.000104779864982628,0.0160690553312831,-1.03823692312471e-05,-0.00157147548761994,-0.000283881049628025,0.0188890059634087
2281.28260809959,-0.000412320166697608,-0.00139662928792072,0.00010352446345582,0.0159574359500045,-1.02560263168768e-05,-0.00156056812415197,-0.00027997005414021,0.0187588980284601
2297.10364156645,-0.00040685127312373,-0.00138595130834654,0.000102281463823213,0.0158466038658954,-1.01309904690367e-05,-0.0015497375305959,-0.000276113116731447,0.0186296863733763
2313.0343962485,-0.000401452401337279,-0.00137536769877854,0.000101050821400155,0.0157365533048133,-1.00072548498376e-05,-0.00153898314694071,-0.000272309485736383,0.0185013648238587
2329.07563307866,-0.000396122721531617,-0.00136487741137921,9.9832488932391e-05,0.0156272785386822,-9.88481243373879e-06,-0.00152830441759268,-0.000268558420049647,0.0183739272480839
2345.22811826701,-0.00039086141195498,-0.00135447941274183,9.86264167088894e-05,0.0155187738850754,-9.76365601698317e-06,-0.00151770079133608,-0.000264859188975071,0.0182473675564148
2361.49262333744,-0.000385667658881375,-0.00134417268367293,9.74325526713445e-05,0.015411033706802,-9.64377822674603e-06,-0.00150717172129417,-0.000261211072077097,0.0181216797011131
2377.86992516445,-0.000380540656580035,-0.00133395621897793,9.62508425204508e-05,0.0153040524114971,-9.52517153000598e-06,-0.0014967166648906,-0.000257613359034374,0.0179968576760541
2394.36080601029,-0.000375479607283434,-0.00132382902724965,9.50812298190192e-05,0.0151978244512166,-9.40782824214346e-06,-0.00148633508381113,-0.000254065349495462,0.0178728955164424
2410.96605356231,-0.000370483721153989,-0.00131379013065982,9.39236560920182e-05,0.0150923443220355,-9.29174053527465e-06,-0.00147602644396583,-0.000250566352936666,0.0177497872985312
2427.6864609706,-0.000365552216249436,-0.00130383856475348,9.27780609236112e-05,0.0149876065636506,-9.17690044632654e-06,-0.0014657902154515,-0.000247115688521922,0.0176275271393412
2444.52282688584,-0.00036068431848699,-0.00129397337824635,9.1644382051272e-05,0.0148836057589867,-9.06329988486073e-06,-0.00145562587251459,-0.000243712684964734,0.0175061091963832
2461.4759554975,-0.000355879261606294,-0.00128419363282499,9.0522555457041e-05,0.0147803365338066,-8.95093064065102e-06,-0.00144553289351438,-0.00024035668039212,0.0173855276673815
2478.54665657221,-0.00035113628713124,-0.00127449840294987,8.94125154560031e-05,0.0146777935563255,-8.83978439102206e-06,-0.00143551076088656,-0.000237047022210535,0.0172657767899989
2495.73574549243,-0.000346454644330715,-0.00126488677566126,8.83141947820545e-05,0.014575971536829,-8.72985270795503e-06,-0.00142555896110721,-0.000233783066973757,0.0171468508415649
2513.04404329547,-0.000341833590178282,-0.00125535785038785,8.72275246710207e-05,0.0144748652272943,-8.62112706496535e-06,-0.00141567698465703,-0.000230564180252673,0.0170287441388036
2530.47237671259,-0.000337272389310893,-0.00124591073875823,8.61524349412046e-05,0.0143744694210164,-8.51359884375986e-06,-0.00140586432598599,-0.00022738973650699,0.0169114510375652
2548.02157820863,-0.000332770313986636,-0.00123654456441503,8.5088854071417e-05,0.0142747789522366,-8.40725934067754e-06,-0.00139612048347834,-0.000224259118958778,0.0167949659325581
2565.69248602162,-0.000328326644041606,-0.00122725846283182,8.40367092765675e-05,0.0141757886957758,-8.30209977292085e-06,-0.00138644495941792,-0.00022117171946788,0.0166792832570834
2583.48594420295,-0.000323940666845892,-0.00121805158113262,8.29959265808638e-05,0.0140774935666712,-8.19811128458174e-06,-0.00137683725995379,-0.000218126938409112,0.0165643974827708
2601.4028026576,-0.00031961167725878,-0.0012089230779142,8.19664308886966e-05,0.0139798885198161,-8.09528495246909e-06,-0.00136729689506632,-0.000215124184551259,0.0164503031193164
2619.4439171848,-0.000315338977583153,-0.00119987212307082,8.09481460532546e-05,0.0138829685496041,-7.9936117917415e-06,-0.00135782337853346,-0.00021216287493782,0.0163369947142221
2637.61014951883,-0.000311121877519187,-0.00119089789762174,7.99409949429419e-05,0.0137867286895767,-7.89308276135167e-06,-0.00134841622789744,-0.000209242434769493,0.0162244668525367
2655.90236737027,-0.000306959694117334,-0.00118199959354115,7.89448995056467e-05,0.0136911640120735,-7.79368876930649e-06,-0.00133907496443178,-0.000206362297288351,0.0161127141565991
2674.32144446737,-0.000302851751730673,-0.00117317641359078,7.79597808309206e-05,0.0135962696278877,-7.69542067774841e-06,-0.00132979911310863,-0.000203521903663719,0.0160017312857825
2692.86826059784,-0.000298797381966614,-0.00116442757115487,7.69855592101229e-05,0.0135020406859233,-7.59826930786233e-06,-0.00132058820256637,-0.00020072070287968,0.015891512936241
2711.54370165082,-0.000294795923638061,-0.00115575229007775,7.60221541945864e-05,0.0134084723728569,-7.50222544461325e-06,-0.00131144176507767,-0.000197958151624238,0.0157820538406572
2730.34865965925,-0.000290846722713992,-0.00114714980450378,7.50694846518494e-05,0.0133155599128025,-7.40727984131847e-06,-0.00130235933651773,-0.000195233714180062,0.0156733487679922
2749.28403284242,-0.000286949132269559,-0.00113861935871976,7.41274688200184e-05,0.0132232985669799,-7.31342322405988e-06,-0.0012933404563329,-0.000192546862316835,0.0155653925232367
2768.35072564895,-0.000283102512435686,-0.00113016020699972,7.31960243602959e-05,0.0131316836333858,-7.22064629593949e-06,-0.00128438466750958,-0.000189897075185145,0.0154581799471638
2787.54964879989,-0.000279306230348249,-0.00112177161345205,7.22750684077365e-05,0.0130407104464696,-7.1289397411836e-06,-0.00127549151654353,-0.00018728383921192,0.015351705916084
2806.88171933232,-0.000275559660096813,-0.001113452851869,7.13645176202699e-05,0.0129503743768106,-7.03829422909883e-06,-0.00126666055340929,-0.000184706647997369,0.0152459653416009
2826.34786064308,-0.000271862182673015,-0.0011052032055785,7.04642882260417e-05,0.0128606708308004,-6.94870041788482e-06,-0.00125789133153011,-0.000182165002213428,0.0151409531703694
2845.94900253294,-0.000268213185918569,-0.00109702196729816,6.95742960691173e-05,0.0127715952503271,-6.860148958307e-06,-0.00124918340774807,-0.000179658409503652,0.0150366643838552
2865.68608125093,-0.000264612064472967,-0.00108890843899166,6.8694456653593e-05,0.0126831431124636,-6.77263049723382e-06,-0.0012405363422945,-0.000177186384384574,0.0149330939980955
2885.56003953913,-0.000261058219720867,-0.00108086193172722,6.78246851861569e-05,0.0125953099291582,-6.68613568104166e-06,-0.00123194969876071,-0.000174748448148477,0.014830237063462
2905.57182667768,-0.000257551059739228,-0.00107288176553837,6.69648966171459e-05,0.0125080912469295,-6.60065515889182e-06,-0.00122342304406905,-0.000172344128767577,0.0147280886644252
2925.72239853012,-0.000254089999244181,-0.00106496726928682,6.61150056801344e-05,0.0124214826465631,-6.51617958588235e-06,-0.00121495594844418,-0.000169972960799579,0.0146266439193199
2946.01271758903,-0.00025067445953771,-0.00105711778052751,6.52749269301032e-05,0.0123354797428125,-6.43269962607923e-06,-0.00120654798538473,-0.000167634485294608,0.0145258979801128
2966.44375302203,-0.000247303868454109,-0.00104933264537569,6.44445747802186e-05,0.0122500781841023,-6.3502059554293e-06,-0.00119819873163509,-0.000165328249703475,0.0144258460321717
2987.01648071805,-0.000243977660306294,-0.00104161121837616,6.36238635372714e-05,0.0121652736522349,-6.26868926455935e-06,-0.00118990776715766,-0.000163053807787265,0.0143264832940355
3007.73188333398,-0.000240695275831958,-0.00103395286237453,6.28127074358027e-05,0.0120810618620996,-6.18814026146356e-06,-0.00118167467510525,-0.000160810719528231,0.0142278050171868
3028.59095034155,-0.000237456162139603,-0.00102635694839048,6.20110206709619e-05,0.0119974385613855,-6.1085496740836e-06,-0.00117349904179379,-0.000158598551041974,0.0141298064858252
3049.59467807464,-0.000234259772654471,-0.00101882285549306,6.12187174301275e-05,0.0119143995302965,-6.02990825278347e-06,-0.00116538045667534,-0.000156416874490876,0.0140324830166425
3070.74406977686,-0.000231105567064396,-0.00101134997067792,6.04357119233297e-05,0.0118319405812694,-5.95220677272298e-06,-0.00115731851231133,-0.000154265267998797,0.0139358299585992
3092.04013564946,-0.000227993011265588,-0.00100393768874648,5.96619184125039e-05,0.0117500575586955,-5.87543603613219e-06,-0.00114931280434607,-0.000152143315566981,0.0138398426927031
3113.48389289956,-0.000224921577308387,-0.000996585412187058,5.88972512396171e-05,0.011668746338644,-5.79958687449024e-06,-0.00114136293148055,-0.000150050606991187,0.0137445166317884
3135.07636578881,-0.00022189074334298,-0.000989292551057818,5.81416248536872e-05,0.011588002828589,-5.72465015061088e-06,-0.0011334684954465,-0.000147986737779998,0.0136498472202971
3156.8185856822,-0.00021889999356513,-0.000982058522871653,5.73949538367416e-05,0.0115078229671388,-5.65061676063791e-06,-0.00112562910098065,-0.000145951309074316,0.0135558299340617
3178.71159109747,-0.000215948818161902,-0.000974882752482832,5.66571529287325e-05,0.0114282027237682,-5.57747763595288e-06,-0.00111784435579933,-0.000143943927568006,0.0134624602800891
3200.75642775457,-0.000213036713257435,-0.00096776467197551,5.59281370514504e-05,0.0113491380985536,-5.50522374499792e-06,-0.00111011387057325,-0.000141964205429682,0.0133697337963465
3222.9541486257,-0.000210163180858746,-0.000960703720553978,5.52078213314554e-05,0.0112706251219102,-5.43384609501598e-06,-0.00110243725890259,-0.000140011760225611,0.0132776460515477
3245.30581398558,-0.000207327728801609,-0.000953699344434706,5.44961211220646e-05,0.0111926598543328,-5.36333573371131e-06,-0.00109481413729226,-0.000138086214843738,0.0131861926449424
3267.81249146208,-0.000204529870696506,-0.000946750996740082,5.37929520244142e-05,0.0111152383861381,-5.29368375083216e-06,-0.00108724412512751,-0.000136187197418778,0.0130953692061056
3290.47525608724,-0.000201769125874671,-0.000939858137393892,5.30982299076328e-05,0.0110383568372107,-5.22488127967865e-06,-0.00107972684464969,-0.000134314341258404,0.0130051713947288
3313.29519034861,-0.00019904501933424,-0.000933020233018445,5.24118709281436e-05,0.0109620113567507,-5.15691949853738e-06,-0.00107226192093227,-0.000132467284770476,0.0129155949004133
3336.27338424092,-0.000196357081686527,-0.00092623675683339,5.17337915481298e-05,0.0108861981230248,-5.0897896320458e-06,-0.00106484898185714,-0.000130645671391326,0.0128266354424637
3359.41093531822,-0.000193704849102425,-0.000919507188556129,5.10639085531805e-05,0.0108109133431189,-5.0234829524878e-06,-0.00105748765809108,-0.000128849149515058,0.0127382887696837
3382.70894874623,-0.00019108786325896,-0.00091283101430387,5.04021390691501e-05,0.0107361532526938,-4.95799078102331e-06,-0.00105017758306254,-0.000127077372423872,0.0126505506601734
3406.16853735517,-0.000188505671286001,-0.000906207726497237,4.9748400578246e-05,0.0106619141157435,-4.89330448885331e-06,-0.00104291839293854,-0.000125329998219371,0.0125634169211267
3429.7908216929,-0.00018595782571314,-0.000899636823765461,4.91026109343778e-05,0.0105881922243553,-4.82941549832303e-06,-0.00103570972660193,-0.000123606689754867,0.0124768833886321
3453.57693007845,-0.000183443884416752,-0.000893117810853084,4.8464688377781e-05,0.0105149838984729,-4.76631528396447e-06,-0.00102855122562874,-0.000121907114568638,0.0123909459274728
3477.5279986559,-0.000180963410567249,-0.0008866501985282,4.78345515489455e-05,0.0104422854856614,-4.70399537348091e-06,-0.00102144253426585,-0.000120230944818155,0.0123056004309298
3501.64517144866,-0.000178515972576536,-0.000880233503492172,4.72121195018662e-05,0.0103700933608753,-4.64244734867481e-06,-0.00101438329940884,-0.000118577857215236,0.0122208428205851
3525.92960041413,-0.000176101144045676,-0.00087386724829081,4.65973117166363e-05,0.0102984039262279,-4.58166284632098e-06,-0.00100737317058005,-0.000116947532962131,0.0121366690461273
3550.38244549867,-0.000173718503712782,-0.000867550961227017,4.5990048111408e-05,0.0102272136107636,-4.52163355898706e-06,-0.00100041179990688,-0.000115339657688524,0.0120530750851576
3575.00487469309,-0.000171367635401132,-0.000861284176274826,4.53902490537346e-05,0.0101565188702328,-4.4623512358025e-06,-0.000993498842100261,-0.000113753921389426,0.0119700569429977
3599.79806408833,-0.000169048127967533,-0.000855066432994868,4.4797835371319e-05,0.0100863161868679,-4.40380768317849e-06,-0.000986633954433391,-0.000112190018363958,0.0118876106524992
3624.76319793175,-0.000166759575250921,-0.000848897276451189,4.42127283621832e-05,0.0100166020691629,-4.34599476547947e-06,-0.000979816796720626,-0.000110647647155007,0.0118057322738533
3649.9014686836,-0.000164501576021225,-0.000842776257129459,4.36348498042813e-05,0.00994737305165395,-4.28890440564889e-06,-0.00097304703129661,-0.000109126510489745,0.0117244178944031
3675.21407707406,-0.000162273733928492,-0.000836702930856473,4.30641219645687e-05,0.00987862569470297,-4.23252858578975e-06,-0.000966324322995585,-0.000107626315220987,0.0116436636284559
3700.7022321605,-0.000160075657452278,-0.000830676858721015,4.25004676075508e-05,0.009810356584283,-4.17685934770228e-06,-0.000959648339130924,-0.000106146772269394,0.0115634656170982
3726.36715138533,-0.000157906959851319,-0.000824697606995975,4.1943810003323e-05,0.00974256233176563,-4.1218887933795e-06,-0.000953018749474833,-0.000104687596566493,0.0114838200280105
3752.21006063407,-0.000155767259113488,-0.00081876474706177,4.13940729351229e-05,0.00967523957371081,-4.06760908546271e-06,-0.000946435226238287,-0.00010324850699851,0.0114047230552846
3778.23219429398,-0.000153656177906031,-0.000812877855330991,4.08511807064061e-05,0.00960838497165836,-4.01401244765768e-06,-0.000939897444051115,-0.000101829226351003,0.0113261709192412
3804.43479531291,-0.000151573343526114,-0.000807036513174319,4.03150581474666e-05,0.00954199521192191,-3.96109116511346e-06,-0.000933405079942319,-0.000100429481254281,0.0112481598662493
3830.81911525882,-0.000149518387851655,-0.000801240306847614,3.97856306216116e-05,0.00947606700538448,-3.90883758476469e-06,-0.000926957813320547,-9.90490021295986e-05,0.011170686168547
3857.3864143794,-0.000147490947292474,-0.000795488827420238,3.92628240309097e-05,0.00941059708729648,-3.85724411563887e-06,-0.000920555325954787,-9.76875231361191e-05,0.0110937461240628
3884.13796166242,-0.000145490662741741,-0.000789781670704518,3.87465648215249e-05,0.0093455822170752,-3.80630322912979e-06,-0.000914197301955208,-9.63447821186245e-05,0.0110173360562386
3911.07503489621,-0.000143517179527759,-0.000784118437186399,3.82367799886498e-05,0.00928101917810678,-3.75600745923833e-06,-0.000907883427754221,-9.50205205559762e-05,0.0109414523138544
3938.19892073078,-0.000141570147366043,-0.000778498731957206,3.7733397081054e-05,0.00921690477754961,-3.70634940278173e-06,-0.00090161339208769,-9.37144835103e-05,0.0108660912708529
3965.51091473924,-0.000139649220311744,-0.000772922164646548,3.72363442052583e-05,0.00915323584614008,-3.65732171957259e-06,-0.000895386885976355,-9.24264195768986e-05,0.0107912493261666
3993.0123214797,-0.000137754056712387,-0.000767388349356304,3.67455500293486e-05,0.00909000923799986,-3.60891713256853e-06,-0.000889203602707388,-9.11560808348691e-05,0.0107169229035454
4020.70445455755,-0.00013588431916095,-0.000761896904595714,3.62609437864438e-05,0.00902722183044533,-3.56112842799379e-06,-0.000883063237816175,-8.99032227984265e-05,0.0106431084513857
4048.58863668828,-0.000134039674449267,-0.000756447453217511,3.57824552778251e-05,0.00896487052379858,-3.51394845543354e-06,-0.000876965489068221,-8.86676043689116e-05,0.0105698024425601
4076.66619976054,-0.000132219793521783,-0.000751039622355129,3.53100148757447e-05,0.00890295224120059,-3.4673701279022e-06,-0.000870910056441272,-8.74489877874852e-05,0.0104970013742493
4104.93848489989,-0.000130424351429637,-0.000745673043360913,3.48435535259196e-05,0.00884146392842576,-3.42138642188653e-06,-0.000864896642107566,-8.62471385884862e-05,0.0104247017677741
4133.40684253274,-0.000128653027285095,-0.000740347351745374,3.43830027497263e-05,0.00878040255369871,-3.37599037736456e-06,-0.000858924950416281,-8.50618255534565e-05,0.010352900168429
4162.07263245095,-0.000126905504216329,-0.000735062187117411,3.39282946461034e-05,0.00871976510751238,-3.33117509780119e-06,-0.000852994687876128,-8.38928206658114e-05,0.0102815931453171
4190.93722387671,-0.000125181469322545,-0.000729817193125541,3.34793618931761e-05,0.0086595486024483,-3.28693375012154e-06,-0.000847105563138127,-8.27398990661566e-05,0.010210777291186
4220.00199552799,-0.000123480613629456,-0.000724612017400075,3.30361377496092e-05,0.00859975007299818,-3.24325956466256e-06,-0.00084125728697852,-8.16028390082321e-05,0.0101404492222648
4249.26833568435,-0.000121802632045113,-0.000719446311496256,3.25985560557025e-05,0.00854036657538757,-3.20014583510431e-06,-0.000835449572281872,-8.04814218154856e-05,0.0100706055781021
4278.73764225332,-0.000120147223316089,-0.000714319730838318,3.21665512342339e-05,0.00848139518740085,-3.15758591838105e-06,-0.000829682134024299,-7.93754318382531e-05,0.0100012430214053
4308.41132283705,-0.000118514089984017,-0.000709231934664479,3.17400582910645e-05,0.00842283300820828,-3.11557323457361e-06,-0.000823954689256888,-7.82846564115512e-05,0.00993235823788087
4338.2907947997,-0.000116902938342483,-0.000704182585972816,3.13190128155091e-05,0.00836467715819423,-3.0741012667832e-06,-0.000818266957089234,-7.72088858134604e-05,0.00986394793607598
4368.37748533501,-0.000115313478394285,-0.000699171351468049,3.09033509804872e-05,0.00830692477878752,-3.03316356098797e-06,-0.000812618658673162,-7.61479132241013e-05,0.00979600884722093
4398.67283153455,-0.000113745423809039,-0.000694197901509178,3.04930095424563e-05,0.00824957303229291,-2.99275372588253e-06,-0.000807009517186574,-7.51015346851852e-05,0.0097285377250727
4429.17828045629,-0.000112198491881157,-0.000689261910057995,3.0087925841143e-05,0.00819261910172462,-2.95286543270165e-06,-0.000801439257817472,-7.40695490601405e-05,0.00966153134575977
4459.89528919383,-0.000110672403488177,-0.000684363054628427,2.96880377990732e-05,0.00813606019064098,-2.91349241502826e-06,-0.000795907607748099,-7.30517579947974e-05,0.00959498650762775
4490.82532494586,-0.000109166883049456,-0.000679501016236715,2.92932839209142e-05,0.00807989352298102,-2.874628468587e-06,-0.000790414296139251,-7.20479658786318e-05,0.00952890003108635
4521.96986508636,-0.000107681658485228,-0.000674675479352404,2.89036032926333e-05,0.0080241163429023,-2.83626745102348e-06,-0.000784959054114718,-7.10579798065515e-05,0.0094632687584571
4553.33039723509,-0.000106216461176021,-0.000669886131850147,2.85189355804834e-05,0.00796872591462053,-2.79840328167021e-06,-0.000779541614745883,-7.00816095412249e-05,0.00939808955382243
4584.90841932869,-0.000104771025922435,-0.000665132664962272,2.81392210298172e-05,0.00791371952225035,-2.7610299412995e-06,-0.000774161713036436,-6.91186674759378e-05,0.00933335930287548
4616.7054396922,-0.000103345090905283,-0.000660414773232157,2.77644004637446e-05,0.00785909446964798,-2.7241414718643e-06,-0.000768819085907263,-6.81689685979764e-05,0.00926907491277129
4648.72297711114,-0.000101938397646095,-0.000655732154468334,2.73944152816328e-05,0.00780484808025498,-2.68773197622712e-06,-0.000763513472181437,-6.7232330452523e-05,0.0092052333119786
4680.96256090399,-0.000100550690967985,-0.000651084509699371,2.70292074574609e-05,0.00775097769694375,-2.65179561787798e-06,-0.000758244612569379,-6.63085731070637e-05,0.0091418314501331
4713.42573099534,-9.91817189568693e-05,-0.000646471543129463,2.66687195380311e-05,0.00769748068186425,-2.61632662064158e-06,-0.000753012249654125,-6.53975191162939e-05,0.00907886629789134
4746.11403798933,-9.78312329230624e-05,-0.000641892962094774,2.6312894641047e-05,0.00764435441629226,-2.5813192683745e-06,-0.000747816127876749,-6.44989934875207e-05,0.0090163348467859
4779.02904324382,-9.64989873632168e-05,-0.000637348477020465,2.5961676453061e-05,0.00759159630047898,-2.54676790465265e-06,-0.000742655993521898,-6.36128236465491e-05,0.00895423410908134
4812.17231894485,-9.51847399226339e-05,-0.000632837801378442,2.56150092272989e-05,0.00753920375350208,-2.51266693244976e-06,-0.000737531594703483,-6.27388394040521e-05,0.0088925611176314
4845.54544818188,-9.38882513579265e-05,-0.000628360651645773,2.52728377813668e-05,0.00748717421311803,-2.47901081380709e-06,-0.00073244268135047,-6.18768729224087e-05,0.00883131292573688
4879.1500250233,-9.26092855000431e-05,-0.000623916747263794,2.49351074948447e-05,0.00743550513561582,-2.44579406949499e-06,-0.000727389005192818,-6.10267586830127e-05,0.00877048660700473
4912.98765459257,-9.13476092176491e-05,-0.000619505810597881,2.46017643067741e-05,0.00738419399567214,-2.41301127866674e-06,-0.000722370319747548,-6.01883334540393e-05,0.00871007925520811
4947.05995314498,-9.01029923808613e-05,-0.000615127566897855,2.42727547130426e-05,0.00733323828620759,-2.38065707850499e-06,-0.000717386380304908,-5.93614362586631e-05,0.00865008798414719
4981.36854814472,-8.8875207825341e-05,-0.000610781744259055,2.39480257636716e-05,0.00728263551824459,-2.34872616386134e-06,-0.000712436943914702,-5.85459083437255e-05,0.00859050992751121
5015.91507834275,-8.76640313167369e-05,-0.000606468073584015,2.36275250600113e-05,0.00723238322076618,-2.31721328688934e-06,-0.000707521769372704,-5.77415931488394e-05,0.00853134223874121
5050.70119385496,-8.6469241515485e-05,-0.000602186288544789,2.33112007518483e-05,0.00718247894057647,-2.28611325667147e-06,-0.00070264061720722,-5.69483362759303e-05,0.00847258209089398
5085.72855624109,-8.52906199419538e-05,-0.000597936125545854,2.29990015344292e-05,0.00713292024216204,-2.25542093884012e-06,-0.000697793249665749,-5.61659854592021e-05,0.00841422667650667
5120.998838584,-8.41279509419467e-05,-0.000593717323687642,2.26908766454065e-05,0.00708370470755485,-2.22513125519354e-06,-0.000692979430701784,-5.53943905355272e-05,0.00835627320746259
5156.51372556965,-8.2981021652544e-05,-0.000589529624730633,2.23867758617075e-05,0.00703482993619617,-2.19523918330631e-06,-0.000688198925961707,-5.46334034152496e-05,0.00829871891485771
5192.27491356752,-8.18496219683002e-05,-0.000585372773060052,2.20866494963344e-05,0.00698629354480194,-2.16573975613546e-06,-0.000683451502771818,-5.38828780533998e-05,0.0082415610488683
5228.28411071172,-8.07335445077787e-05,-0.000581246515651105,2.17904483950965e-05,0.00693809316722911,-2.13662806162193e-06,-0.000678736930125465,-5.31426704213107e-05,0.00818479687861925
5264.54303698245,-7.96325845804367e-05,-0.000577150602034807,2.14981239332795e-05,0.00689022645434344,-2.10789924228815e-06,-0.000674054978670302,-5.24126384786346e-05,0.00812842369205355
5301.0534242883,-7.85465401538459e-05,-0.000573084784264325,2.12096280122556e-05,0.00684269107388821,-2.07954849483172e-06,-0.000669405420695641,-5.16926421457487e-05,0.00807243879580238
5337.81701654885,-7.74752118212584e-05,-0.000569048816881888,2.09249130560372e-05,0.00679548471035439,-2.05157106971563e-06,-0.000664788030119933,-5.09825432765513e-05,0.00801683951505643
5374.83556977805,-7.64184027695063e-05,-0.000565042456886208,2.06439320077786e-05,0.00674860506485164,-2.02396227075535e-06,-0.000660202582478341,-5.02822056316349e-05,0.00796162319343777
5412.11085216805,-7.53759187472418e-05,-0.000561065463700435,2.03666383262286e-05,0.00670204985498078,-1.99671745470291e-06,-0.00065564885491044,-4.95914948518392e-05,0.00790678719287292
5449.64464417369,-7.43475680335072e-05,-0.000557117599140612,2.00929859821366e-05,0.00665581681470715,-1.96983203082837e-06,-0.000651126626148005,-4.89102784321706e-05,0.00785232889346648
5487.43873859751,-7.33331614066423e-05,-0.000553198627384643,1.98229294546168e-05,0.00660990369423523,-1.94330146049888e-06,-0.000646635676502925,-4.82384256960896e-05,0.00779824569337594
5525.49494067543,-7.23325121135171e-05,-0.000549308314941748,1.95564237274711e-05,0.00656430825988428,-1.91712125675552e-06,-0.000642175787855201,-4.75758077701564e-05,0.00774453500868711
5563.81506816292,-7.13454358390988e-05,-0.000545446430622412,1.9293424285477e-05,0.00651902829396517,-1.89128698388835e-06,-0.000637746743641067,-4.69222975590324e-05,0.00769119427329056
5602.40095142188,-7.03717506763385e-05,-0.000541612745508797,1.90338871106393e-05,0.00647406159465816,-1.86579425700959e-06,-0.0006333483288412,-4.627776972083e-05,0.0076382209387588
5641.254433508,-6.94112770963892e-05,-0.000537807032925642,1.87777686784116e-05,0.00642940597589192,-1.84063874162548e-06,-0.000628980329969042,-4.56421006428092e-05,0.00758561247422447
5680.37737025889,-6.84638379191392e-05,-0.000534029068411604,1.85250259538886e-05,0.00638505926722344,-1.81581615320675e-06,-0.000624642535059212,-4.50151684174112e-05,0.00753336636625913
5719.77163038263,-6.75292582840721e-05,-0.000530278629691073,1.82756163879719e-05,0.00634101931371915,-1.79132225675814e-06,-0.000620334733656029,-4.43968528186304e-05,0.00748148011875316
5759.43909554709,-6.66073656214382e-05,-0.000526555496646407,1.80294979135115e-05,0.00629728397583692,-1.76715286638693e-06,-0.000616056716802122,-4.37870352787132e-05,0.00742995125279622
5799.38166046975,-6.56979896237478e-05,-0.000522859451290633,1.77866289414267e-05,0.00625385112930924,-1.74330384487095e-06,-0.00061180827702715,-4.31855988651856e-05,0.00737877730655881
5839.60123300829,-6.48009622175716e-05,-0.000519190277740547,1.75469683568064e-05,0.00621071866502726,-1.71977110322594e-06,-0.000607589208336602,-4.25924282581988e-05,0.00732795583517433
5880.09973425162,-6.39161175356587e-05,-0.000515547762190267,1.73104755149932e-05,0.006167884488926,-1.69655060027272e-06,-0.000603399306200714,-4.20074097281939e-05,0.00727748441062233
5920.87909861173,-6.30432918893572e-05,-0.000511931692885173,1.70771102376511e-05,0.00612534652187039,-1.6736383422041e-06,-0.000599238367543457,-4.14304311138758e-05,0.00722736062161215
5961.94127391598,-6.21823237413466e-05,-0.000508341860096279,1.68468328088221e-05,0.00608310269954245,-1.65103038215191e-06,-0.000595106190731638,-4.08613818004977e-05,0.00717758207346779
6003.28822150028,-6.13330536786706e-05,-0.000504778056094984,1.66196039709692e-05,0.00604115097232927,-1.62872281975408e-06,-0.000591002575564079,-4.03001526984453e-05,0.00712814638801316
6044.92191630263,-6.04953243860744e-05,-0.000501240075128236,1.63953849210122e-05,0.00599948930521216,-1.60671180072216e-06,-0.000586927323260905,-3.9746636222123e-05,0.00707905120345849
6086.84434695757,-5.96689806196393e-05,-0.000497727713394063,1.61741373063543e-05,0.00595811567765653,-1.58499351640921e-06,-0.000582880236452893,-3.92007262691323e-05,0.00703029417428721
6129.05751589107,-5.88538691807175e-05,-0.00049424076901751,1.59558232209048e-05,0.00591702808350291,-1.56356420337833e-06,-0.000578861119170949,-3.86623181997425e-05,0.0069818729711439
6171.56343941625,-5.80498388901575e-05,-0.000490779042026919,1.57404052010955e-05,0.00587622453085874,-1.54242014297185e-06,-0.00057486977683564,-3.81313088166458e-05,0.00693378528072274
6214.36414782964,-5.72567405628269e-05,-0.000487342334330603,1.55278462218964e-05,0.00583570304199125,-1.52155766088154e-06,-0.000570906016246833,-3.76075963449974e-05,0.00688602880565698
6257.46168550822,-5.64744269824197e-05,-0.000483930449693861,1.53181096928293e-05,0.00579546165322104,-1.50097312671958e-06,-0.000566969645573415,-3.70910804127303e-05,0.00683860126440891
6300.85811100697,-5.5702752876557e-05,-0.000480543193716365,1.51111594539828e-05,0.0057554984148168,-1.48066295359082e-06,-0.0005630604743431,-3.65816620311482e-05,0.0067915003911609
6344.55549715731,-5.49415748921676e-05,-0.000477180373809875,1.49069597720283e-05,0.00571581139089069,-1.46062359766609e-06,-0.000559178313432317,-3.60792435757859e-05,0.00674472393570686
6388.55593116599,-5.41907515711556e-05,-0.000473841799176319,1.470547533624e-05,0.00567639865929487,-1.44085155775693e-06,-0.000555322975056193,-3.55837287675385e-05,0.00669826966334476
6432.86151471492,-5.34501433263447e-05,-0.000470527280786186,1.45066712545192e-05,0.00563725831151859,-1.42134337489169e-06,-0.000551494272758603,-3.50950226540516e-05,0.00665213535476961
6477.47436406142,-5.27196124177044e-05,-0.000467236631357271,1.43105130494247e-05,0.00559838845258644,-1.40209563189314e-06,-0.000547692021402323,-3.4613031591373e-05,0.00660631880596744
6522.39661013943,-5.1999022928847e-05,-0.000463969665333729,1.41169666542095e-05,0.00555978720095726,-1.38310495295768e-06,-0.00054391603715924,-3.41376632258572e-05,0.00656081782810976
6567.63039866118,-5.12882407438025e-05,-0.000460726198865457,1.39259984088672e-05,0.00552145268842401,-1.36436800323626e-06,-0.00054016613750067,-3.36688264763245e-05,0.00651563024744899
6613.17789021977,-5.05871335240598e-05,-0.000457506049787783,1.37375750561859e-05,0.00548338306001439,-1.34588148841706e-06,-0.000536442141187732,-3.32064315164665e-05,0.00647075390521439
6659.0412603923,-4.98955706858795e-05,-0.000454309037601474,1.35516637378141e-05,0.00544557647389242,-1.32764215431005e-06,-0.000532743868261821,-3.27503897574975e-05,0.00642618665750893
6705.22269984387,-4.92134233778696e-05,-0.00045113498345303,1.33682319903369e-05,0.00540803110126064,-1.30964678643344e-06,-0.00052907114003514,-3.2300613831047e-05,0.00638192637520662
6751.7244144321,-4.85405644588271e-05,-0.000447983710115293,1.31872477413654e-05,0.00537074512626338,-1.29189220960222e-06,-0.000525423779081329,-3.18570175722905e-05,0.00633797094385079
6798.54862531261,-4.78768684758381e-05,-0.000444855041968339,1.30086793056384e-05,0.00533371674589061,-1.27437528751866e-06,-0.000521801609226158,-3.14195160033144e-05,0.00629431826355292
6845.69756904508,-4.72222116426376e-05,-0.000441748804980656,1.28324953811395e-05,0.00529694416988269,-1.25709292236504e-06,-0.0005182044555383,-3.09880253167128e-05,0.00625096624889221
6893.17349769999,-4.6576471818226e-05,-0.000438664826690611,1.26586650452283e-05,0.00526042562063595,-1.24004205439863e-06,-0.000514632144320181,-3.05624628594126e-05,0.00620791282881588
6940.97867896634,-4.59395284857364e-05,-0.000435602936188191,1.24871577507876e-05,0.00522415933310895,-1.22321966154876e-06,-0.0005110845030989,-3.01427471167226e-05,0.00616515594654007
6989.11539625983,-4.53112627315569e-05,-0.000432562964097017,1.23179433223877e-05,0.00518814355472958,-1.20662275901639e-06,-0.000507561360617232,-2.97287976966056e-05,0.00612269355945154
7037.58594883204,-4.46915572246978e-05,-0.000429544742556622,1.21509919524676e-05,0.00515237654530291,-1.19024839887596e-06,-0.000504062546824692,-2.93205353141675e-05,0.00608052363900993
7086.39265188015,-4.40802961964083e-05,-0.000426548105205003,1.19862741975342e-05,0.00511685657691983,-1.17409366967973e-06,-0.000500587892868683,-2.89178817763641e-05,0.00603864417065082
7135.53783665763,-4.34773654200344e-05,-0.000423572887161423,1.18237609743806e-05,0.00508158193386631,-1.15815569606449e-06,-0.000497137231085706,-2.85207599669181e-05,0.00599705315368928
7185.02385058548,-4.28826521911212e-05,-0.000420618925009467,1.16634235563233e-05,0.00504655091253366,-1.14243163836092e-06,-0.000493710394992648,-2.81290938314478e-05,0.00595574860122434
7234.85305736446,-4.2296045307751e-05,-0.000417686056780354,1.15052335694597e-05,0.0050117618213292,-1.12691869220536e-06,-0.000490307219278139,-2.77428083628003e-05,0.00591472854004384
7285.02783708791,-4.17174350511218e-05,-0.000414774121936494,1.13491629889458e-05,0.00497721298058796,-1.11161408815435e-06,-0.000486927539793977,-2.73618295865906e-05,0.00587399101053018
7335.55058635552,-4.11467131663564e-05,-0.000411882961355279,1.11951841352955e-05,0.00494290272248489,-1.09651509130162e-06,-0.00048357119354662,-2.69860845469393e-05,0.0058335340665665
7386.42371838768,-4.05837728435472e-05,-0.000409012417313122,1.10432696707003e-05,0.00490882939094791,-1.08161900089793e-06,-0.000480238018688755,-2.66155012924106e-05,0.00579335577544376
7437.64966314091,-4.00285086990273e-05,-0.00040616233346972,1.08933925953726e-05,0.00487499134157154,-1.06692314997345e-06,-0.000476927854510921,-2.6250008862143e-05,0.00575345421776817
7489.23086742376,-3.94808167568721e-05,-0.000403332554852554,1.07455262439102e-05,0.00484138694153144,-1.05242490496302e-06,-0.000473640541433216,-2.58895372721754e-05,0.00571382748736954
7541.16979501382,-3.8940594430623e-05,-0.000400522927841608,1.05996442816845e-05,0.00480801456949938,-1.03812166533401e-06,-0.00047037592099705,-2.55340175019599e-05,0.00567447369121003
7593.46892677528,-3.84077405052362e-05,-0.000397733300154319,1.04557207012516e-05,0.00477487261555911,-1.02401086321714e-06,-0.000467133835856989,-2.5183381481065e-05,0.00563539094929373
7646.13076077758,-3.78821551192499e-05,-0.000394963520830727,1.03137298187872e-05,0.0047419594811228,-1.01008996303996e-06,-0.000463914129772635,-2.48375620760598e-05,0.00559657739457664
7699.15781241454,-3.73637397471716e-05,-0.000392213440218864,1.01736462705457e-05,0.00470927357884819,-9.96356461163248e-07,-0.0004607166476006,-2.44964930775837e-05,0.00555803117287754
7752.55261452471,-3.68523971820787e-05,-0.000389482909960329,1.00354450093436e-05,0.00467681333255638,-9.82807885520218e-07,-0.000457541235286516,-2.41601091875926e-05,0.00551975044278919
7806.31771751215,-3.63480315184355e-05,-0.000386771782976087,9.89910130106789e-06,0.00464457717715034,-9.69441795258626e-07,-0.000454387739857135,-2.38283460067836e-05,0.00548173337559043
7860.45568946846,-3.5850548135119e-05,-0.000384079913452463,9.76459072120842e-06,0.00461256355853398,-9.56255780385724e-07,-0.000451256009412467,-2.35011400221937e-05,0.00544397815515861
7914.96911629522,-3.53598536786556e-05,-0.000381407156827339,9.63188915141714e-06,0.00458077093353198,-9.43247461416153e-07,-0.000448145893118001,-2.317842859497e-05,0.00540648297788282
7969.86060182773,-3.48758560466627e-05,-0.000378753369776544,9.50097277609133e-06,0.00454919776981012,-9.30414489022705e-07,-0.00044505724119697,-2.28601499483103e-05,0.00536924605257766
8025.13276795918,-3.43984643714972e-05,-0.000376118410200444,9.37181807898366e-06,0.00451784254579642,-9.17754543690062e-07,-0.000441989904922693,-2.25462431555704e-05,0.00533226560039758
8080.78825476607,-3.3927589004104e-05,-0.000373502137210714,9.24440183983747e-06,0.00448670375060274,-9.05265335371399e-07,-0.000438943736610961,-2.22366481285354e-05,0.00529553985475181
8136.82972063413,-3.3463141498067e-05,-0.000370904411117301,9.11870113104871e-06,0.00445577988394713,-8.92944603148003e-07,-0.000435918589612501,-2.1931305605856e-05,0.00525906706121997
8193.25984238548,-3.30050345938556e-05,-0.00036832509341557,8.99469331435379e-06,0.00442506945607671,-8.80790114891778e-07,-0.000432914318305481,-2.16301571416418e-05,0.00522284547746806
8250.08131540631,-3.25531822032702e-05,-0.000365764046773631,8.87235603754438e-06,0.00439457098769123,-8.68799666930743e-07,-0.000429930778088089,-2.13331450942155e-05,0.00518687337316532
8307.29685377578,-3.21074993940777e-05,-0.000363221135019839,8.75166723120825e-06,0.00436428300986715,-8.56971083717461e-07,-0.000426967825371156,-2.10402126150209e-05,0.00515114902990136
8364.90919039556,-3.16679023748424e-05,-0.000360696223130478,8.63260510549751e-06,0.00433420406398246,-8.45302217500471e-07,-0.000424025317570853,-2.0751303637686e-05,0.0051156707411041
8422.92107712043,-3.12343084799428e-05,-0.000358189177217603,8.51514814692306e-06,0.0043043327016419,-8.33790947998615e-07,-0.000421103113101427,-2.04663628672362e-05,0.00508043681195812
8481.33528488963,-3.08066361547792e-05,-0.000355699864517066,8.39927511517673e-06,0.00427466748460298,-8.22435182078412e-07,-0.000418201071368012,-2.01853357694584e-05,0.00504544555932368
8540.15460385936,-3.03848049411636e-05,-0.000353228153376688,8.2849650399797e-06,0.00424520698470237,-8.11232853434318e-07,-0.000415319052759478,-1.99081685604108e-05,0.00501069531165619
8599.38184353586,-2.9968735462895e-05,-0.000350773913244621,8.17219721795875e-06,0.0042159497837831,-8.00181922272007e-07,-0.000412456918641353,-1.96348081960796e-05,0.0049761844089264
8659.01983290984,-2.95583494115142e-05,-0.00034833701465784,8.0609512095491e-06,0.0041868944736221,-7.8928037499457e-07,-0.00040961453134878,-1.93652023621771e-05,0.0049419112025409
8719.07142059136,-2.91535695322395e-05,-0.000345917329230816,7.95120683592507e-06,0.00415803965585847,-7.78526223891704e-07,-0.000406791754179555,-1.90992994640827e-05,0.00490787405526345
8779.53947494611,-2.87543196100778e-05,-0.000343514729644333,7.84294417595739e-06,0.00412938394192225,-7.67917506831822e-07,-0.000403988451387188,-1.88370486169219e-05,0.00487407134113659
8840.42688423224,-2.83605244561122e-05,-0.000341129089634461,7.73614356319842e-06,0.00410092595296375,-7.5745228695714e-07,-0.000401204488174047,-1.85783996357835e-05,0.004840501445404
8901.73655673848,-2.79721098939616e-05,-0.000338760283981671,7.63078558289402e-06,0.00407266431978341,-7.47128652381667e-07,-0.00039843973068453,-1.83233030260713e-05,0.00480716276443324
8963.47142092288,-2.75890027464125e-05,-0.000336408188500115,7.52685106902345e-06,0.00404459768276231,-7.36944715892176e-07,-0.000395694045998313,-1.80717099739902e-05,0.00477405370563914
9025.63442555289,-2.72111308222189e-05,-0.000334072680027029,7.42432110136589e-06,0.00401672469179303,-7.26898614652049e-07,-0.000392967302123626,-1.78235723371632e-05,0.0047411726874076
9088.228539846,-2.68384229030708e-05,-0.000331753636412295,7.32317700259481e-06,0.00398904400621126,-7.16988509908092e-07,-0.000390259367990603,-1.75788426353787e-05,0.0047085181390201
9151.25675361174,-2.64708087307266e-05,-0.000329450936508134,7.22340033539903e-06,0.00396155429472778,-7.07212586700194e-07,-0.000387570113444666,-1.73374740414652e-05,0.00467608850057846
9214.72207739435,-2.61082189943101e-05,-0.000327164460158945,7.12497289963169e-06,0.00393425423536104,-6.97569053573969e-07,-0.000384899409239973,-1.70994203722933e-05,0.00464388222293041
9278.6275426167,-2.57505853177683e-05,-0.000324894088191266,7.02787672948567e-06,0.00390714251537028,-6.88056142296183e-07,-0.000382247127032901,-1.68646360799007e-05,0.00461189776759545
9342.97620172496,-2.53978402474897e-05,-0.000322639702403889,6.93209409069677e-06,0.00388021783118909,-6.78672107573161e-07,-0.0003796131393756,-1.66330762427413e-05,0.00458013360669136
9407.77112833456,-2.50499172400789e-05,-0.000320401185558079,6.83760747777342e-06,0.00385347888835954,-6.69415226771966e-07,-0.000376997319709572,-1.64046965570539e-05,0.00454858822286111
9473.0154173768,-2.47067506502892e-05,-0.000318178421367952,6.74439961125391e-06,0.00382692440146685,-6.60283799644508e-07,-0.000374399542359321,-1.6179453328352e-05,0.00451726010920037
9538.71218524687,-2.43682757191077e-05,-0.000315971294490953,6.65245343499005e-06,0.00380055309407447,-6.51276148054425e-07,-0.000371819682526034,-1.59573034630293e-05,0.0044861477691855
9604.86456995261,-2.40344285619932e-05,-0.000313779690518477,6.56175211345798e-06,0.00377436369865971,-6.42390615706836e-07,-0.000369257616281325,-1.57382044600828e-05,0.00445524971660192
9671.47573126437,-2.37051461572659e-05,-0.000311603495966606,6.4722790290958e-06,0.00374835495654989,-6.33625567880901e-07,-0.000366713220561013,-1.55221144029494e-05,0.0044245644754732
9738.54885086602,-2.33803663346432e-05,-0.000309442598266963,6.38401777966744e-06,0.00372252561785895,-6.24979391165134e-07,-0.000364186373158956,-1.53089919514559e-05,0.00439409057999038
9806.08713250685,-2.30600277639255e-05,-0.000307296885757696,6.29695217565368e-06,0.00369687444142452,-6.16450493195566e-07,-0.000361676952720933,-1.50987963338796e-05,0.00436382657444202
9874.09380215466,-2.2744069943825e-05,-0.000305166247674563,6.21106623766901e-06,0.00367140019474551,-6.08037302396611e-07,-0.000359184838738562,-1.48914873391192e-05,0.00433377101314451
9942.57210814976,-2.24324331909398e-05,-0.000303050574142148,6.12634419390548e-06,0.00364610165392022,-5.99738267724737e-07,-0.000356709911543278,-1.46870253089738e-05,0.00430392246037309
10011.5253213603,-2.21250586288681e-05,-0.000300949756165178,6.04277047760209e-06,0.00362097760358476,-5.91551858414819e-07,-0.000354252052300344,-1.44853711305278e-05,0.00427427949029309
10080.9567353381,-2.18218881774644e-05,-0.000298863685619961,5.96032972454093e-06,0.00359602683685217,-5.8347656372927e-07,-0.000351811143002916,-1.42864862286426e-05,0.0042448406868919
10150.8696664767,-2.15228645422323e-05,-0.000296792255245922,5.8790067705688e-06,0.00357124815525176,-5.75510892709808e-07,-0.000349387066466149,-1.409033255855e-05,0.00421560464391119
10221.267454169,-2.12279312038563e-05,-0.000294735358637262,5.79878664914503e-06,0.00354664036866914,-5.67653373931969e-07,-0.000346979706321348,-1.38968725985497e-05,0.0041865699647798
10292.1534609671,-2.09370324078665e-05,-0.000292692890234703,5.71965458891475e-06,0.00352220229528655,-5.59902555262243e-07,-0.000344588947010161,-1.37060693428066e-05,0.00415773526254685
10363.5310727429,-2.06501131544386e-05,-0.000290664745317361,5.64159601130798e-06,0.00349793276152366,-5.52257003617889e-07,-0.000342214673778822,-1.35178862942478e-05,0.0041290991598156
10435.4036988501,-2.03671191883249e-05,-0.0002886508199947,5.56459652816387e-06,0.00347383060197893,-5.44715304729353e-07,-0.000339856772672428,-1.33322874575579e-05,0.00410066028867751
10507.7747722864,-2.00879969889163e-05,-0.000286651011198602,5.48864193938057e-06,0.00344989465937124,-5.37276062905333e-07,-0.000337515130529271,-1.3149237332271e-05,0.0040724172906469
10580.647749858,-1.98126937604322e-05,-0.000284665216675526,5.41371823058986e-06,0.00342612378448213,-5.29937900800402e-07,-0.000335189634975197,-1.29687009059574e-05,0.00404436881659602
10654.0261123446,-1.95411574222389e-05,-0.000282693334978774,5.33981157085714e-06,0.00340251683609836,-5.2269945918525e-07,-0.000332880174418023,-1.27906436475056e-05,0.00401651352669056
10727.9133646656,-1.9273336599292e-05,-0.000280735265460845,5.26690831040587e-06,0.00337907268095497,-5.15559396719435e-07,-0.000330586638041985,-1.2615031500496e-05,0.00398885009032562
10802.3130360475,-1.90091806127049e-05,-0.000278790908265891,5.19499497836705e-06,0.00335579019367871,-5.08516389726719e-07,-0.000328308915802233,-1.24418308766664e-05,0.00396137718606213
10877.2286801926,-1.87486394704381e-05,-0.000276860164322259,5.12405828055286e-06,0.00333266825673196,-5.01569131972884e-07,-0.000326046898419362,-1.22710086494678e-05,0.00393409350156363
10952.6638754485,-1.84916638581109e-05,-0.000274942935335135,5.05408509725498e-06,0.00330970576035702,-4.94716334446083e-07,-0.000323800477373992,-1.21025321477092e-05,0.00390699773353367
11028.6222249794,-1.8238205129932e-05,-0.000273039123779262,4.98506248106671e-06,0.00328690160252086,-4.87956725139634e-07,-0.000321569544901381,-1.19363691492895e-05,0.00388008858765337
11105.1073569377,-1.79882152997486e-05,-0.000271148632891767,4.91697765472952e-06,0.00326425468886026,-4.81289048837317e-07,-0.00031935399398608,-1.17724878750171e-05,0.00385336477851969
11182.1229246378,-1.77416470322124e-05,-0.000269271366665059,4.84981800900304e-06,0.00324176393262732,-4.74712066901071e-07,-0.000317153718356628,-1.16108569825133e-05,0.00382682502958393
11259.6726067303,-1.74984536340604e-05,-0.000267407229839824,4.78357110055901e-06,0.00321942825463551,-4.68224557061147e-07,-0.000314968612480292,-1.14514455602011e-05,0.00380046807309076
11337.7601073777,-1.72585890455101e-05,-0.000265556127898094,4.71822464989849e-06,0.00319724658320594,-4.6182531320863e-07,-0.000312798571557831,-1.1294223121376e-05,0.00377429265001756
11416.3891564316,-1.70220078317668e-05,-0.000263717967056413,4.65376653929263e-06,0.00317521785411423,-4.55513145190377e-07,-0.000310643491518321,-1.11391595983595e-05,0.00374829751001436
11495.5635096105,-1.67886651746416e-05,-0.000261892654259076,4.5901848107463e-06,0.00315334101053756,-4.4928687860628e-07,-0.000308503269013996,-1.09862253367322e-05,0.00372248141134398
11575.2869486794,-1.65585168642807e-05,-0.000260080097171449,4.52746766398493e-06,0.00313161500300234,-4.43145354608904e-07,-0.000306377801415145,-1.08353910896474e-05,0.00369684312082275
11655.5632816306,-1.63315192910007e-05,-0.000258280204173372,4.46560345446393e-06,0.00311003878933209,-4.37087429705418e-07,-0.000304266986805031,-1.06866280122225e-05,0.00367138141376156
11736.3963428651,-1.6107629437233e-05,-0.000256492884352642,4.40458069140086e-06,0.00308861133459581,-4.31111975561846e-07,-0.000302170723974866,-1.05399076560083e-05,0.00364609507390732
11817.7899933763,-1.58868048695721e-05,-0.000254718047498565,4.34438803582982e-06,0.00306733161105666,-4.25217878809581e-07,-0.000300088912418803,-1.03952019635338e-05,0.00362098289338485
11899.7481209338,-1.56690037309301e-05,-0.000252955604095596,4.28501429867837e-06,0.00304619859812114,-4.19404040854186e-07,-0.000298021452328983,-1.02524832629272e-05,0.00359604367263915
11982.2746402699,-1.54541847327924e-05,-0.000251205465317043,4.22644843886611e-06,0.00302521128228849,-4.13669377686394e-07,-0.000295968244590601,-1.01117242626101e-05,0.00357127622037807
12065.3734932659,-1.52423071475764e-05,-0.000249467543018854,4.16867956142552e-06,0.0030043686571006,-4.08012819695371e-07,-0.000293929190777031,-9.97289804606606e-06,0.00354667935351541
12149.0486491407,-1.50333308010901e-05,-0.000247741749733465,4.11169691564409e-06,0.00298366972309219,-4.02433311484145e-07,-0.00029190419314496,-9.83597806667955e-06,0.00352225189711431
12233.3041046402,-1.482721606509e-05,-0.000246027998663736,4.05548989322829e-06,0.00296311348774148,-3.96929811687232e-07,-0.00028989315462958,-9.70093814264801e-06,0.00349799268433121
12318.1438842285,-1.46239238499373e-05,-0.000244326203676939,4.00004802648853e-06,0.00294269896542105,-3.9150129279041e-07,-0.000287895978839804,-9.56775245196252e-06,0.00347390055635997
12403.5720402798,-1.44234155973504e-05,-0.000242636279298833,3.94536098654552e-06,0.00292242517734926,-3.86146740952641e-07,-0.000285912570053521,-9.43639552745868e-06,0.0034499743623766
12489.5926532723,-1.42256532732531e-05,-0.000240958140707792,3.89141858155731e-06,0.00290229115154187,-3.80865155830098e-07,-0.000283942833212883,-9.30684225193494e-06,0.00342621295948418
12576.2098319827,-1.40305993607172e-05,-0.000239291703729012,3.83821075496725e-06,0.0028822959227641,-3.75655550402304e-07,-0.000281986673919629,-9.17906785333894e-06,0.00340261521265831
12663.427713683,-1.38382168529978e-05,-0.000237636884828779,3.78572758377236e-06,0.00286243853248302,-3.70516950800333e-07,-0.000280043998430444,-9.05304790001946e-06,0.00337917999469282
12751.2504643373,-1.36484692466617e-05,-0.0002359936011088,3.73395927681224e-06,0.00284271802882031,-3.65448396137083e-07,-0.000278114713652351,-8.92875829604458e-06,0.00335590618614595
12839.6822788018,-1.34613205348048e-05,-0.000234361770300607,3.68289617307795e-06,0.00282313346650532,-3.60448938339576e-07,-0.000276198727138131,-8.80617527658362e-06,0.0033327926752868
12928.7273810244,-1.32767352003607e-05,-0.000232741310760015,3.63252874004105e-06,0.00280368390682854,-3.55517641983278e-07,-0.000274295947081789,-8.68527540335339e-06,0.00330983835804227
13018.3900242466,-1.30946782094971e-05,-0.000231132141461645,3.58284757200234e-06,0.00278436841759532,-3.50653584128416e-07,-0.00027240628231404,-8.56603556012662e-06,0.00328704213794426
13108.6744912069,-1.29151150050997e-05,-0.000229534181993516,3.53384338846034e-06,0.0027651860730801,-3.45855854158274e-07,-0.00027052964229784,-8.44843294830275e-06,0.00326440292607729
13199.5850943454,-1.27380115003422e-05,-0.000227947352551687,3.48550703249895e-06,0.00274613595398072,-3.41123553619441e-07,-0.000268665937123935,-8.33244508253936e-06,0.00324191964102642
13291.1261760091,-1.25633340723418e-05,-0.000226371573934964,3.4378294691947e-06,0.00272721714737332,-3.36455796064008e-07,-0.00026681507750646,-8.21804978644419e-06,0.00321959120882569
13383.3021086605,-1.23910495558986e-05,-0.000224806767539668,3.39080178404274e-06,0.00270842874666742,-3.31851706893662e-07,-0.000264976974778555,-8.10522518832607e-06,0.00319741656290666
13476.1172950852,-1.22211252373176e-05,-0.000223252855354456,3.3444151814019e-06,0.00268976985156133,-3.27310423205703e-07,-0.000263151540888019,-7.99394971700476e-06,0.00317539464404752
13569.576168603,-1.20535288483139e-05,-0.000221709759955202,3.29866098295837e-06,0.00267123956799801,-3.22831093640925e-07,-0.000261338688393001,-7.8842020976784e-06,0.00315352440032251
13663.6831932795,-1.18882285599971e-05,-0.000220177404499934,3.25353062620784e-06,0.00265283700812107,-3.18412878233354e-07,-0.000259538330457709,-7.77596134784772e-06,0.00313180478705156
13758.4428641392,-1.17251929769367e-05,-0.000218655712723832,3.20901566295606e-06,0.00263456129023127,-3.14054948261839e-07,-0.000257750380848165,-7.66920677329673e-06,0.00311023476675045
13853.8597073802,-1.15643911313063e-05,-0.000217144608934264,3.16510775783743e-06,0.00261641153874318,-3.09756486103447e-07,-0.000255974753927978,-7.56391796412834e-06,0.0030888133090812
13949.9382805904,-1.14057924771052e-05,-0.000215644018005899,3.12179868685161e-06,0.00259838688414232,-3.05516685088679e-07,-0.000254211364654158,-7.46007479085511e-06,0.00306753939080286
14046.6831729655,-1.12493668844568e-05,-0.000214153865375855,3.07908033591786e-06,0.0025804864629424,-3.01334749358446e-07,-0.000252460128572953,-7.35765740054326e-06,0.00304641199572257
14144.0990055278,-1.10950846339837e-05,-0.00021267407703891,3.03694469944702e-06,0.00256270941764313,-2.97209893722834e-07,-0.000250720961815721,-7.25664621301036e-06,0.00302543011464707
14242.190431347,-1.09429164112563e-05,-0.000211204579542755,2.99538387893081e-06,0.00254505489668809,-2.93141343521588e-07,-0.000248993781094827,-7.15702191707486e-06,0.00300459274533441
14340.9621357626,-1.07928333013165e-05,-0.000209745299983312,2.95439008154851e-06,0.0025275220544231,-2.89128334486347e-07,-0.000247278503699577,-7.05876546685777e-06,0.00298389889244614
14440.4188366077,-1.06448067832737e-05,-0.000208296166000084,2.91395561879045e-06,0.00251011005105473,-2.85170112604561e-07,-0.00024557504749217,-6.96185807813474e-06,0.00296334756749965
14540.5652844341,-1.04988087249733e-05,-0.000206857105771577,2.87407290509868e-06,0.00249281805260927,-2.81265933985125e-07,-0.000243883330903697,-6.86628122473892e-06,0.00294293778882104
14641.4062627396,-1.03548113777354e-05,-0.000205428048010745,2.83473445652402e-06,0.00247564523089186,-2.77415064725657e-07,-0.000242203272930144,-6.77201663501284e-06,0.00292266858149813
14742.946588196,-1.02127873711649e-05,-0.000204008921960506,2.79593288939994e-06,0.00245859076344601,-2.73616780781447e-07,-0.000240534793128452,-6.67904628830959e-06,0.00290253897733395
14845.1911108798,-1.00727097080298e-05,-0.000202599657389293,2.75766091903245e-06,0.00244165383351336,-2.69870367836034e-07,-0.000238877811612581,-6.58735241154179e-06,0.00288254801480042
14948.1447145032,-9.93455175920844e-06,-0.000201200184586655,2.71991135840653e-06,0.00242483362999376,-2.66175121173401e-07,-0.000237232249049619,-6.4969174757784e-06,0.00286269473899244
15051.8123166476,-9.79828725870385e-06,-0.000199810434358901,2.68267711690819e-06,0.0024081293474056,-2.62530345551761e-07,-0.000235598026655909,-6.40772419288809e-06,0.00284297820158224
15156.1988689989,-9.66389029872516e-06,-0.0001984303380248,2.64595119906266e-06,0.00239154018584652,-2.5893535507894e-07,-0.000233975066193209,-6.31975551222911e-06,0.00282339746077411
15261.3093575835,-9.53133532483419e-06,-0.000197059827411309,2.60972670328806e-06,0.00237506535095426,-2.55389473089303e-07,-0.000232363289964879,-6.23299461738441e-06,0.00280395158125934
15367.1488030065,-9.40059713115744e-06,-0.000195698834849364,2.5739968206646e-06,0.00235870405386793,-2.5189203202225e-07,-0.000230762620812095,-6.14742492294208e-06,0.0027846396341716
15473.7222606918,-9.27165085566162e-06,-0.000194347293169697,2.53875483371909e-06,0.00234245551118947,-2.4844237330221e-07,-0.000229172982110088,-6.06303007131966e-06,0.00276546069704249
15581.0348211234,-9.14447197549292e-06,-0.000193005135698711,2.50399411522468e-06,0.00232631894494546,-2.45039847220182e-07,-0.000227594297764413,-5.97979392963267e-06,0.00274641385375752
15689.0916100885,-9.01903630237811e-06,-0.000191672296254387,2.46970812701541e-06,0.0023102935825491,-2.41683812816734e-07,-0.000226026492207243,-5.89770058660571e-06,0.00272749819451229
15797.8977889225,-8.89531997808772e-06,-0.000190348709142239,2.43589041881578e-06,0.00229437865676258,-2.38373637766512e-07,-0.000224469490393695,-5.81673434952656e-06,0.00270871281576909
15907.4585547554,-8.77329946995949e-06,-0.000189034309151307,2.40253462708482e-06,0.00227857340565967,-2.35108698264184e-07,-0.000222923217798169,-5.73687974124181e-06,0.00269005682021364
16017.7791407599,-8.6529515664823e-06,-0.000187729031550193,2.36963447387473e-06,0.00226287707258856,-2.31888378911844e-07,-0.000221387600410731,-5.65812149719417e-06,0.00267152931671229
16128.8648164017,-8.53425337293879e-06,-0.000186432812083135,2.33718376570381e-06,0.00224728890613496,-2.28712072607836e-07,-0.000219862564733505,-5.58044456250024e-06,0.00265312942026941
16240.720887691,-8.41718230710687e-06,-0.000185145586966124,2.30517639244363e-06,0.00223180816008558,-2.25579180436992e-07,-0.000218348037777106,-5.50383408906877e-06,0.00263485625198511
16353.352697436,-8.30171609501836e-06,-0.000183867292883057,2.27360632622006e-06,0.00221643409339168,-2.22489111562259e-07,-0.000216843947057085,-5.42827543275834e-06,0.00261670893901324
16466.765625498,-8.18783276677518e-06,-0.000182597866981927,2.24246762032837e-06,0.00220116597013306,-2.19441283117718e-07,-0.00021535022059041,-5.35375415057442e-06,0.00259868661451972
16580.9650890484,-8.07551065242094e-06,-0.00018133724687106,2.2117544081618e-06,0.0021860030594822,-2.16435120102946e-07,-0.000213866786891966,-5.28025599790465e-06,0.00258078841764108
16695.9565428276,-7.96472837786864e-06,-0.00018008537061538,2.18146090215386e-06,0.00217094463566871,-2.13470055278747e-07,-0.000212393574971081,-5.20776692579255e-06,0.00256301349344335
16811.7454794054,-7.85546486088252e-06,-0.000178842176732712,2.15158139273384e-06,0.00215598997794399,-2.10545529064189e-07,-0.000210930514328081,-5.13627307824839e-06,0.00254536099288123
16928.3374294433,-7.74769930711432e-06,-0.00017760760419013,2.12211024729577e-06,0.0021411383705462,-2.07660989434987e-07,-0.000209477534950863,-5.06576078959738e-06,0.00252783007275749
17045.737961959,-7.64141120619235e-06,-0.000176381592400331,2.0930419091802e-06,0.00212638910266544,-2.04815891823153e-07,-0.000208034567311496,-4.996216581864e-06,0.00251041989568271
17163.9526845917,-7.53658032786363e-06,-0.000175164081218054,2.06437089666915e-06,0.00211174146840918,-2.02009699017962e-07,-0.000206601542362848,-4.9276271621927e-06,0.00249312963003528
17282.9872438709,-7.43318671818738e-06,-0.000173955010936524,2.03609180199368e-06,0.00209719476676796,-1.99241881068162e-07,-0.000205178391535232,-4.85997942030369e-06,0.0024759584499216
17402.8473254854,-7.33121069578017e-06,-0.000172754322283938,2.00819929035419e-06,0.00208274830158132,-1.96511915185456e-07,-0.000203765046733086,-4.79326042598413e-06,0.00245890553513674
17523.5386545551,-7.23063284811117e-06,-0.000171561956419987,1.98068809895311e-06,0.00206840138150396,-1.93819285649217e-07,-0.000202361440331657,-4.72745742661343e-06,0.00244197007112514
17645.0669959044,-7.13143402784766e-06,-0.000170377854932404,1.95355303604008e-06,0.0020541533199722,-1.91163483712428e-07,-0.000200967505173736,-4.66255784472301e-06,0.00242515124894175
17767.4381543379,-7.03359534924932e-06,-0.000169201959833551,1.92678897996915e-06,0.00204000343517059,-1.88544007508835e-07,-0.000199583174566389,-4.59854927558919e-06,0.00240844826521338
17890.6579749169,-6.93709818461142e-06,-0.00016803421355704,1.9003908782682e-06,0.00202595104999883,-1.85960361961295e-07,-0.000198208382277731,-4.53541948485962e-06,0.0023918603221003
18014.7323432395,-6.84192416075561e-06,-0.000166874558954383,1.87435374672012e-06,0.0020119954920389,-1.83412058691304e-07,-0.000196843062533713,-4.47315640621199e-06,0.00237538662725812
18139.667185721,-6.74805515556832e-06,-0.000165722939291674,1.84867266845592e-06,0.00199813609352243,-1.808986159297e-07,-0.000195487150014938,-4.41174813904526e-06,0.00235902639379998
18265.4684698776,-6.65547329458538e-06,-0.000164579298246309,1.82334279305934e-06,0.00198437219129828,-1.78419558428506e-07,-0.000194140579853487,-4.35118294620235e-06,0.00234277884025888
18392.1422046107,-6.56416094762315e-06,-0.000163443579903727,1.79835933568303e-06,0.00197070312680039,-1.75974417373933e-07,-0.00019280328762979,-4.29144925172442e-06,0.00232664319055042
18519.6944404947,-6.47410072545458e-06,-0.000162315728754193,1.77371757617608e-06,0.00195712824601583,-1.73562730300485e-07,-0.000191475209369493,-4.23253563863582e-06,0.00231061867393566
18648.1312700654,-6.38527547653055e-06,-0.000161195689689604,1.74941285822277e-06,0.0019436468994531,-1.71184041006199e-07,-0.000190156281540371,-4.1744308467597e-06,0.00229470452498435
18777.4588281112,-6.29766828374508e-06,-0.000160083408000328,1.7254405884924e-06,0.00193025844211061,-1.68837899468968e-07,-0.000188846441049243,-4.11712377056345e-06,0.00227889998353833
18907.6832919665,-6.21126246124435e-06,-0.000158978829372072,1.7017962358001e-06,0.00191696223344546,-1.66523861763959e-07,-0.000187545625238923,-4.06060345703398e-06,0.00226320429467519
19038.810881806,-6.12604155127885e-06,-0.000157881899882781,1.67847533027847e-06,0.00190375763734236,-1.64241489982101e-07,-0.000186253771885187,-4.00485910358208e-06,0.00224761670867229
19170.8478609426,-6.04198932109773e-06,-0.000156792565999565,1.65547346255989e-06,0.00189064402208281,-1.61990352149628e-07,-0.000184970819193763,-3.94988005597563e-06,0.00223213648097083
19303.8005361258,-5.95908975988551e-06,-0.000155710774575653,1.63278628296943e-06,0.00187762076031454,-1.59770022148677e-07,-0.000183696705797337,-3.89565580630132e-06,0.00221676287214039
19437.6752578439,-5.8773270757397e-06,-0.000154636472847381,1.61040950072817e-06,0.00186468722902108,-1.57580079638912e-07,-0.00018243137075259,-3.84217599095421e-06,0.00220149514784349
19572.4784206263,-5.79668569268965e-06,-0.000153569608431199,1.58833888316693e-06,0.00185184280949162,-1.55420109980175e-07,-0.000181174753537245,-3.78943038865515e-06,0.00218633257880062
19708.2164633496,-5.71715024775533e-06,-0.000152510129320716,1.56657025495001e-06,0.001839086887291,-1.53289704156139e-07,-0.000179926794047145,-3.73740891849531e-06,0.00217127444075531
19844.8958695448,-5.63870558804619e-06,-0.000151457983883765,1.54509949730921e-06,0.00182641885223007,-1.51188458698965e-07,-0.000178687432593348,-3.68610163800768e-06,0.00215632001443957
19982.5231677076,-5.56133676789889e-06,-0.000150413120859497,1.52392254728763e-06,0.00181383809833604,-1.49115975614935e-07,-0.000177456609899234,-3.63549874126503e-06,0.00214146858553954
20121.1049316092,-5.48502904605407e-06,-0.000149375489355504,1.50303539699341e-06,0.00180134402382327,-1.47071862311066e-07,-0.000176234267097649,-3.58559055700409e-06,0.00212671944466132
20260.6477806113,-5.40976788287095e-06,-0.000148345038844964,1.48243409286307e-06,0.00178893603106403,-1.45055731522673e-07,-0.000175020345728054,-3.53636754677543e-06,0.00211207188729712
20401.1583799816,-5.33553893757997e-06,-0.000147321719163816,1.46211473493455e-06,0.00177661352655973,-1.43067201241888e-07,-0.000173814787733706,-3.48782030311891e-06,0.0020975252137916
20542.6434412127,-5.26232806557222e-06,-0.00014630548050796,1.44207347612962e-06,0.00176437592091211,-1.4110589464711e-07,-0.000172617535458846,-3.43993954776402e-06,0.0020830787293084
20685.1097223421,-5.19012131572588e-06,-0.000145296273430481,1.42230652154569e-06,0.00175222262879477,-1.39171440033389e-07,-0.000171428531645923,-3.39271612985523e-06,0.00206873174379702
20828.5640282755,-5.11890492776858e-06,-0.000144294048838898,1.40281012775689e-06,0.00174015306892489,-1.37263470743704e-07,-0.000170247719432819,-3.34614102420143e-06,0.00205448357195977
20973.0132111114,-5.04866532967568e-06,-0.000143298757992442,1.3835806021242e-06,0.00172816666403511,-1.35381625101167e-07,-0.000169075042350114,-3.30020532954973e-06,0.00204033353321912
21118.464170469,-4.97938913510356e-06,-0.000142310352499349,1.36461430211462e-06,0.00171626284084565,-1.33525546342095e-07,-0.000167910444318349,-3.25490026688275e-06,0.00202628095168509
21264.923853817,-4.91106314085791e-06,-0.000141328784314195,1.34590763462931e-06,0.00170444103003658,-1.31694882549978e-07,-0.000166753869645326,-3.21021717773953e-06,0.00201232515612306
21412.3992568061,-4.84367432439603e-06,-0.000140354005735229,1.3274570553404e-06,0.00169270066622031,-1.29889286590304e-07,-0.000165605263023419,-3.16614752255927e-06,0.00199846547992161
21560.8974236026,-4.77720984136324e-06,-0.000139385969401758,1.30925906803659e-06,0.00168104118791433,-1.2810841604625e-07,-0.000164464569526902,-3.12268287904819e-06,0.00198470126106076
21710.4254472254,-4.71165702316245e-06,-0.000138424628291533,1.29131022397724e-06,0.00166946203751401,-1.26351933155211e-07,-0.000163331734609302,-3.07981494056841e-06,0.00197103184208025
21860.9904698845,-4.64700337455685e-06,-0.000137469935718173,1.27360712125499e-06,0.00165796266126574,-1.24619504746172e-07,-0.000162206704100764,-3.0375355145494e-06,0.00195745657004823
22012.599683322,-4.58323657130487e-06,-0.000136521845328598,1.25614640416672e-06,0.00164654250924015,-1.22910802177902e-07,-0.00016108942420544,-2.99583652092091e-06,0.00194397479653
22165.260329156,-4.52034445782747e-06,-0.000135580311100504,1.23892476259275e-06,0.00163520103530557,-1.21225501277967e-07,-0.000159979841498897,-2.95470999056775e-06,0.00193058587755706
22318.9796992262,-4.4583150449068e-06,-0.000134645287339837,1.22193893138423e-06,0.00162393769710167,-1.19563282282539e-07,-0.000158877902925534,-2.91414806380551e-06,0.00191728917359633
22473.7651359423,-4.39713650741632e-06,-0.000133716728678312,1.20518568975856e-06,0.00161275195601329,-1.17923829777013e-07,-0.000157783555796028,-2.87414298887753e-06,0.0019040840495196
22629.6240326348,-4.3367971820814e-06,-0.000132794590070934,1.18866186070273e-06,0.00160164327714442,-1.1630683263739e-07,-0.000156696747784794,-2.83468712047223e-06,0.00189096987457323
22786.5638339077,-4.27728556527066e-06,-0.000131878826793556,1.17236431038462e-06,0.00159061112929241,-1.14711983972459e-07,-0.000155617426927461,-2.79577291826113e-06,0.00187794602234794
22944.592035995,-4.21859031081693e-06,-0.000130969394440447,1.15628994757191e-06,0.00157965498492235,-1.13138981066721e-07,-0.000154545541618366,-2.75739294545665e-06,0.00186501187074895
23103.7161871177,-4.16070022786808e-06,-0.000130066248921893,1.14043572305877e-06,0.0015687743201416,-1.1158752532408e-07,-0.00015348104060807,-2.71953986739003e-06,0.00185216680196626
23263.9438878451,-4.10360427876674e-06,-0.000129169346461805,1.12479862910003e-06,0.00155796861467453,-1.10057322212278e-07,-0.000152423873000886,-2.68220645010853e-06,0.00183941020244506
23425.2827914574,-4.04729157695908e-06,-0.000128278643595359,1.10937569885287e-06,0.00154723735183743,-1.08548081208066e-07,-0.000151373988252428,-2.64538555899213e-06,0.00182674146285654
23587.7406043117,-3.99175138493168e-06,-0.00012739409716665,1.09416400582579e-06,0.00153658001851361,-1.07059515743095e-07,-0.000150331336167174,-2.60907015738907e-06,0.00181415997806867
23751.3250862094,-3.93697311217677e-06,-0.000126515664326372,1.07916066333503e-06,0.00152599610512862,-1.05591343150539e-07,-0.000149295866896051,-2.57325330527029e-06,0.00180166514711736
23916.0440507678,-3.88294631318471e-06,-0.00012564330252951,1.06436282396795e-06,0.00151548510562573,-1.04143284612412e-07,-0.000148267530934028,-2.53792815790221e-06,0.00178925637317773
24081.9053657923,-3.82966068546409e-06,-0.00012477696953306,1.04976767905369e-06,0.00150504651744151,-1.02715065107587e-07,-0.000147246279117742,-2.5030879645379e-06,0.00177693306353557
24248.9169536531,-3.77710606758847e-06,-0.000123916623393763,1.03537245814074e-06,0.00149467984148162,-1.01306413360515e-07,-0.000146232062623118,-2.46872606712612e-06,0.0017646946295591
24417.0867916629,-3.72527243726984e-06,-0.000123062222465861,1.02117442848145e-06,0.00148438458209676,-9.99170617906122e-08,-0.000145224832963028,-2.43483589903818e-06,0.00175254048667077
24586.4229124585,-3.67414990945808e-06,-0.00012221372539887,1.00717089452337e-06,0.00147416024705875,-9.85467464623282e-08,-0.000144224541984952,-2.40141098381223e-06,0.00174047005431937
24756.933404384,-3.62372873446649e-06,-0.000121371091135377,9.93359197407332e-07,0.00146400634753689,-9.71952070358757e-08,-0.000143231141868661,-2.36844493391489e-06,0.00172848275595231
24928.6264118777,-3.57399929612249e-06,-0.000120534278908846,9.79736714472144e-07,0.00145392239807434,-9.58621867186146e-08,-0.000142244585123913,-2.33593144951979e-06,0.00171657801898806
25101.5101358603,-3.52495210994375e-06,-0.000119703248241456,9.66300858765935e-07,0.00144390791656477,-9.45474322170865e-08,-0.000141264824588173,-2.303864317303e-06,0.00170475527478878
25275.5928341276,-3.47657782133893e-06,-0.000118877958941943,9.53049078563908e-07,0.00143396242422916,-9.32506936896831e-08,-0.000140291813424336,-2.27223740925494e-06,0.0016930139586332
25450.882821744,-3.428867203833e-06,-0.000118058371103472,9.39978856892545e-07,0.00142408544559267,-9.19717246999506e-08,-0.000139325505118479,-2.24104468150866e-06,0.00168135350968961
25627.3884714405,-3.38181115731657e-06,-0.00011724444510152,9.27087711060089e-07,0.00141427650846185,-9.07102821705106e-08,-0.000138365853477618,-2.21028017318417e-06,0.00166977337098905
25805.1182140139,-3.3354007063192e-06,-0.000116436141591778,9.14373192193323e-07,0.00140453514390182,-8.94661263376013e-08,-0.000137412812627491,-2.17993800524876e-06,0.00165827298939878
25984.08053873,-3.289626998306e-06,-0.000115633421508075,9.01832884780444e-07,0.00139486088621373,-8.82390207062195e-08,-0.000136466337010348,-2.15001237939279e-06,0.00164685181559576
26164.2839937291,-3.24448130199756e-06,-0.00011483624606031,8.89464406220061e-07,0.00138525327291234,-8.70287320058652e-08,-0.000135526381382757,-2.12049757692112e-06,0.00163550930404048
26345.7371864336,-3.19995500571275e-06,-0.000114044576732412,8.77265406376199e-07,0.00137571184470376,-8.58350301468762e-08,-0.000134592900813436,-2.09138795765971e-06,0.00162424491295087
26528.4487839603,-3.15603961573388e-06,-0.00011325837528031,8.65233567139176e-07,0.00136623614546335,-8.46576881773427e-08,-0.000133665850681084,-2.06267795887714e-06,0.00161305810427642
26712.4275135331,-3.11272675469435e-06,-0.000112477603729923,8.53366601992397e-07,0.00135682572221378,-8.34964822406034e-08,-0.000132745186672237,-2.03436209422114e-06,0.00160194834367249
26897.6821629011,-3.07000815998805e-06,-0.000111702224375162,8.4166225558486e-07,0.00134748012510319,-8.23511915333027e-08,-0.000131830864779143,-2.00643495266951e-06,0.00159091510047475
27084.2215807571,-3.02787568220059e-06,-0.000110932199775957,8.30118303309415e-07,0.00133819890738361,-8.12215982640152e-08,-0.000130922841297638,-1.97889119749571e-06,0.00157995784767388
27272.0546771616,-2.98632128356169e-06,-0.00011016749275629,8.18732550886595e-07,0.00132898162538941,-8.01074876124184e-08,-0.00013002107282505,-1.95172556524839e-06,0.00156907606189036
27461.1904239671,-2.94533703641886e-06,-0.000109408066402257,8.07502833954052e-07,0.00131982783851602,-7.9008647689016e-08,-0.000129125516258112,-1.92493286474518e-06,0.00155826922334949
27651.6378552475,-2.90491512173167e-06,-0.000108653884060129,7.96427017661413e-07,0.00131073710919867,-7.79248694953958e-08,-0.000128236128790888,-1.89850797608011e-06,0.00154753681585652
27843.4060677294,-2.86504782758665e-06,-0.000107904909334446,7.85502996270617e-07,0.00130170900289141,-7.68559468850247e-08,-0.00012735286791272,-1.87244584964486e-06,0.00153687832677204
28036.5042212264,-2.82572754773236e-06,-0.000107161106086115,7.74728692761518e-07,0.00129274308804617,-7.58016765245637e-08,-0.00012647569140618,-1.84674150516322e-06,0.00152629324698748
28230.9415390768,-2.78694678013447e-06,-0.000106422438430529,7.64102058442825e-07,0.00128383893609203,-7.47618578557064e-08,-0.000125604557345042,-1.8213900307391e-06,0.00151578107090075
28426.7273085842,-2.74869812555042e-06,-0.000105688870735701,7.53621072568177e-07,0.00127499612141461,-7.37362930575236e-08,-0.000124739424092273,-1.79638658191734e-06,0.00150534129639216
28623.8708814609,-2.71097428612368e-06,-0.000104960367620409,7.43283741957426e-07,0.00126621422133561,-7.27247870093185e-08,-0.000123880250298025,-1.77172638075763e-06,0.00149497342480035
28822.3816742749,-2.67376806399692e-06,-0.00010423689395236,7.33088100622905e-07,0.00125749281609247,-7.17271472539744e-08,-0.000123026994897654,-1.74740471492104e-06,0.00148467696089854
29022.2691688993,-2.63707235994435e-06,-0.000103518414846371,7.23032209400782e-07,0.00124883148881826,-7.07431839617997e-08,-0.000122179617109744,-1.72341693676913e-06,0.00147445141287084
29223.5429129655,-2.60088017202243e-06,-0.000102804895662558,7.13114155587268e-07,0.00124022982552154,-6.97727098948528e-08,-0.000121338076434149,-1.69975846247546e-06,0.00146429629228876
29426.2125203191,-2.56518459423924e-06,-0.000102096302004546,7.03332052579773e-07,0.00123168741506657,-6.88155403717509e-08,-0.00012050233265005,-1.67642477114928e-06,0.00145421111408787
29630.2876714792,-2.52997881524175e-06,-0.000101392599717689,6.93684039522803e-07,0.00122320384915347,-6.78714932329469e-08,-0.000119672345814018,-1.65341140397126e-06,0.00144419539654465
29835.7781141006,-2.49525611702117e-06,-0.000100693754887307,6.84168280958655e-07,0.00121477872229867,-6.69403888064773e-08,-0.000118848076258102,-1.63071396334109e-06,0.00143424866125346
30042.6936634399,-2.46100987363579e-06,-9.99997338369361e-05,6.74782966482759e-07,0.00120641163181537,-6.6022049874166e-08,-0.00011802948458792,-1.60832811203682e-06,0.0014243704331037
30251.0442028234,-2.42723354995141e-06,-9.93105031265943e-05,6.65526310403666e-07,0.00119810217779422,-6.51163016382859e-08,-0.000117216531680769,-1.58624957238569e-06,0.00141456024025711
30460.8396841202,-2.39392070039879e-06,-9.86260295510567e-05,6.56396551407575e-07,0.00118984996308412,-6.42229716886659e-08,-0.000116409178683745,-1.56447412544643e-06,0.00140481761412522
30672.0901282168,-2.36106496774816e-06,-9.79462801381503e-05,6.47391952227398e-07,0.00118165459327313,-6.33418899702437e-08,-0.00011560738701188,-1.54299761020272e-06,0.00139514208934697
30884.8056254963,-2.32866008190032e-06,-9.72712221470581e-05,6.38510799316212e-07,0.0011735156766695,-6.24728887510509e-08,-0.000114811118346288,-1.52181592276775e-06,0.0013855332037665
31098.9963363199,-2.29669985869444e-06,-9.66008230666395e-05,6.29751402525165e-07,0.00116543282428291,-6.16158025906335e-08,-0.000114020334632326,-1.50092501559974e-06,0.00137599049841106
31314.6724915125,-2.26517819873183e-06,-9.5935050613761e-05,6.21112094785636e-07,0.00115740564980576,-6.07704683088932e-08,-0.000113234998077769,-1.48032089672822e-06,0.00136651351746906
31531.8443928511,-2.23408908621608e-06,-9.52738727316444e-05,6.12591231795733e-07,0.00114943376959463,-5.99367249553516e-08,-0.000112455071150991,-1.45999962899088e-06,0.00135710180826834
31750.5224135575,-2.20342658780871e-06,-9.46172575882229e-05,6.04187191710949e-07,0.00114151680265182,-5.91144137788269e-08,-0.000111680516579171,-1.43995732928099e-06,0.00134775492125454
31970.7169987928,-2.17318485150073e-06,-9.39651735745156e-05,5.95898374839024e-07,0.00113365437060711,-5.8303378197519e-08,-0.000110911297346497,-1.42019016780514e-06,0.00133847240996957
32192.4386661572,-2.14335810549935e-06,-9.33175893030101e-05,5.87723203338865e-07,0.00112584609769958,-5.75034637694979e-08,-0.000110147376692397,-1.40069436735109e-06,0.00132925383103037
32415.6980061919,-2.11394065713007e-06,-9.26744736060614e-05,5.79660120923562e-07,0.00111809161075956,-5.67145181635909e-08,-0.000109388718109768,-1.38146620256583e-06,0.00132009874410765
32640.5056828852,-2.08492689175362e-06,-9.20357955343008e-05,5.71707592567359e-07,0.00111039053919069,-5.59363911306601e-08,-0.000108635285343229,-1.36250199924336e-06,0.00131100671190492
32866.8724341813,-2.05631127169779e-06,-9.14015243550598e-05,5.63864104216606e-07,0.0011027425149522,-5.51689344752705e-08,-0.00010788704238738,-1.34379813362249e-06,0.00130197730013756
33094.8090724944,-2.02808833520374e-06,-9.07716295508036e-05,5.56128162504569e-07,0.00109514717254119,-5.44120020277363e-08,-0.000107143953485075,-1.32535103169403e-06,0.00129301007751208
33324.3264852235,-2.00025269538681e-06,-9.01460808175797e-05,5.48498294470111e-07,0.0010876041489751,-5.36654496165486e-08,-0.000106405983125705,-1.30715716851775e-06,0.00128410461570553
33555.4356352742,-1.97279903921139e-06,-8.9524848063476e-05,5.40973047280133e-07,0.00108011308377431,-5.29291350411713e-08,-0.000105673096043497,-1.28921306754846e-06,0.00127526048934505
33788.1475615808,-1.94572212647994e-06,-8.89079014070934e-05,5.33550987955795e-07,0.0010726736189448,-5.22029180452079e-08,-0.000104945257215823,-1.27151529997161e-06,0.00126647727598753
34022.4733796346,-1.9190167888356e-06,-8.82952111760278e-05,5.26230703102373e-07,0.00106528539896103,-5.14866602899269e-08,-0.000104222431861514,-1.25406048404781e-06,0.00125775455609941
34258.4242820144,-1.89267792877869e-06,-8.76867479053669e-05,5.19010798642814e-07,0.00105794807074882,-5.07802253281483e-08,-0.0001035045854392,-1.23684528446644e-06,0.0012490919130367
34496.0115389212,-1.86670051869639e-06,-8.70824823361952e-05,5.11889899554841e-07,0.00105066128366846,-5.00834785784803e-08,-0.00010279168364565,-1.21986641170816e-06,0.00124048893302502
34735.2464987164,-1.84107959990584e-06,-8.64823854141142e-05,5.04866649611634e-07,0.00104342468949786,-4.93962872999057e-08,-0.000102083692414124,-1.20312062141611e-06,0.00123194520513989
34976.1405884643,-1.81581028171025e-06,-8.58864282877709e-05,4.97939711125982e-07,0.00103623794241585,-4.871852056671e-08,-0.000101380577912743,-1.18660471377581e-06,0.00122346032128703
35218.7053144771,-1.79088774046788e-06,-8.52945823074004e-05,4.91107764697922e-07,0.0010291006989856,-4.80500492437514e-08,-0.000100682306542868,-1.17031553290352e-06,0.00121503387618293
35462.9522628655,-1.76630721867376e-06,-8.47068190233768e-05,4.84369508965743e-07,0.00102201261813811,-4.73907459620613e-08,-9.99888449374834e-05,-1.15424996624306e-06,0.00120666546733546
35708.8931000911,-1.74206402405404e-06,-8.41231101847794e-05,4.777236603604e-07,0.00101497336115593,-4.67404850947782e-08,-9.93001599596034e-05,-1.13840494397086e-06,0.00119835469502465
35956.5395735246,-1.7181535286725e-06,-8.35434277379648e-05,4.7116895286319e-07,0.00100798259165683,-4.60991427334049e-08,-9.86162187006787e-05,-1.12277743840921e-06,0.0011901011622836
36205.9035120061,-1.69457116804953e-06,-8.29677438251553e-05,4.64704137766758e-07,0.0010010399755777,-4.54665966643886e-08,-9.79369884790216e-05,-1.10736446344756e-06,0.00118190447487951
36456.9968264106,-1.67131244029294e-06,-8.23960307830337e-05,4.58327983439282e-07,0.000994145181158556,-4.48427263460161e-08,-9.72624368382378e-05,-1.0921630739718e-06,0.00117376424129485
36709.831510217,-1.64837290524074e-06,-8.18282611413513e-05,4.52039275091878e-07,0.000987297878926581,-4.42274128856229e-08,-9.65925315456709e-05,-1.0771703653013e-06,0.00116568007270865
36964.4196400802,-1.62574818361568e-06,-8.12644076215472e-05,4.45836814549139e-07,0.000980497741680369,-4.36205390171117e-08,-9.59272405908581e-05,-1.06238347263377e-06,0.00115765158297798
37220.7733764093,-1.60343395619119e-06,-8.07044431353751e-05,4.39719420022766e-07,0.00097374444447421,-4.30219890787724e-08,-9.52665321839947e-05,-1.04779957049768e-06,0.00114967838861939
37478.9049639467,-1.58142596296891e-06,-8.01483407835443e-05,4.33685925888284e-07,0.000967037664602524,-4.24316489914061e-08,-9.46103747544116e-05,-1.03341587221227e-06,0.00114176010879074
37738.8267323548,-1.5597200023673e-06,-7.95960738543681e-05,4.27735182464744e-07,0.000960377081584381,-4.18494062367419e-08,-9.39587369490611e-05,-1.01922962935487e-06,0.00113389636527289
38000.5510968034,-1.53831193042149e-06,-7.90476158224246e-05,4.21866055797447e-07,0.000953762377148144,-4.12751498361495e-08,-9.33115876310153e-05,-1.00523813123564e-06,0.00112608678245167
38264.0905585636,-1.51719765999387e-06,-7.85029403472261e-05,4.16077427443565e-07,0.000947193235216205,-4.07087703296371e-08,-9.2668895877973e-05,-9.91438704379476e-07,0.00111833098729996
38529.4577056047,-1.49637315999573e-06,-7.79620212719003e-05,4.10368194260698e-07,0.000940669341889839,-4.01501597551365e-08,-9.20306309807791e-05,-9.77828712015021e-07,0.00111062860935985
38796.6652131954,-1.47583445461929e-06,-7.74248326218793e-05,4.04737268198273e-07,0.00093419038543415,-3.95992116280672e-08,-9.13967624419514e-05,-9.64405553570719e-07,0.00110297928072495
39065.7258445091,-1.45557762258039e-06,-7.68913486036014e-05,3.99183576091779e-07,0.000927756056263142,-3.90558209211788e-08,-9.07672599742212e-05,-9.51166664177795e-07,0.00109538263602281
39336.6524512341,-1.4355987963715e-06,-7.63615436032199e-05,3.93706059459773e-07,0.000921366046924862,-3.85198840446654e-08,-9.01420934990802e-05,-9.38109514180014e-07,0.00108783831239748
39609.4579741865,-1.41589416152492e-06,-7.58353921853238e-05,3.88303674303659e-07,0.000915020052086685,-3.79912988265518e-08,-8.95212331453412e-05,-9.25231608650235e-07,0.00108034594949216
39884.1554439296,-1.39645995588602e-06,-7.53128690916666e-05,3.82975390910155e-07,0.000908717768520664,-3.74699644933427e-08,-8.89046492477052e-05,-9.12530486913549e-07,0.001072905189432
40160.7579813948,-1.37729246889657e-06,-7.47939492399067e-05,3.77720193656453e-07,0.000902458895089014,-3.69557816509379e-08,-8.82923123453418e-05,-9.00003722077017e-07,0.001065515676807
40439.2787985098,-1.35838804088765e-06,-7.42786077223545e-05,3.72537080818011e-07,0.000896243132729663,-3.64486522658036e-08,-8.76841931804765e-05,-8.87648920565806e-07,0.00105817705865503
40719.7311988284,-1.33974306238244e-06,-7.37668198047321e-05,3.67425064378958e-07,0.000890070184441941,-3.59484796464008e-08,-8.70802626969902e-05,-8.75463721665766e-07,0.00105088898444499
41002.1285781671,-1.32135397340842e-06,-7.3258560924939e-05,3.62383169845056e-07,0.000883939755272331,-3.54551684248653e-08,-8.64804920390265e-05,-8.63445797072215e-07,0.00104365110606002
41286.4844252437,-1.30321726281898e-06,-7.27538066918309e-05,3.57410436059218e-07,0.000877851552300352,-3.49686245389364e-08,-8.58848525496102e-05,-8.51592850444991e-07,0.00103646307778094
41572.812322323,-1.28532946762441e-06,-7.22525328840037e-05,3.52505915019503e-07,0.000871805284624512,-3.44887552141309e-08,-8.5293315769274e-05,-8.39902616969548e-07,0.00102932455626967
41861.1259458642,-1.26768717233192e-06,-7.175471544859e-05,3.47668671699609e-07,0.000865800663348382,-3.40154689461596e-08,-8.4705853434696e-05,-8.2837286292414e-07,0.00102223520055286
42151.4390671752,-1.25028700829476e-06,-7.12603305000621e-05,3.42897783871766e-07,0.000859837401566743,-3.35486754835819e-08,-8.41224374773454e-05,-8.17001385252896e-07,0.00101519467200561
42443.7655530697,-1.23312565307023e-06,-7.07693543190459e-05,3.38192341932072e-07,0.000853915214351854,-3.30882858106968e-08,-8.35430400221391e-05,-8.05786011144804e-07,0.00100820263433527
42738.1193665299,-1.21619982978647e-06,-7.0281763351142e-05,3.33551448728162e-07,0.000848033818739791,-3.26342121306658e-08,-8.29676333861054e-05,-7.94724597618429e-07,0.00100125875356541
43034.5145673733,-1.19950630651791e-06,-6.97975342057574e-05,3.28974219389243e-07,0.000842192933716907,-3.21863678488651e-08,-8.23961900770599e-05,-7.83815031112388e-07,0.000994362698019843
43332.9653129246,-1.18304189566926e-06,-6.93166436549437e-05,3.24459781158418e-07,0.000836392280206353,-3.17446675564642e-08,-8.18286827922874e-05,-7.73055227081392e-07,0.000987514138306768
43633.4858586911,-1.16680345336798e-06,-6.88390686322467e-05,3.20007273227305e-07,0.000830631581054728,-3.13090270142285e-08,-8.12650844172356e-05,-7.62443129597886e-07,0.000980712747303077
43936.0905590448,-1.15078787886496e-06,-6.83647862315615e-05,3.15615846572877e-07,0.00082491056101879,-3.08793631365399e-08,-8.07053680242159e-05,-7.51976710959116e-07,0.000973958200138695
44240.7938679069,-1.13499211394353e-06,-6.78937737059991e-05,3.11284663796547e-07,0.000819228946752286,-3.04555939756373e-08,-8.0149506871115e-05,-7.41653971299632e-07,0.000967250174181081
44547.6103394389,-1.11941314233643e-06,-6.7426008466759e-05,3.07012898965409e-07,0.000813586466792847,-3.00376387060693e-08,-7.95974744001132e-05,-7.31472938209071e-07,0.000960588349019802
44856.5546287376,-1.10404798915088e-06,-6.69614680820121e-05,3.02799737455668e-07,0.000807982851549002,-2.96254176093596e-08,-7.90492442364141e-05,-7.21431666355235e-07,0.000953972406451246
45167.641492535,-1.0888937203014e-06,-6.650013027579e-05,2.98644375798158e-07,0.000802417833287255,-2.921885205888e-08,-7.85047901869807e-05,-7.1152823711229e-07,0.000947402030463401
45480.8857899031,-1.0739474419505e-06,-6.60419729268847e-05,2.94546021526004e-07,0.00079689114611927,-2.88178645049306e-08,-7.79640862392823e-05,-7.01760758194128e-07,0.000940876907220782
45796.3024829641,-1.05920629995696e-06,-6.5586974067754e-05,2.90503893024311e-07,0.000791402525989136,-2.84223784600207e-08,-7.74271065600482e-05,-6.92127363292713e-07,0.000934396725049418
46113.9066376045,-1.04466747933168e-06,-6.51351118834377e-05,2.86517219381936e-07,0.000785951710660728,-2.80323184843526e-08,-7.68938254940321e-05,-6.82626211721437e-07,0.000927961174421989
46433.713424195,-1.03032820370096e-06,-6.4686364710479e-05,2.82585240245237e-07,0.00078053843970514,-2.76476101715007e-08,-7.63642175627828e-05,-6.73255488063326e-07,0.000921569947943014
46755.7381183149,-1.01618573477722e-06,-6.42407110358566e-05,2.78707205673845e-07,0.000775162454488227,-2.7268180134287e-08,-7.58382574634254e-05,-6.64013401824131e-07,0.000915222740334193
47079.9961014825,-1.00223737183676e-06,-6.3798129495922e-05,2.74882375998369e-07,0.000769823498158212,-2.68939559908478e-08,-7.53159200674494e-05,-6.54898187090131e-07,0.000908919248419805
47406.5028618884,-9.88480451204959e-07,-6.33585988753474e-05,2.71110021680062e-07,0.000764521315633398,-2.65248663508911e-08,-7.47971804195066e-05,-6.45908102190674e-07,0.000902659171112239
47735.2739951367,-9.74912345748217e-07,-6.29220981060787e-05,2.67389423172369e-07,0.000759255653589944,-2.61608408021398e-08,-7.42820137362155e-05,-6.37041429365323e-07,0.000896442209397605
48066.3252049891,-9.61530464373108e-07,-6.24886062662985e-05,2.63719870784381e-07,0.000754026260449748,-2.58018098969612e-08,-7.37703954049764e-05,-6.28296474435599e-07,0.000890268066321457
48399.6723041153,-9.48332251532219e-07,-6.20581025793948e-05,2.60100664546133e-07,0.000748832886368394,-2.54477051391764e-08,-7.32623009827919e-05,-6.19671566481201e-07,0.0008841364469746
48735.331214848,-9.3531518673686e-07,-6.16305664129389e-05,2.56531114075749e-07,0.0007436752832232,-2.50984589710519e-08,-7.27577061950986e-05,-6.1116505752071e-07,0.000878047058479014
49073.317969944,-9.22476784076364e-07,-6.12059772776694e-05,2.53010538448369e-07,0.000738553204601332,-2.47540047604654e-08,-7.22565869346036e-05,-6.0277532219663e-07,0.000871999609973853
49413.6487133493,-9.09814591744053e-07,-6.07843148264849e-05,2.49538266066893e-07,0.000733466405788017,-2.44142767882496e-08,-7.17589192601321e-05,-5.94500757464808e-07,0.000865993812601562
49756.3397009709,-8.97326191569612e-07,-6.03655588534431e-05,2.46113634534458e-07,0.000728414643754818,-2.40792102357056e-08,-7.12646793954808e-05,-5.86339782288064e-07,0.000860029379494071
50101.4073014524,-8.85009198557943e-07,-5.9949689292768e-05,2.42735990528667e-07,0.000723397677148013,-2.37487411722884e-08,-7.07738437282806e-05,-5.78290837334073e-07,0.000854106025759098
50448.8679969571,-8.72861260434267e-07,-5.95366862178637e-05,2.3940468967752e-07,0.000718415266277033,-2.34228065434593e-08,-7.0286388808866e-05,-5.70352384677365e-07,0.000848223468466536
50798.7383839539,-8.60880057195514e-07,-5.91265298403358e-05,2.36119096437041e-07,0.000713467173102997,-2.31013441587038e-08,-6.98022913491536e-05,-5.62522907505437e-07,0.000842381426634945
51151.0351740109,-8.49063300667808e-07,-5.87192005090201e-05,2.32878583970571e-07,0.000708553161227313,-2.27842926797132e-08,-6.93215282215272e-05,-5.54800909828881e-07,0.000836579621218121
51505.7751945938,-8.37408734070045e-07,-5.83146787090175e-05,2.29682534029699e-07,0.000703672995880364,-2.24715916087268e-08,-6.8844076457731e-05,-5.47184916195511e-07,0.000830817775091774
51862.9753898685,-8.25914131583445e-07,-5.79129450607378e-05,2.26530336836824e-07,0.000698826443910281,-2.21631812770341e-08,-6.83699132477713e-05,-5.39673471408409e-07,0.000825095613040293
52222.6528215118,-8.14577297926971e-07,-5.7513980318948e-05,2.23421390969308e-07,0.000694013273771772,-2.18590028336318e-08,-6.7899015938824e-05,-5.32265140247827e-07,0.00081941286174359
52584.8246695256,-8.03396067938613e-07,-5.71177653718297e-05,2.20355103245218e-07,0.000689233255515049,-2.15589982340375e-08,-6.74313620341518e-05,-5.24958507196938e-07,0.000813769249764055
52949.5082330576,-7.92368306162351e-07,-5.67242812400419e-05,2.17330888610607e-07,0.000684486160774819,-2.12631102292545e-08,-6.69669291920266e-05,-5.1775217617132e-07,0.000808164507533583
53316.7209312277,-7.8149190644083e-07,-5.63335090757918e-05,2.14348170028353e-07,0.000679771762759364,-2.09712823548881e-08,-6.65056952246618e-05,-5.10644770252184e-07,0.000802598367340704
53686.4803039601,-7.70764791513567e-07,-5.59454301619111e-05,2.11406378368497e-07,0.000675089836239675,-2.06834589204092e-08,-6.60476380971495e-05,-5.03634931423235e-07,0.000797070563317786
54058.8040128205,-7.60184912620705e-07,-5.55600259109403e-05,2.08504952300084e-07,0.000670440157538688,-2.03995849985659e-08,-6.55927359264073e-05,-4.9672132031118e-07,0.00079158083142835
54433.709841861,-7.49750249112149e-07,-5.51772778642183e-05,2.05643338184467e-07,0.000665822504520567,-2.01196064149372e-08,-6.51409669801304e-05,-4.8990261592976e-07,0.00078612890945444
54811.215698468,-7.39458808062113e-07,-5.47971676909801e-05,2.02820989970086e-07,0.000661236656580092,-1.98434697376326e-08,-6.46923096757528e-05,-4.83177515427337e-07,0.000780714536984117
55191.3396142186,-7.29308623888883e-07,-5.44196771874596e-05,2.0003736908866e-07,0.000656682394632085,-1.95711222671279e-08,-6.42467425794141e-05,-4.76544733837912e-07,0.000775337455399
55574.0997457415,-7.19297757979855e-07,-5.40447882760001e-05,1.97291944352807e-07,0.000652159501100941,-1.93025120262443e-08,-6.38042444049346e-05,-4.70003003835586e-07,0.000769997407861934
55959.5143755845,-7.09424298321649e-07,-5.36724830041701e-05,1.94584191855056e-07,0.00064766775991021,-1.903758775026e-08,-6.33647940127963e-05,-4.63551075492377e-07,0.000764694139304701
56347.6019130871,-6.99686359135346e-07,-5.3302743543887e-05,1.91913594868237e-07,0.000643206956472265,-1.87762988771602e-08,-6.29283704091324e-05,-4.57187716039372e-07,0.000759427396415855
56738.380895261,-6.90082080516671e-07,-5.2935552190545e-05,1.89279643747229e-07,0.000638776877678028,-1.85185955380177e-08,-6.24949527447227e-05,-4.50911709631148e-07,0.000754196927628605
57131.8699876742,-6.8060962808116e-07,-5.25708913621518e-05,1.86681835832052e-07,0.000634377311886781,-1.82644285475062e-08,-6.20645203139961e-05,-4.44721857113446e-07,0.000749002483108817
57528.0879853436,-6.71267192614131e-07,-5.22087435984693e-05,1.84119675352272e-07,0.000630008048916035,-1.80137493945423e-08,-6.16370525540402e-05,-4.38616975794008e-07,0.000743843814743061
57927.053813632,-6.6205298972551e-07,-5.18490915601623e-05,1.81592673332721e-07,0.000625668880031481,-1.77665102330562e-08,-6.12125290436183e-05,-4.3259589921659e-07,0.000738720676126776
58328.7865291527,-6.52965259509329e-07,-5.14919180279517e-05,1.79100347500492e-07,0.000621359597936996,-1.75226638728868e-08,-6.07909295021915e-05,-4.26657476938048e-07,0.000733632822552489
58733.3053206791,-6.44002266207949e-07,-5.11372059017752e-05,1.76642222193217e-07,0.000617079996764737,-1.72821637708032e-08,-6.03722337889496e-05,-4.20800574308515e-07,0.000728580010998137
59140.6295100621,-6.35162297880825e-07,-5.07849381999534e-05,1.74217828268582e-07,0.000612829872065279,-1.70449640216464e-08,-5.99564219018471e-05,-4.15024072254566e-07,0.000723562000115443
59550.7785531519,-6.26443666077862e-07,-5.04350980583618e-05,1.71826703015088e-07,0.00060860902079785,-1.68110193495946e-08,-5.95434739766472e-05,-4.0932686706539e-07,0.000718578550218407
59963.7720407286,-6.17844705517209e-07,-5.00876687296087e-05,1.69468390064021e-07,0.000604417241320604,-1.65802850995451e-08,-5.91333702859707e-05,-4.03707870181868e-07,0.000713629423271839
60379.6296994364,-6.09363773767499e-07,-4.97426335822203e-05,1.67142439302632e-07,0.000600254333380987,-1.63527172286164e-08,-5.87260912383536e-05,-3.98166007988576e-07,0.000708714382880004
60798.3713927276,-6.00999250934409e-07,-4.93999760998292e-05,1.64848406788495e-07,0.00059612009810615,-1.61282722977641e-08,-5.83216173773091e-05,-3.92700221608615e-07,0.000703833194275319
61220.0171218097,-5.9274953935156e-07,-4.90596798803711e-05,1.62585854665043e-07,0.000592014337993444,-1.59069074635131e-08,-5.79199293803979e-05,-3.87309466701287e-07,0.000698985624307148
61644.5870266023,-5.84613063275607e-07,-4.87217286352858e-05,1.60354351078242e-07,0.000587936856900963,-1.56885804698015e-08,-5.75210080583033e-05,-3.8199271326252e-07,0.000694171441430656
62072.1013866976,-5.76588268585547e-07,-4.8386106188725e-05,1.58153470094421e-07,0.000583887460038172,-1.5473249639937e-08,-5.71248343539143e-05,-3.76748945428062e-07,0.000689390415695758
62502.5806223305,-5.68673622486117e-07,-4.80527964767644e-05,1.5598279161921e-07,0.000579865953956585,-1.5260873868662e-08,-5.67313893414131e-05,-3.71577161279348e-07,0.00068464231873613
62936.0452953524,-5.60867613215288e-07,-4.77217835466233e-05,1.53841901317593e-07,0.000575872146540514,-1.50514126143282e-08,-5.63406542253714e-05,-3.6647637265206e-07,0.000679926923758303
63372.5161102152,-5.53168749755733e-07,-4.73930515558876e-05,1.51730390535045e-07,0.000571905846997879,-1.48448258911773e-08,-5.59526103398503e-05,-3.61445604947291e-07,0.000675244005530825
63812.0139149584,-5.45575561550287e-07,-4.70665847717406e-05,1.49647856219758e-07,0.000567966865851086,-1.46410742617278e-08,-5.55672391475086e-05,-3.56483896945323e-07,0.000670593340373516
64254.5597022062,-5.38086598221272e-07,-4.67423675701973e-05,1.47593900845914e-07,0.000564055014927959,-1.44401188292652e-08,-5.51845222387155e-05,-3.51590300621942e-07,0.000665974706146763
64700.1746101695,-5.30700429293706e-07,-4.6420384435346e-05,1.45568132338023e-07,0.00056017010735275,-1.42419212304359e-08,-5.4804441330671e-05,-3.46763880967294e-07,0.000661387882240931
65148.8799236562,-5.23415643922263e-07,-4.61006199585937e-05,1.43570163996276e-07,0.000556311957537191,-1.40464436279405e-08,-5.44269782665309e-05,-3.42003715807209e-07,0.000656832649565806
65600.697075087,-5.16230850622023e-07,-4.5783058837918e-05,1.41599614422937e-07,0.000552480381171626,-1.38536487033291e-08,-5.40521150145395e-05,-3.37308895626998e-07,0.000652308790540148
66055.6476455202,-5.09144677002868e-07,-4.54676858771237e-05,1.39656107449723e-07,0.000548675195216192,-1.36634996498934e-08,-5.36798336671662e-05,-3.32678523397647e-07,0.000647816089081282
66513.7533656814,-5.02155769507559e-07,-4.51544859851055e-05,1.37739272066191e-07,0.000544896217892071,-1.34759601656569e-08,-5.33101164402503e-05,-3.28111714404424e-07,0.000643354330594788
66975.0361170023,-4.95262793153366e-07,-4.48434441751146e-05,1.3584874234909e-07,0.000541143268672789,-1.32909944464604e-08,-5.29429456721498e-05,-3.23607596077806e-07,0.000638923301964244
67439.5179326655,-4.88464431277281e-07,-4.45345455640322e-05,1.33984157392694e-07,0.000537416168275594,-1.31085671791428e-08,-5.25783038228975e-05,-3.19165307826765e-07,0.000634522791541051
67907.2209986571,-4.81759385284677e-07,-4.42277753716469e-05,1.32145161240067e-07,0.000533714738652869,-1.29286435348135e-08,-5.22161734733618e-05,-3.14784000874306e-07,0.000630152589134319
68378.167654826,-4.7514637440146e-07,-4.39231189199377e-05,1.30331402815291e-07,0.000530038802983632,-1.27511891622192e-08,-5.18565373244143e-05,-3.10462838095295e-07,0.000625812486000832
68852.3803959518,-4.6862413542958e-07,-4.36205616323622e-05,1.28542535856598e-07,0.000526388185665068,-1.25761701811989e-08,-5.14993781961022e-05,-3.06200993856484e-07,0.00062150227483507
69329.8818728181,-4.62191422505922e-07,-4.332008903315e-05,1.26778218850429e-07,0.000522762712304143,-1.24035531762302e-08,-5.11446790268273e-05,-3.01997653858762e-07,0.000617221749759318
69810.6948932956,-4.5584700686448e-07,-4.30216867466001e-05,1.25038114966394e-07,0.000519162209709256,-1.22333051900632e-08,-5.07924228725299e-05,-2.97852014981546e-07,0.000612970706313817
70294.8424234306,-4.49589676601815e-07,-4.27253404963853e-05,1.23321891993115e-07,0.000515586505881964,-1.2065393717441e-08,-5.04425929058791e-05,-2.93763285129327e-07,0.000608748941447016
70782.3475885425,-4.43418236445706e-07,-4.24310361048593e-05,1.2162922227495e-07,0.000512035430008753,-1.18997866989071e-08,-5.00951724154674e-05,-2.89730683080306e-07,0.000604556253505854
71273.2336743282,-4.3733150752699e-07,-4.21387594923703e-05,1.19959782649582e-07,0.000508508812452874,-1.17364525146967e-08,-4.9750144805013e-05,-2.85753438337128e-07,0.000600392442226145
71767.5241279742,-4.31328327154519e-07,-4.18484966765787e-05,1.18313254386461e-07,0.000505006484746232,-1.15753599787114e-08,-4.94074935925653e-05,-2.81830790979646e-07,0.000596257308722999
72265.2425592773,-4.2540754859321e-07,-4.156023377178e-05,1.16689323126084e-07,0.000501528279581326,-1.14164783325774e-08,-4.9067202409717e-05,-2.77961991519719e-07,0.000592150655481329
72766.4127417709,-4.1956804084514e-07,-4.12739569882327e-05,1.15087678820115e-07,0.000498074030803256,-1.12597772397841e-08,-4.87292550008224e-05,-2.74146300757999e-07,0.000588072286346419
73271.058613862,-4.13808688433627e-07,-4.09896526314899e-05,1.1350801567231e-07,0.000494643573401774,-1.11052267799023e-08,-4.8393635222219e-05,-2.70382989642683e-07,0.000584022006514543
73779.2042799737,-4.08128391190297e-07,-4.07073071017373e-05,1.11950032080264e-07,0.000491236743503399,-1.09527974428836e-08,-4.8060327041457e-05,-2.66671339130209e-07,0.000579999622523675
74290.8740116972,-4.02526064045042e-07,-4.04269068931342e-05,1.10413430577943e-07,0.000487853378363574,-1.08024601234351e-08,-4.77293145365315e-05,-2.63010640047856e-07,0.000576004942244237
74806.0922489501,-3.97000636818888e-07,-4.01484385931608e-05,1.08897917779011e-07,0.000484493316358898,-1.06541861154734e-08,-4.74005818951226e-05,-2.59400192958242e-07,0.000572037774869928
75324.8836011454,-3.91551054019674e-07,-3.98718888819683e-05,1.07403204320923e-07,0.000481156396979384,-1.05079471066528e-08,-4.70741134138385e-05,-2.55839308025669e-07,0.000568097930908605
75847.2728483651,-3.8617627464056e-07,-3.95972445317356e-05,1.05929004809793e-07,0.000477842460820797,-1.03637151729696e-08,-4.67498934974657e-05,-2.52327304884319e-07,0.000564185222173237
76373.2849425456,-3.80875271961273e-07,-3.93244924060289e-05,1.04475037766006e-07,0.000474551349577025,-1.02214627734393e-08,-4.64279066582223e-05,-2.48863512508238e-07,0.00056029946177291
76902.9450086679,-3.75647033352103e-07,-3.90536194591667e-05,1.03041025570583e-07,0.000471282906032518,-1.00811627448473e-08,-4.61081375150188e-05,-2.45447269083132e-07,0.000556440464103909
77436.2783459591,-3.70490560080561e-07,-3.8784612735589e-05,1.01626694412274e-07,0.000468036974054765,-9.94278829657061e-09,-4.57905707927221e-05,-2.42077921879895e-07,0.000552608044840842
77973.3104290997,-3.65404867120716e-07,-3.85174593692314e-05,1.00231774235375e-07,0.000464813398586835,-9.80631300547189e-09,-4.54751913214257e-05,-2.38754827129898e-07,0.000548802020927844
78514.0669094413,-3.60388982965121e-07,-3.82521465829025e-05,9.88559986882608e-08,0.00046161202563996,-9.67171081086158e-09,-4.51619840357242e-05,-2.35477349901966e-07,0.000545022210569828
79058.5736162311,-3.55441949439338e-07,-3.79886616876673e-05,9.74991050726245e-08,0.000458432702286177,-9.53895600953036e-09,-4.48509339739933e-05,-2.32244863981074e-07,0.000541268433223806
79606.8565578463,-3.50562821518993e-07,-3.77269920822336e-05,9.61608342934036e-08,0.000455275276651014,-9.40802325084883e-09,-4.45420262776747e-05,-2.29056751748673e-07,0.000537540509590257
80158.9419230357,-3.4575066714935e-07,-3.74671252523435e-05,9.48409308094001e-08,0.000452139597906235,-9.27888753193471e-09,-4.42352461905658e-05,-2.25912404064693e-07,0.000533838261604576
80714.8560821713,-3.41004567067351e-07,-3.72090487701687e-05,9.35391425845691e-08,0.000449025516262623,-9.15152419288579e-09,-4.39305790581141e-05,-2.22811220151138e-07,0.000530161512428554
81274.6255885071,-3.36323614626105e-07,-3.69527502937107e-05,9.22552210399807e-08,0.000445932882962826,-9.02590891207858e-09,-4.36280103267174e-05,-2.19752607477302e-07,0.000526510086441944
81838.2771794484,-3.31706915621773e-07,-3.66982175662044e-05,9.09889210064323e-08,0.000442861550274238,-8.90201770153085e-09,-4.3327525543027e-05,-2.16735981646537e-07,0.00052288380923406
82405.8377778279,-3.27153588122846e-07,-3.64454384155268e-05,8.97400006777162e-08,0.000439811371481946,-8.77982690232815e-09,-4.3029110353258e-05,-2.13760766284604e-07,0.000519282507595459
82977.3344931927,-3.22662762301735e-07,-3.61944007536089e-05,8.85082215645201e-08,0.000436782200881711,-8.65931318011232e-09,-4.27327505025025e-05,-2.10826392929527e-07,0.000515706009509656
83552.7946230977,-3.18233580268709e-07,-3.59450925758529e-05,8.72933484489656e-08,0.000433773893773007,-8.54045352063255e-09,-4.24384318340487e-05,-2.07932300922987e-07,0.000512154144144918
84132.2456544116,-3.13865195908069e-07,-3.56975019605522e-05,8.60951493397616e-08,0.000430786306452095,-8.42322522535649e-09,-4.21461402887036e-05,-2.05077937303179e-07,0.000508626741846095
84715.7152646274,-3.09556774716609e-07,-3.5451617068317e-05,8.49133954279791e-08,0.00042781929620517,-8.30760590714228e-09,-4.18558619041219e-05,-2.02262756699169e-07,0.000505123634126521
85303.2313231867,-3.05307493644257e-07,-3.52074261415021e-05,8.37478610434231e-08,0.000424872721301522,-8.19357348596908e-09,-4.15675828141377e-05,-1.99486221226675e-07,0.000501644653659965
85894.8218928089,-3.01116540936934e-07,-3.49649175036405e-05,8.25983236116115e-08,0.000421946440986775,-8.08110618472677e-09,-4.12812892481026e-05,-1.96747800385301e-07,0.000498189634272642
86490.5152308334,-2.96983115981538e-07,-3.472407955888e-05,8.14645636113315e-08,0.00041904031547615,-7.97018252506258e-09,-4.09969675302267e-05,-1.94046970957161e-07,0.000494758410935269
87090.3397905676,-2.92906429153082e-07,-3.4484900791424e-05,8.03463645327887e-08,0.000416154205947787,-7.86078132328537e-09,-4.07146040789259e-05,-1.91383216906915e-07,0.000491350819755187
87694.3242226474,-2.88885701663904e-07,-3.42473697649759e-05,7.92435128363192e-08,0.000413287974536111,-7.75288168632521e-09,-4.04341854061718e-05,-1.88756029283157e-07,0.000487966697968532
88302.4973764047,-2.84920165414967e-07,-3.40114751221883e-05,7.81557979116745e-08,0.000410441484325241,-7.64646300774898e-09,-4.01556981168476e-05,-1.8616490612118e-07,0.000484605883932459
88914.8883012464,-2.81009062849181e-07,-3.3777205584115e-05,7.70830120378585e-08,0.000407614599342443,-7.54150496383002e-09,-3.98791289081079e-05,-1.83609352347052e-07,0.000481268217117422
89531.5262480405,-2.77151646806754e-07,-3.35445499496677e-05,7.6024950343518e-08,0.000404807184551637,-7.43798750967196e-09,-3.96044645687429e-05,-1.81088879683026e-07,0.000477953538099509
90152.440670515,-2.73347180382504e-07,-3.33134970950759e-05,7.49814107678727e-08,0.000402019105846935,-7.33589087538536e-09,-3.93316919785465e-05,-1.78603006554242e-07,0.00047466168855282
90777.661226663,-2.69594936785158e-07,-3.30840359733511e-05,7.39521940221838e-08,0.00039925023004624,-7.23519556231703e-09,-3.90607981076899e-05,-1.76151257996709e-07,0.000471392511241912
91407.217780161,-2.6589419919855e-07,-3.28561556137541e-05,7.29371035517452e-08,0.000396500424884873,-7.13588233933059e-09,-3.87917700160985e-05,-1.73733165566552e-07,0.000468145850014282
92041.1404017939,-2.62244260644752e-07,-3.26298451212672e-05,7.19359454984007e-08,0.000393769559009256,-7.03793223913844e-09,-3.85245948528337e-05,-1.71348267250508e-07,0.000464921549792916
92679.4593708925,-2.58644423849059e-07,-3.24050936760685e-05,7.09485286635694e-08,0.000391057501970632,-6.94132655468348e-09,-3.82592598554783e-05,-1.68996107377641e-07,0.000461719456568873
93322.2051767786,-2.5509400110684e-07,-3.21818905330116e-05,6.99746644717825e-08,0.00038836412421883,-6.84604683557092e-09,-3.79957523495272e-05,-1.66676236532283e-07,0.000458539417393937
93969.4085202226,-2.5159231415221e-07,-3.19602250211071e-05,6.90141669347142e-08,0.000385689297096075,-6.75207488454844e-09,-3.7734059747781e-05,-1.64388211468156e-07,0.000455381280373304
94621.1003149089,-2.48138694028506e-07,-3.17400865430099e-05,6.80668526157099e-08,0.000383032892830839,-6.65939275403503e-09,-3.7474169549745e-05,-1.62131595023685e-07,0.000452244894658331
95277.3116889132,-2.44732480960537e-07,-3.1521464574508e-05,6.71325405947964e-08,0.000380394784531729,-6.56798274269696e-09,-3.72160693410314e-05,-1.59905956038464e-07,0.000449130110439331
95938.0739861886,-2.41373024228591e-07,-3.13043486640165e-05,6.62110524341751e-08,0.000377774846181434,-6.47782739207111e-09,-3.69597467927663e-05,-1.57710869270876e-07,0.000446036778938415
96603.4187680637,-2.38059682044164e-07,-3.10887284320737e-05,6.53022121441839e-08,0.000375172952630688,-6.38890948323409e-09,-3.67051896610003e-05,-1.55545915316837e-07,0.000442964752402385
97273.3778147489,-2.34791821427403e-07,-3.08745935708423e-05,6.4405846149729e-08,0.000372588979592303,-6.30121203351741e-09,-3.64523857861235e-05,-1.53410680529666e-07,0.000439913884095681
97947.983126856,-2.31568818086216e-07,-3.06619338436127e-05,6.35217832571733e-08,0.000370022803635215,-6.21471829326734e-09,-3.62013230922842e-05,-1.5130475694104e-07,0.000436884028293366
98627.2669269249,-2.28390056297059e-07,-3.04507390843109e-05,6.2649854621681e-08,0.0003674743021786,-6.12941174264937e-09,-3.59519895868123e-05,-1.49227742183053e-07,0.000433875040274172
99311.2616609643,-2.25254928787342e-07,-3.02409991970086e-05,6.17898937150074e-08,0.000364943353486002,-6.04527608849628e-09,-3.57043733596455e-05,-1.47179239411323e-07,0.00043088677631358
100000,-2.22162836619459e-07,-3.00327041554382e-05,6.09417362937323e-08,0.000362429836659525,-5.96229526119964e-09,-3.54584625827608e-05,-1.45158857229175e-07,0.000427919093676963
